AAGTCCACGGTGATAATACC	0
GTGATCCCGCACCGGCATTC	0
AGACGCAATGAAAACCGAAA	0
CTTCCAGATACTACATCATA	0
AACTAAGCACCATCTAAACT	0
TAAGAAGAATTTTTTGAGTC	0
CTGATACTTGATTGGACAGC	0
AGCACCGAGAGCTGCCCTGA	0
GCAAAATTACACGCGTAAGA	0
TTAATTAACAACCTCTTAAT	0
GTATAACATGAGAGCCCCAG	0
TAAAGAGGAACAACAAAGCT	0
GGCGAGTAATCCGAGTTAAA	0
TTCCTTAAAAACCACAATGG	0
TACACACACCTCAAGCCACC	0
CACCATAAAGACGGAGCTAC	0
GGACACCTGTTGTACATAAC	0
CGAGAGTTACCAAGGACTGG	0
GTTATAGGTGAAATCGGCCT	0
GCTATCCACATCAGAATGTA	0
ATCCGACCGAACCGAAGCTG	0
ACTGCCTGTACCAGATAGGA	0
GAGCATGTTCTATCCTCGAA	0
CTAGACGCCTTCTTAACATT	0
TGACGTGTAATATTCCACCA	0
AGCCCAGTACACAAATAACT	0
TGTCAGTACTCACGTTAGTG	0
ATCCGATATGGCGCTTGCTC	0
GGCTTACCGTTTTCTACTGG	0
GTCCCACAGCCTGCCTCGTA	0
AACTTAATACTACCGGCCAA	0
GCTTAAACCTACCCAAGCAA	0
TGATCGCCAACGAATATCAT	0
ATGTCAGATATCTAGCCCTG	0
GTACAGACTTATATGTCACA	0
GCGATAGTCCAATTGAATAA	0
AACATAAAGCGAGTGAAGCC	0
AGCTGTTACCTCAGGTATGC	0
GCCCCCTCCTCAGTTCCACA	0
GACCTACAGAGGGCAAGCTA	0
TTTCGCAGCCAGCGTGAAAA	0
AGCCGTTCCGTATGACCTCC	0
GATTTTTCACTATCATTAGG	0
TTAGCTAGTCTGGCTACATG	0
GCGCCCGCTAGCACTTAAGG	0
CGTGAACCACTCTCCCCTTG	0
ACCCCAAAAAAACCCGTAGT	0
TTCTGTCCGATAAGCCCCTG	0
ATCAACCTGGTAGGCTTACT	0
GATTTATGGGTACCGCTACT	0
AACCGATAGTGAATTCACGC	0
AAAGCGGGGGACCTGAATCT	0
AACCCGCGGCACAACTAGTC	0
TAAGAGCCTACTGTGGCTTA	0
AAGGCCCAAAAAGGACTGGT	0
TCGACAGGCTATCTACCAGC	0
AAGACTTACATAGACAGGCT	0
GGTGTAGGGTGTGCGAAAAG	0
ACTTGCTGCGTGCCACAGTT	0
GCAACATGTAAACATAGGCT	0
GGATGCGGTTTTACAATGTG	0
TCGTAGGCAAACCGGATCTG	0
AAGAAGCATCCAACAGCCAA	0
GATAAACACGACAAAGAATT	0
TCGTGGGCACTACCTTAAGC	0
GTACCGAACATTGATGTTTG	0
GCGATGCACCCTCATAGGTG	0
TATATCAATGTACTGGAGAA	0
TCCAAAGTGTCATGTACGTG	0
GGGTGTTTAGAAATATGCGA	0
ATCCTTACACCAATGACGAC	0
GACGTTTGATACATAAAATT	0
ATTGTGACCAGCAACAAAAT	0
TGGCAAACTGTGTTTAACCT	0
CCTTAGCACCATGCCGAGTG	0
TGGTGAACGATGGTCTGCAC	0
TGCGTTAATCAAGGTATCGT	0
ATTAGAGTGTTCTTTAATGT	0
CAGGGTATCATATGGCTTAC	0
CAGCTACTGGAGTTGATATG	0
TTCAATCGGAATCAAAACTT	0
CGATGAAGCTAGTGTCGCTT	0
AGCCGGCATTAGTACAAAGG	0
GCGAACCGTAAATGCTTCAA	0
GCGCATTCTGGTCTATGCGC	0
GAAGGAGGAGCTAGCGCGTA	0
CCCGCTGAGTAGGCGCCCAA	0
ACCGTTAGTCCATCTGTTAG	0
TAGTAAACGCGTCTATGTGG	0
CGAGTGAGGTAAGAAGGTGC	0
AATGAAAATACTAATCAATC	0
GAACGGGGTAGCAGTATCCC	0
AGGAACAGGAAACCTACCGG	0
AACCCGCAATTAGGATTCCG	0
GAATCTAGTACAGCAACGAG	0
ATCTTTATCATTTGTGTCAA	0
CTCTATATGCCTGTCGCCTG	0
TGCCCCGCGCCGGGGTCTCG	0
ATAAGACAGGTAAACGCATC	0
GCTCATTCTCAACTCTCAAT	0
CCAGTGCAGATTGCTTTAGT	0
CGAAGATTAGGCCATGTAGT	0
AGCACATTGATTACGGTTAG	0
GACCAAGCTGCTGTATTGAA	0
TTAAAAATCCGGGCTGCATT	0
GTTAAACTACCAGGGTGACA	0
AAGAGCAATTATCGGCTGTC	0
ATTGTTATAACTTGTGTGTC	0
AAATCCAATAATTATATCAG	0
GTATCCGAGGTGTTTTGGTA	0
CGCTAACTGGGAATCCAACG	0
AATAGTCTAGACCTAGAGAC	0
GACACGAGGGGAGTACGGAG	0
CATTCACTAAGACCTCATCA	0
TCCAAAATACGGTGCAGACT	0
AAAGCTAGCCAAAAGACTCA	0
GAAAACAAGTAGCGCGCGAA	0
AAGCATAACTACCACCCAAG	0
CAAAAGCAAATTACCTGAGG	0
TTGTAGATAACACAAGCGGC	0
CGACACGTAGCCTAGTGCAC	0
TATATCTGGCCTACCGTTAC	0
TATAGCGTGCTACTCACAAC	0
TTGCGAAATCCAATCAATAC	0
AACTGCCTTGCTGTGATTAG	0
TTCTGAAAGATTATGCCATG	0
ATAGTGCAGTCACACACTAC	0
AGAAAAGTGTGAGATGAAGC	0
GACAGCAACTAATAAGAAGT	0
AGACACTAAACTCCTGCACA	0
GCCTATATTGTTTGCCACAA	0
CGCTAGCTAAGAAAAATAAC	0
GATCATTCTTTCCTCACTGA	0
GCTCACAAAGAAGACCAGAT	0
TGCATGTGTCAATCCGCCGC	0
CAAATCAGTAAGATCACAAG	0
TAGCTACCATTAAGAATTGC	0
GCATTCTTCTAAACGGGCGA	0
GACTGGACATGGGTCGCTCG	0
ATTAAATACATGGTGCAACA	0
CACATACTGACGTTAATAAG	0
GGAGGACAACAAGACGTCCA	0
CGCTCATCAACCGAGAGGTA	0
AAGGCCAGTCCTAGTCAAGA	0
ACTCCTGCATATAAAAGAGA	0
TCGACCTCTGTGGGGCTTTT	0
AGTTACCGAAGATGAGGTAC	0
CCTACTTATGCTCCACGCCT	0
ACAATGCTCACCCACATTAC	0
GAGTGCACATTCCCCGATGT	0
ATCGCCAGAATTCTTTACAC	0
GTCCTCTCCCATTGTTCCAT	0
AGGCTGACATTCCATATAGG	0
AGACAGACGGTTGGACCCCC	0
AGTGGGGCGCGCTCGACACA	0
TTCCTCCCAAATGTCCCTAG	0
CATGGCACTGAATCTATAAT	0
CTCGATGATTTTCGTTACTA	0
AATTCGCCACAAATCGTACT	0
TTACGACCGTAATTACCTTG	0
CTGGGAGAATATGATCTGAC	0
AGACATGGTCGTAGTAGAGA	0
ATCCTTATGAAGGCGGGCGA	0
TCTCTAGAGATTATCTAGAA	0
AAAGTGGACTCAAAATCGTA	0
CGCTTCCGCTCTACGCAGAG	0
AAACCGCATGTGCACTTAAT	0
CGCACTCTTTAGCCCAAACG	0
TAACCACATCATTGTCAGTC	0
CTGCGTATGTAGTGAAGTAC	0
TCAAACTTCCCAACACTGGC	0
AGAAAACGACGCTACAGAAC	0
GCCACTGACGGAACCGACAC	0
GTGAATTTCATCTGATGTAA	0
ACGATGAACCGACCACTTAG	0
AAAGAGCATTAGATCTCCCG	0
CGATTTCGACGGCACTATTT	0
ACCCCGCCACTCGCGCGAAG	0
CGACGCTTAACCGTGATACA	0
GTGCTATTACTCAACACGTT	0
AGATGCTGCTGGTCCTGTTT	0
TTACTTCATGGCAAGCGATA	0
AAAGTACCTAACCCGACGTT	0
TATTTCCTGTGAGGTATAAG	0
CTTACATAGAAAGGCAGGCG	0
ATAGCTTAGGAAATCTACAG	0
CGTGACAAATATAGTAAGAC	0
TACTAATAATCTTAAGGGAA	0
GATCTAAATGCAACGTCACA	0
AGCAGACGGGCACACAAGTC	0
ACGATGTAAAATATGAATTA	0
TCTAACAGCCGTTTTCCAAC	0
CTCGCTCGTAAACGGGTATG	0
ATAAGATCGCACTAAACATA	0
GTAAGTATAGGCGAAATTTC	0
CGCGTGACACAGCATTTTCC	0
CAAGTTTGGAAGGACAGTAA	0
CCCAGGCGAGCCATCAAGTT	0
AAAACGCTCAAAACCCGACA	0
CAAGCACACCCGGACACCGA	0
GATCCCCAGGTGCCCTCTTT	0
TCCATCAATTCACCAGACAA	0
ACTCGGCGCGGCCCAGCCCG	0
AGAGCTTAGGCATTGGAATC	0
GCACTGTGTTAATTGAGATT	0
ATGCTATAAGTTTTTTGGCT	0
AATTATGAGAGAGCGAATGG	0
TAGGTTTACCACAAGTGTTC	0
GAAAAGAACAGCTAATGCAA	0
TCCTGCATAAAATTGTAGGC	0
AACTGAGACTTGACCTGTCG	0
ATCGCTAATGATCAGCTACA	0
CCCAAAAGTTTAGGAGCAAC	0
TTGAACCTATATTATCGGTT	0
CGCTACACGGTTAAGACCGC	0
GAAAGTGGGTCATGAAACGG	0
CTAATTACAAAGTGGTCCAG	0
CCTCAACCCCGAACCCAGCC	0
AGACTAAGTGAAGATTTAGG	0
GTACATATCAGGGATGTTAT	0
TTTATACAGTCTCCTGCGGT	0
GACCCGCGATAGCACACCAG	0
CTCACTGCGAATGTTAACAC	0
GCTCCTACCCTTCAAACGCA	0
CGCGACACACACACATTTGC	0
CTGACTGGATGCCGTATAAT	0
TGCATCCTTACATAAGTGAT	0
TTGGCAGTAATATCCCGACA	0
GGGTCTGAGCGCCGAAACAG	0
ATTCACAAGCTCATTAGAGT	0
CAACCTTATAAGGCGACCCC	0
AGACTCAAAAGGCAGAGTTG	0
GTTGCCCCGCCAAATGCATT	0
CCGTGAACTTGATGCTTCAA	0
GGTTTTAATCTGAGACTTTA	0
ATATAGGTATAACAAAGTAT	0
CCCATCGAAGACTCTCCCAC	0
ACGTAAAAAGATGGATACAA	0
TAAATCAACGTCTCGTCAAT	0
ACTCAACCAGCAATGGGCGT	0
GTTAGTTAACATAAGGATTA	0
CTCATAGAGACTTTCTAACG	0
AAGCAAACGCAATGGACTAC	0
CGGGTCCTTTCCGATCCCCG	0
GACGTGGCCAATGATGGTTT	0
ATGAACGTAGATAACGCCTT	0
ACGTTTGACTCAGTTGTAGG	0
TTGGCTACACATCCCTCTGT	0
TCAGAGGACATAATGACATG	0
GATGAAATTCACCTCTCCGA	0
ACCGATGAAAAAAGAGGATA	0
AAGAAAATGCAGAGCAATGA	0
TCATTGGAAGGATATTTGAT	0
ACATAGCCAAACACTCACGT	0
ATAGCCACTTCGGTCTGCTG	0
TCGATTCTTACCCACGACAT	0
TTGGTGCAATGGCTTTTCTG	0
GACACGATCACTTAGTAGCA	0
TAATCTTAGATCGACCCCAT	0
GTGGAAACGGAAATTGAGAG	0
AGTGTCAGGAAAATTTGTCC	0
CTAAACGGCTTTATATGCTT	0
GAATTAATTACGGACCAATA	0
TCGGAGCTCGCTGAACATGC	0
ATAAATTACATTGATACCGA	0
GACCACAAAGATAAGTATCA	0
GATTAGTCGGCTTTTCCAAT	0
CAGCTGAAAAACCCAACGCG	0
AGAGCGCAGCTTTTTATTCA	0
CTCTACAAAACGAAGTCCAT	0
TCAGACCGGCTACCTCCACG	0
CCGCTACTGTAAGTGCGACC	0
TTCTTTGGACCACTGTCGTC	0
GCTGAGGATGCGTATCCCGA	0
CGCAACGAACAGCGATGCCG	0
ACCACTACAGGCTGATTTTG	0
ATTACAACCTCCACCCGTGA	0
CCGACGGTCTGTCTGCCGCC	0
TGTGAAAGAGTAGAATTGGA	0
ACTTTCTCCGCGATGGGGAT	0
AATATTGCGCGCACCCAAGT	0
AGTGGATCGTTACCCGGCGC	0
CGGGTTTAGGGGAATATCTT	0
GTAGGACCGTCGTACCCAGC	0
CGTAAGGCAGCTCTGAACGT	0
TACTCAATTTCTAAACCCAC	0
CTGAAGTTATAACTTAAGTA	0
CGACTGTTTTTAGACAAAGT	0
TTCTTCTGCAATAGTTATAC	0
ATTTATGAAGGACGATCCCT	0
TCGCTAGATGGAACTAATTC	0
TATATACACCAAAGATTTTG	0
GAAAAGATGTTCCAATCGTT	0
CAACTTTTGCAAGCAGCTTA	0
CACCCACACCAAGTAGCGCA	0
CGCCTACCTACGGCCTTCAT	0
CGAAGGGACAGAAACAATGA	0
GCATCAAGAGTTGCACGCGC	0
ATTGGATTTAGCAGCAAACC	0
ATACGCCCAATCCACGCCGA	0
GATCAATAAGAGGAGATAGT	0
ATGCCCGAAAATTACGCAGT	0
ACGACGCAAGGGATGGCAAC	0
AGTGTAACCCTTACCACTGA	0
AGCCAGTGAATGGCGATGCC	0
ACGCCCGCAATGACTAAACC	0
CTCAGCATCCTACCCGTCAG	0
CAGCTTGGAGAAACCACTAA	0
CATCACCGCCCTACGGGGTG	0
ACTCGCCTCCAGTAGGATGG	0
TACTTACTCCGCGATTCAAC	0
TAAAATGTACATCGTATGGC	0
GATTAGACTTCTGCGGCAGA	0
GGTTGGATCCAAAGATCATG	0
TTACAGAAGTAGTTCTCGGT	0
ACCAAGGTGCGTACACCAGA	0
ATTACACCATACAACAATAT	0
AGAGTTTGTTTATTAGTATT	0
CAAGGCTGGGCACGTACTAG	0
CACACCATTTATGAACCTTT	0
ATGACTCTAACTAACACCCG	0
TGCGCAGTTAGCAAATGTAG	0
TGCAATACTGGCTGCGACAA	0
TATTTTCCTTTGGCTCAGAT	0
GATCTCTACAGTCCGATTTC	0
TGCACCTTGTTTAGCCGCAT	0
CCAGCGCTCCGGTAGTTGGA	0
CGCACAAGACAATTCCGCGC	0
CTAAAGGGGAAAAAACAGGC	0
CCGGTATGATGAGGTAAGAA	0
CGCGCTTCAAGCTATAACTT	0
GAAGTTATTCCAGCGGGGCA	0
ATTACATATTGGGGTATGGA	0
TCATATGTATATAAGATAAC	0
TTTCCACTGAACAAATCACA	0
GAGTAAAACTTGAAGACCGA	0
ACGTAGTCTAATAAGATCAG	0
TGCTGTACATCCGTATGAAC	0
GCTGCAATAGTCGAGCCAAA	0
TTCTTGATATCGGCTTAACG	0
AAACGCAATTTAACCGAAAA	0
TACCATAGCCCAGCCACTAA	0
CTAAAAATTTTCAATGGGTG	0
TAGAACAATGAGACTAATAA	0
ACCGTCGTAAGTAGGTAGGA	0
TCTGCCGCTGCTAATATCCA	0
AGCGGACGTCCTAGCCAACG	0
ACTTGACCAACACCGCTAAG	0
GAATCAACCTATAGCACGCA	0
CAACTCATCGCCCACACCAC	0
CCGCCTATCAATACATTCCC	0
CTTCTATACTCTTAAATTCC	0
TCAACCCTCAGAGAGTTACC	0
GCAGTTTTCCCGACACAAAA	0
GGTAAAACGTGGCTTCAATA	0
ACTGACGAGAAGCGTCAAAT	0
GCATGTCATGCTTGATACTA	0
AGCACGAGCCAGATACGTTT	0
TGTAAACAAACCCACCACCA	0
GCAAGAATCAGTCTTTACAC	0
TATACCACCCTGTGAGTAAA	0
CTAACGATGCTATTTGTAGG	0
CGACCAACGAGATTACCCAC	0
TTGTATAACGCGAAGTTTTA	0
CGAAACGGCTCAAATAGTCA	0
GCCCACACATTACGTCTACC	0
TTTGGAGCCAAGGTTAAGGC	0
TAATCACATATCGTAAACTG	0
GTCTTATAAGTACACCGGCC	0
CGTTAGCAAATTCGCCTCGC	0
TGGAACATGTAGATGACTAC	0
ACTATTAACTGTCTGATCCC	0
TTCCGACATCGCGGAAACTA	0
GCTACAATAAACCTATCGAG	0
GGGCGTGGCCGGGTGCATTA	0
TTGCCAAGATTGATTGATAG	0
TCTTCGCATGACACCATTAT	0
ACCTACCGCGTTGTAACATT	0
GCGGCAACACGGATTCCATC	0
GATTTTGCGTAAAAAATATG	0
TAATTCGCAAATCTGAATAA	0
ATGCTTTTATCATGCTTGCA	0
TCAAGCTCAGTAATATGGGT	0
CCAGCAACAACTTTTGAAAT	0
CTAAGTACGGGCGACCATTG	0
AATTGTACCAACTAGAGGAT	0
TTGTGCATTCCAAGATAATT	0
CATGAACCAAAGATGTACCC	0
CTCCACAAGGAAACCCACAA	0
ATTATATACACGTTAGGGAG	0
ATTGTGTAACAACCCCATTC	0
CACAGGGCACGCTCGCCTTG	0
ATACAGCCATATATTGGAAT	0
GAGCGGTATAGCGACTAGTG	0
TGCTTGCTCACATACGCCGG	0
CGGTTTTAGACCATTTTTAA	0
CCCTTTTAGAAATCGCTGCG	0
TCACAGGCGGGCTGTTTCGA	0
TTCTTGATTAAGCTTGGGCG	0
GCAATGTTCACCGATGGTTA	0
CATGAAGGGGACATCCATGC	0
AGCCAAAATACGACAAATAA	0
CATGAAGCGCAATCTGGACC	0
CACGGACCAAAGGTCGCTTA	0
ATTGATCAGTCGGAAGAGGA	0
CCTTAGTTAAAAGGTTGGCT	0
AGCTGTAAGTACACCAATCC	0
TCCGCACCACGCATTTAATT	0
GTATACAAGACTGTATATAG	0
TTTCTTAATGTAGCCAATGC	0
TTTACGATATAGGGTAAAAA	0
GAAGAACTGTTTTGTCAAGG	0
CCATTTTAGACACCGTTAAA	0
CCAGGACGAGAGACTCACCA	0
CACACAAACTAGGAACGACA	0
GCAGATGGGGACAAATTAGG	0
TAAAGGGAACTATTAACCCG	0
TATTGTAGAATAGAACGTTT	0
CCGCATCGCCCGTGTAGTAG	0
AGACACAACCTATCACTGCC	0
GCAATGAAGAGTGGGGAAAG	0
GACAGTTCCTATTCCAGAGG	0
GTAGACAAAACTAAGAGCAC	0
GTAACCACCTAACCTGGAAC	0
ATGTAATTCGCACTACGTGG	0
CTTCACCAGGTTCTAAACTT	0
AAGACACAGTGCGGGCTGAT	0
TTTGTGGACTCAGTGATAGG	0
GTGGCTATTGGAGTACCTCG	0
AGCATTCGCTAACATCATAT	0
TAAAACCTAAACATCTACCA	0
GCATAGAGCATGAAACTGCC	0
TTTCTAGTCCGAGCAAATTT	0
TTAGAAATCACATACAAGCG	0
AGCCAATCCAATCGCATAAG	0
GTCAACAAACATTCAAGTTC	0
CAAAGATTCCCGTCGAAGAC	0
ATTTATGACATGGGAATGAA	0
CTCACAGCTTGTTCTCGATC	0
AGTATCTATCACCTGCATCC	0
TTCGGAACGCAGCTTTACAC	0
TGGGACCACACGGCAACGGG	0
CATCTCGTACACACACCTTT	0
AGGCATGCGACAACATTTTA	0
TAGAGAGCGCCATTCTGCCG	0
GGTATCCACTGATCAATAAA	0
GCCCACGCTTTTCTCAAGAC	0
CATCTATATAACGAGTGAAA	0
AAAACAAGCGGAAGATTTAG	0
GGTCATCAATGATATTTGAA	0
CTATAAATCCGTAGCATTCC	0
ATTGTTCTCCAGTTTAAGTA	0
AGGGATCTATACCTACAACG	0
GGTCATAAAAAGTCAAAAGG	0
GATACGACTAGATATTAGAG	0
GTGATGAAGAAATTACGGGT	0
TCTCTCCATAGCCCGGAATG	0
TCCGACATCCACGCCAAGGA	0
GATCCGAGAGGTAACTTAGA	0
CATTTGAGAAAGGGCGTACT	0
ACTTATTAAGTATAAGAACC	0
GACTCTTCACGACCTCCCCG	0
TGAATAAAACCAGATCAACC	0
TACCAATAGAGTCATTAGCG	0
AGGAGAACCCTATCGACCTC	0
ACTGATTAAAAAAGAGTCCA	0
GCGAAAAGCAAATATCCAAA	0
TTCCTTGAATCACCCGCTCG	0
AGGTCTACTTATAATACCCC	0
AAATGTCACGCGGCTAAAAA	0
TCTACTTACGCTGTACTGAG	0
CACCTGCAATATGCGTGGAA	0
GTAAATACAAACTCCGGAAC	0
GACGAAACCGGCTTTTACGT	0
ACGCTCTCACATAATCGCCT	0
TTATAAACTGATTCGTCAGA	0
GAATGCATAAAAGTCCCGCC	0
GGGAGTAAGTGTTGGGGCCA	0
AAAGAGCTACGTGTTCCTAG	0
AACAATGACATAACAGCGAA	0
CATTGCATCGCTACCGGCGT	0
GTGACAAATGTAGATGAGCT	0
AAGAGCTCCAGAAGAAACCG	0
TGGGCAAAAAGCACTTCCGT	0
AGAGACACTGGCCATCAATA	0
CGGAGTTTGCTTCCCTCTCG	0
CTCTTGTATACATATTACAA	0
GCTACGTGAATTGAGTCTGG	0
ATCCGCGAAATTAAGAATAT	0
CAATTACCCGTAATAGCTTC	0
TGAAAGACATATACACACGC	0
CAGCTGCAATTGGATGATGG	0
GAGACAATATATGACGTAAG	0
AAATTGAAATTTGAGATTCG	0
CGAACCGCCTGGGTGGAGAT	0
TAAGAAAAAAACTTCGGCCA	0
TCTCTGCGCCGAGGGCGCTA	0
CACCTCGCGGTCCAGTTTTT	0
GAGAATAGCAAACGTTCCGG	0
ACGAGGTTTTGTATAGGTGT	0
CGCGGAACTGGAGGCCACTA	0
ACAACGTTCGGTAGAATAAC	0
TTAGCCGTAACATTTTAAAC	0
AGCGATGTGAAGAGGGGTAG	0
CACGCCCGGAGAACAAGAGA	0
TGGCAGCGCTACGCTAAGAC	0
TCAGCCTTAGTCCGCTAAAC	0
AGAAGGCGCTAGCACGCCAA	0
ATCCCTGACACCTCACTGTC	0
AAGACTCCTTATGAACTGGA	0
TGAATAAGATAACGCGCGTC	0
ACACCTCGAGAAGCTTCTGT	0
TCAACCAAAGCACCTCAACC	0
GCAGAATACCATGGAACTCG	0
ACAGATCACAAATGAACAGT	0
AGGCAGGCTCACACCCGGAG	0
GCACGAAGCAATGGTCGACA	0
GCGGTCTTGACACTCTGGAG	0
CAGCTTTCACAATAACGTGT	0
AGCGCCCTCAAGCCTCGAGG	0
ACTAGAGCACCCCCGTTAAC	0
GTTTAAACCTAACGGAAAGG	0
CAAGGATGCTCCTACGATGT	0
ACCTTATTTTAAAGATTGAG	0
TCTAGGTACTCGGTTTCTTA	0
TCACATTTACCTATCATGTA	0
ACGAGGTGCATCTGGTAATA	0
TCCGATACAACAGAGTCTGC	0
TAAATTTAGAAGGGAAAAGA	0
AGCAACAACAGGGACCATAA	0
TCTCCAAAAAACCCCGCATC	0
GTGAGAACAACCTCGAAAAA	0
CCATCAAGGCCGTTAACCAC	0
ATAAATTTTACACTCCTCCC	0
TTAGCGCTGGGTCAGCCGTG	0
GACCATTACAATCCAAAATG	0
AGCGGTACATAAGGACAAGT	0
TATGTAGGCAGCTCAGGTGC	0
GACAAAACAAGTATGTCCTA	0
CTAAAATGACGCCGGCATGA	0
TATTATAGGGCCGAATAGTA	0
GCATTATATGATCTAGAATC	0
TTTCGCCTAGCGAGCGCGAT	0
CTTGTTAACTGGGCAACCAA	0
GCCTTACACCAAGAAGCTGC	0
AAGATGCCAATGCACCACGC	0
AATAACAGCATAATTTTCAG	0
CAATACCTCTCATAGCTAAC	0
TCACCACAACGCAGTCCGAT	0
TATAACACAGATCCGTAAAG	0
GTCCTAATGCGTTTATCAGG	0
AGTGCCTTACAACTCACCCA	0
AATCTCCCACACCTGCATGC	0
AGTCATGACACATCCCCAGC	0
CAGGAACCCTTCCAACAAAA	0
GCACCCCCAACCGACATTGC	0
ACCCTAAACAGAATTTTGTC	0
TTACATCCTGTTTTGGTAGA	0
AAGACGATGCAAAAGTGTCC	0
AATCTCGAGATGAGTGCAGT	0
AAATAATGCTGTACATTAAG	0
ACCGTCCCGAATTACTGACT	0
TGTAGATATCTACTATGAGA	0
GCCCAAAGCTGGCTGGTCCT	0
ACGCTCCCACGGATTTATAT	0
ATGAGTCTGCAACAAACAAA	0
TAGATGGAAAGGAGATACAG	0
AATTACCAGACTGTGTACAG	0
GAAGACAGGAGGGTCCACGC	0
ACCCCTCCGTGAGTGCCAGC	0
CCCGTAATCACCGAAAATAG	0
TTGTTACCTACGAACGGATC	0
TCAGGCTGAAGCTTTAATAA	0
TCCTTTGGAGCCCTTGTTCC	0
AATAAACTAATGTTACCTAC	0
GAGTCTCGAAATAAGAGTAG	0
CAATCCGGGATTCGTACCCC	0
AAGAAGCGATTTGGCACCCC	0
TCGTGGTTTATTCAAATTGG	0
CACTGAACCTAAGTATGAAT	0
GAGTTGACAACTAGAAGGCC	0
TCCAGAAAAATCAGCTAAAC	0
ATTGTAAACACGGTAGGGAA	0
AACGAAAATAACGCGAGCAC	0
CTACACGCAAGTACCAGTAG	0
AAGCTTCTAGGTTACTTCCT	0
GGTAATTTTGAGATATCCTA	0
AGGGAGTGTCCCTACTTAAT	0
GCCATTCAGAGTCGTGGTAG	0
AAATTACCCGTTCTATAACA	0
CGCTCTCACATAAACGAAGC	0
AGCAGTGAGTTCCATTCACT	0
ACCGTCGTGCCAGGTGTACC	0
TAACTATATTCCGAGGATAG	0
TCTTTATACGACTTCAGCGT	0
TTAACTTAGAGGACGGGATC	0
ACTCCATCTGGAGATGTGAA	0
CATCTTCCCCCCGACCCGTA	0
GCTGGAAACTACACTTGTTT	0
ACACCACGTACTGCTGAGGC	0
TGCCCAACCCGTATTAAATC	0
AAGGACTTGAGAGGCTACGA	0
CATTGAGGCGCACACGCTAG	0
AAGCGCATTCGCTGTCGTGT	0
ACACATCCAAATGCTAAGTA	0
TGACAGCAACCTATCCTTTT	0
CCGCCGTGCCGAAAATCCAC	0
ACCCCTTCGCCTACACCCAC	0
ATTAGGTCCACACTTACTAC	0
AGAGAGAAAGGCAACAGCCT	0
TAATAGAATCAAAACAAACA	0
TGATAGGCCCGCTAGCCCGG	0
TGCCTAGTCCAACCCACTAT	0
TCGTGGGCTCTGAAGCCCCT	0
AGCGACACAACTGTACACCC	0
CTGGATGCGACGAAATGCAG	0
TATGCCATAGCAACTGTCCG	0
TCTGATGCTAGCTACCGAGA	0
GAGAGGCGTTCTTTCGACTA	0
CCCACATGAAAATCATCCTG	0
AGCGAATAACGTGATGCGAA	0
TCAGGATGAAGGGCTGTTTA	0
CCAAAAAGCCAACACACACC	0
TAGACCCAGATTACGATTTG	0
ATGCGATCCCCGAACAGGGA	0
ACCCTCCTCCTAATCAACCT	0
CTGTGTAAACCAGACAGGCT	0
TGCGTCTAAAGCCACTTTTC	0
GTGGAATTGTCATAGTATAG	0
TTTTTGTGAAGGGAAAGCGT	0
GCGATAAGTGAGGGACCCCC	0
TTCGTATTAAGGTATTACTT	0
CACATATACGACTTTAAAAA	0
GGTAAGTTATGGGAGACATG	0
TCTGAAAGGACCCGCGAACG	0
TAAGCGCCCGGGTACAAGCC	0
GACTACTGAATACCCAAGAA	0
GGGAGCGAAAGTTGACTTTA	0
ATAAATAAAGCGCCATATAA	0
TACTCCCGCTCATGATCAAC	0
CTACACTGGTTCTAAGGCAA	0
TCCACACCGAGAATGCACGA	0
TGTGTCGCTAATACTCGTCT	0
TCATCCACGAACAGCCACAA	0
TGAACTTGTACAATAGAAAC	0
CGGCTCGGACATTCATTTTT	0
CTCCGTTCTATGAGGCACAC	0
CCGAGACATATTGGTGTGCA	0
AAACGAGTATGCCTGACCAT	0
TCCGAATCTCGCGCTTAGTG	0
CGGTATAGGAACATCCAGGG	0
ATCGACGAATCGACAGTAGA	0
CCTGGCAAATGCATGCAGTG	0
ACTAACGCTATGCGGGTCAC	0
CAAGGACGACATGCCAAAAC	0
ACTGATTATATAACCAGACG	0
GATCAAACGAACAGTGGGGA	0
ACTTACAGGAAGCGTGCGAG	0
TATAGTCACGTCCAGCGCGT	0
AGCAATGGAATCTAAGCTAG	0
GATTTGGATATGCGGACAGT	0
GACTAAGGAAAGCCAGTATG	0
GTGATGATATACAACGCAAC	0
GATGTACAGAATATCCTTAG	0
ATTAATACATAGTTCCCACT	0
AACAATGAGTGGCTATTCTT	0
TAAACAGATTAGAAAACCCG	0
AAAAAAGTAATTAAAACAAC	0
ATCTGAATAGCGTAAACAAA	0
ACCTAACGTTATCTACATCA	0
GCCCAAGACGCTTTATGCCC	0
AGCGGTAACCCAATGAACGA	0
GCGACTTAACCGGTACACGG	0
TAATTACAAGAACACACACT	0
CACCTTCCCGAAATCTGTCA	0
GGCGCAGAGGCTGCTTTGTG	0
GAGAAAGTTACGTACCCCTA	0
ACGAAGGATACGATTCTCTC	0
GCGTGTAACGTGACGTCGAT	0
TCCATGTTAACGCGACATCC	0
CACTTTACGTTGCCGTCTCA	0
CACATGCTTTTCCGCCCCAT	0
GAAACAAAACACATCCCCCG	0
TAAAGCGAGTACGAACTTGG	0
AAGCACTTGGCGTCGAATCA	0
CATCGATACCTACTGTACAC	0
ATCTTCGCAAGGCAAAGCTA	0
GCGAGTTGAGACCATACTGT	0
GAATAATAGTTGAACATTAC	0
CGGAAGAATTTGTATGGATG	0
ACATGGCCCGGCCCATACTT	0
ATCAATCTCTTAATGACTCA	0
TGTGCGCGCAAGTCTATATG	0
GCTATCGGCGACGAAGTGCC	0
AAATAAAGCGAGTATCTAAA	0
ACCATGCCTAGGGTTGGGGC	0
CCTACCAGAACAGCCCCGCC	0
AGATGGCGAGCATGCGACGG	0
GTTTGACCATCAAGAGATCC	0
CAACTACGCGCCAACAGTAA	0
ACAAAACATAACCCTGAGTG	0
TAGTCCAGAACCATCTAGTC	0
ATTGAAACGGGATCAGTACT	0
GCGAATGCCCAGAGGCAATT	0
GCCATAATATCCCCGACCCC	0
AATGTAGAAAGCCTAATTTA	0
CTTGTGTGGAAAATTTAGTA	0
ACCAGCTTCCTTCAAGTAGA	0
GCAGTTAGGATTCGTCCCCA	0
ATATGAGTAGGAATTAGGAC	0
ATCATCCTCTCTTAACGGTA	0
GACGATCGCCACCCATAATA	0
TGCCAATAAATCCCTGTAAA	0
TCGTAATCGCAAGATTTGCA	0
CAAAACGGCGGCATCCCAGC	0
CCATCAATGGCGATGTAGTA	0
TCAAACGCTGCAGGGGTAAC	0
TTGGAAAATGGAATGCAAAC	0
ATTCTATGCGAAAACGGAGC	0
TTGAAAAGACGCACAAGTCC	0
CCGTGCCAATGTCACCAGGC	0
GAGCAAGCTGCCGCAAGCGC	0
TTGGAGCTATTAGGGATTCT	0
AGAGATTGTCACCACCTACC	0
TTTTAGGTAATTACGACAGA	0
TAGTACTGATACGTGTATGA	0
ACGCATGGGTAACATATAGA	0
TCACGAGTTACAACGTCAAG	0
GATGGACCTCCTTTAAGTTA	0
AACAAGTGGGGGTCGCACAC	0
GGACGCTGGAGGTCACCAGT	0
ATTCAAGATTCCCCCATTAA	0
ATCCACACCAACCAATTTTA	0
ACGACTCAATCGAAAAGCAG	0
GGAAAGACATACTTGGCGCG	0
ACCGACACAACAATCTGCTC	0
ATATTCTATTCCCCTACGGC	0
TCTATTATAAATCCAATGCT	0
CATAAATATTTGTCACGGTG	0
ACGACCTTATGCAGGCCACT	0
AGCCGCCTCTCAAACCTCCT	0
TACAAACCCAGCATAATGCC	0
ATGTTTTGCCCAGTAGAGGA	0
CTTTTGTGGTGACATTGCCC	0
CAATTATTTGCACTTTGTGG	0
TTCCGAGACCGACGGTTAGC	0
ATGCGGTGCACGGGGTCAAT	0
CCTAACTATATACGGAGGCA	0
GACATCTGCAAACGTCAGGG	0
TAGTGCACTTACACCCCAAC	0
TCAAATGCCAACGTTCAACG	0
CCCGGGCCCATCTTTGACAC	0
CTACCTTCTTAGTGTGCCAT	0
GTAATAGTGACACGTTATAC	0
TGTCAATGCGTGATCAACTC	0
TCCCTATCGACACCTGAACA	0
AAACCGAGGATGTCTCCCAG	0
GCTCCGTTTTACGTTACTTA	0
GGAAATATGGCAACTACCGC	0
GCTAACTGATGGGCGTTCTC	0
GCCACATGATTGACCGTACA	0
GTAAACCCTCCCGAACTACA	0
TAAGGATCGAAAAACTAGGC	0
GGCGCGAATTGTTATGCTCC	0
GAGTCCCATCTCCACCCGTA	0
AGCTCTACATCTTGCGCAAC	0
GATGGCTTACTTCTACATCA	0
GATCTCCGTTCTAGTGGCGA	0
CGCAACCAGTTTGTTTATAG	0
TCACTGTTTCTGTGCACCAG	0
ATAGATGACCTAGCGGCATG	0
TAGAACCGCTGATATACACG	0
TGTTGCATGCTAAATAGCTC	0
TAGGTCTTCGCCCTGACTAC	0
AGACGGGCGGTGGCTACGAG	0
CCAAAACATGGAGGATGGGC	0
AAAGGGATAGCATTCTTTTA	0
CCATCTCATCGCATGCAACG	0
TTGAGGAGATTGTGAGATAC	0
GTTCAGCTATGCTGAGTCTC	0
ACGCTGATCCACCACGCGAC	0
CTGACGAAAGCTCGGCAACG	0
ACTTTCAGTAGTTAATAACA	0
ATAACAGACTATTGTGAGCA	0
ACGAACCTAACTCCAGGTGA	0
AGGGTGTTTGTCTCAATTCC	0
GAGTCCGCGCTACAGTTGCA	0
GTGACACGAACGTCAACAGG	0
ATTTTGTATACACTTCTCGA	0
TGAACACACGGCTAGAGTAT	0
GGTATAATCAGCTAACGATG	0
ATAGCGCAATTCAAATCAAT	0
CAATAGGTACCGGTCTGAAG	0
TTACTTCAATAAAGTCGCTA	0
AACAAAGGAGGACTCAAGGT	0
TGTACCACTATATTAGGGAC	0
CTCCCAGCAACTTACAGGGC	0
GGATATGAATGTTCGTAAAA	0
CTAACCCGACAACCGTGATC	0
TAGGTGCTTGTAAACACTCC	0
TTTCTCCTTATCAAAAGACG	0
TGCCATATAATGATGTGACA	0
TTACCACGGGACACACCGCA	0
AACCATCAAATCCTTCACTC	0
AACTGGTCCACCTGAGAGGC	0
TGATGCCTACAATCTCCATT	0
GAGAAAACGTTAATATACTG	0
ACCAGTTGTGCAGAGCATTT	0
TAGAAGTTCGGGCATACACA	0
CGATGAACGCGCGATTTCCC	0
ATCACATTTGTGATTTATCA	0
CCACCAACCGTACACCGCCA	0
AATTGCAAATCCGCATTACC	0
TGCTACATGACGGATCGGGG	0
GCAAAAATGAAAAAGTAATT	0
GAGCTAGATGTACCTTCAAG	0
ATCGGTATGTGTGCTATTCA	0
TTTAAACGTAGAATACGAAG	0
GTAACCACACCCTCCATGTA	0
ATACGAGTCCGCGATGGCCC	0
AGTAACGCAACTACCCAACC	0
CGTTTATCCTAATAATTCTA	0
CGAGCTACCACAGCTTCAAG	0
AACGCATCAACAAGGAGATA	0
TATCGCCAGCTAGTATCGAA	0
GAAGCACGAACACACGAAAA	0
TTTGATACTCCTACTTATCT	0
AACGTAACGATGGTCTTATG	0
AATTTACTACAAAATTAAAT	0
AAGGATGCACAATATACGTT	0
AATCACGGAGTAATTGCGCC	0
TATCTTAACAACGGCGCGTC	0
GCAAACTTGTTGACAAGCTA	0
TATATACGTTATTGAAATGT	0
GAAACTCAATTGAAAGGAAA	0
ACATCTGCAGTTTTTTCGAT	0
TGTAGGGATTAACTAAACGA	0
AGACCAGAAAAGGATGTTCC	0
AGCCGGCAACTAGTTAAGCA	0
CCATGGATGAAGCCACACTA	0
TAATTCCAAAATAAGAGAGA	0
ATATAGAGGAATTTCCATTT	0
AAAGATAAAACCGTGAGAGC	0
TGCAAATCGTTGCATAGGAG	0
CGATGCACTAGCCGCTTCGA	0
TTCACGTTAATTAATTGGCA	0
ATGGAGGGGAGGTGCACAGG	0
ATCCCCCCCACATTCCGGGA	0
AAAGAACGAAAGGCAACGAA	0
AATTACAACTTGCCAAACAG	0
GCCTTGGCACGAAGGAGAGG	0
GACGGAATGGACGAAGACTG	0
CTTTATACATTGTAAGTTAT	0
ACAGTAGAAGGTAACCAGTA	0
TAGCTTCCCTTCCAGAACCG	0
TTTAACAATGACTCATATGA	0
TGTCTAGAAGAACATGTGAA	0
TGGGAACCAACCGAGGGCGT	0
CGGTTAACAAAATGCCAATC	0
GGGACTTTACCTCCACGACC	0
CGATTCCGTGAAAAAGACAG	0
AGATCGCAACCGCAACTAAT	0
CCCTTGTGCACAAACTACCA	0
GAACGAGTGGCTTTAGGCAC	0
AGTTATTAAAGTTAGACGCA	0
ACCCGTCCAACGAGGTTTTA	0
AGAGCCCGTAAGCGGACTCA	0
TGATAACATTTAGACGGCGA	0
AAACTCAATAACTGTTTTAT	0
TTGAACGACGCATTTACTGA	0
ATTGCACACATGCCAAATTA	0
TAAATCTGAACCCAAAGTGA	0
AATACGTTCAGAACAGTAAA	0
AATTAGGGGGGCTATTCTGA	0
AAAGCTAGGCGTTCGCTTGC	0
TGCACATGCATGGACACCTT	0
GAGGATGGTACTTCTAATGA	0
ATCATAGCAAGGGATACCTC	0
AAGCGTTACGATACTGTACT	0
AAGATCTCCCCGGGTGTACT	0
AAAATACCCAGCAAAATTAA	0
CTCCAAAGGGCCCAATATAA	0
GAATGCAACTCATATGTGTT	0
AAATGTTCTCCAGACAAATT	0
ACATTTTATAAGTCGAACTA	0
ATCCCAATCCTAAGATTCCG	0
TGACCCGGTTCGCTAACACC	0
CGTGGCACCGAGCCCCGAGT	0
ACCGTTAAATGTTGCACCAA	0
CCACTACTCTATCACAACAC	0
ACACCGATGAGTCACGTGGT	0
ACTCAGACAACCTCTTTCCG	0
GACTCGTCACATCCCTAGCC	0
CGAAGGAATGCAAGTTAAAA	0
GGAGACACAATCTAATGGCA	0
TTTAATCTGCTGTGCCCCGC	0
TAACGAATGAAGGTAAGCTT	0
ACGAAAAAACAAAGCCCACA	0
AGCAAATATGCGTGTTCGGA	0
ACTGCACAACAGTTGATGTC	0
CACTCAACCCTCTCTACCCA	0
TACATAAGGTTTTTTGCTCT	0
CGCTTACCATAACCTATGGG	0
CGGTACGAACTTAAGGTCAG	0
AAACGCGTATGACCAATCGC	0
ACCACCAAGTACAAACCAAC	0
TAAACTATTTCATCGCGAAA	0
TATGCTGATAGTGTCAACGA	0
GATCACCGCCAGTAACGGGT	0
AAGAAAAAATCTTGTAGTGA	0
CCGAAGTCCCAGCACCTAGT	0
GAAACGTGTGTAAAAATTAC	0
GGGGGGTATTTAGCATCTTC	0
CCGGTCCGTCATACAACTAG	0
GCAATTTAAGTAGACGATAA	0
CATTCCATTGAGGGAATAAC	0
AATCCTGCAGATTATTTCGT	0
AAAGTAGTAGAAGAATTGCC	0
TCCTCTAGACCCCAGGCCCA	0
TCCGACTTGGGGATCCGTAG	0
CGTTTCATCCTCATGGGGGG	0
AACGTAGAAGATGCTTTTAG	0
TCAAATGCGTAATCAACTGT	0
TTACAACCATCGACGTTCAC	0
CCCAGTTTGTACAAATGGCC	0
ACCGCGCGTACCTGAACAAC	0
TAGCACTCCGTCAGGAAATA	0
CAGGACCCAACGAAAGTCTC	0
ACAAACCCATCGTACGATGC	0
ACCTCCCGCAAGCACTAACC	0
AGCTCAGGAAGGGTTATGTC	0
ATAGGAACTAACGAGCTTTT	0
CGTAAGGAACCGACCCACAA	0
GGGATGAGAAATCCGGAACT	0
TTCCGAAGTCACGGCTCCGT	0
CCGGACTCTAAACCCCACAC	0
CGGTCATCAAACGGAAGCGG	0
CAAGCAAACAAAGCCCACGA	0
GATGTCCCGACGCCAATCAA	0
AGTAAACACGCAGAGACTTT	0
CGTATGGACAAATATATCAA	0
TGATATCAATATAGGACTAA	0
AGCACTCCATAGGGGTAGCC	0
ATTTACTTAGAATCCACTAT	0
CAAAATGAAGAACATGAAAG	0
AATGGTTAATGGGAGCACCG	0
GTCGCAAGAAAGTCTCTTGC	0
ACCGCAGACACGAGCGCCAC	0
CTTGCCTTAAGAAGCCATTC	0
TCAATCCACGACATAATCGG	0
ATCTTGTTGCCAGTAAATTG	0
TTGCAACCGACCGCTCACTA	0
CACCATCTAACCTGCCCGCT	0
GATGCGAAACAAGGGCCGAA	0
TATCGAATAGACTATAGAAC	0
AAAGCGACGCGACGGGCGGC	0
TACTGCGCTTCCATTACCGC	0
ATCTGTAAATGAGTAAAAAG	0
CACCTTACCCGTGGTGTACT	0
ATGAACCGCGACCTGACTAT	0
CACCAATGCAAGCCCGATTG	0
GGATAAAACTAGAGGTCCGA	0
TAAACTAACGTCCGTTAACG	0
CAAGCATCCACACTAATGGC	0
ACTATCGAGAGGCCTGGAAT	0
TGCCGTATAAGGCGAGATTG	0
GAACGTTTCCGATGCGCTAG	0
ACCTCCATAATAAACCCTCC	0
GTCGTAACGACGTATAAGAT	0
ATCAACAAGATGTGATCCTG	0
CCCCGTATCAATATTAACCA	0
TTGAAGAAAGAAAGAGCACG	0
TTAGTGTGTAATGTGAAGGG	0
GCAGAGATTACACATTTATG	0
CGGACTTAAGTCTTGCAGTA	0
TACTGGGATCGTTCTCATAT	0
CAAATATAAACACCCAACCA	0
TACCCGGCCCTAGCCAACTC	0
AGGTGCTAATGCACTTCATC	0
CTCCCGGTGCAAGAACAGCT	0
AAGTAAAGTTGTGGTAGCTT	0
AATTGAACGTCCTAAGAACG	0
TTGCTAGTAAGGCTATCAAC	0
GGAATGATAATAAACTATGT	0
CAGTTTCGTGGACCTTCTGG	0
CGAAGATATGCCTGTTCCAG	0
CTGCGAGAAATGCGGGTCAT	0
AATAATAGAAGGCGGAAGGA	0
AAGAAACAGACGTCAATTAG	0
GCCACCCCTAGCTCTTGGTA	0
ACCACTGCAAATACGCAGGG	0
TGGGATATTACTCACAGCCG	0
CCGACCAGCAAGACGTGCAC	0
CAATTAAGAGATAGCTGCAA	0
GGTACATCAGTGAACGCATG	0
ATGCGGCATTTACGTTCCAA	0
CGCGAACCACCGACCACAAC	0
TCTATATGCAAATAAAGGCA	0
AGATACGAATCAATGGCCGA	0
GAAAGTGAAAAAATACCCCC	0
CGCTCGTTCACTCCCTGAGG	0
GGTATTTACTACTGCGATAC	0
ATACATCCCTTCGCATGACT	0
TGTTACACTAGGGTTTCCTC	0
GACGATCATCCCTAGAGGCT	0
TATCTATGACTATTGAATTG	0
TGTACTACCGGCTTAGCTGT	0
GACCGGCTCATCAACACGCG	0
GCATAACATAGACTTTCGCC	0
TACGACTCAATTGGACGCCG	0
TGTGGAATGGTGGGCTTAAT	0
TCACACCTCCCAGACATATT	0
TTCCGCTGTCGATAAGCCTG	0
GCTCGACTATAACGTCCCAA	0
AATAGCGCTAACAACCAGGT	0
TATCGTACTGCCTGAACCCC	0
ACACGAATAATGTACGTGTA	0
GCCTGTTTCACACAGCAGCT	0
ACATAGATTATGCTAAATAA	0
TTTAAATATCTGAATCTGAG	0
CAAGCCCGCCGGCTCAGAGC	0
TGATTTTGAAAAAGGAATGA	0
AGAATGAAATAATGAAATAC	0
TCAAGATGCACGAAAAAGCC	0
AAATCTCCAAGGGAGCCAGA	0
TTGGGCCTGCAACTTCCTAG	0
AGTTTATCGACTTCACCCCT	0
TGGGGGCCGAGAATCTTAGA	0
AACAGGTGGGCGATTTGGCT	0
GCATCGATCCATGAATCTAA	0
AGCACACCCGGGGACGCGCC	0
GCTCCTCGGCTAGAGACCTA	0
CCCCATAAGCGACTCCAATG	0
TATTTGCGAGTACTAAGCAT	0
TACGACTACTGGGTTTGGGT	0
AGAAAGAGTAAGAACAAAAT	0
CGAACAGTAAGCACACCTAC	0
TGTAGTTTAAGAAGGGCTTG	0
AGCACAATCCTTGCCTCTTC	0
TTCCGAAACAAAAGCTGAGA	0
AATTTGCTCCGACAAAAGAT	0
CTTCCGAGTCCAAAGTCAGT	0
ATAGCCTTGTAAACCGAGTA	0
AAGCTAGTTCACGCCGAGCT	0
ACCCATTTCCGAGGACTAGT	0
TTAACCAACCCCGAATCCAC	0
AGCGCGGCTAACGTGCACAT	0
TGAGTAGAAGTGCGCATGCG	0
CAAGTACGCCTCCGAAGCTG	0
CCATCAGTAGGCGCCTGGAA	0
ATGGACTATACCGCGCCAAA	0
AAACAAGAACCAGCGACTTG	0
CAGTCACGTAGGTGCACGTG	0
CCAAATCGCCCGCAAAACAT	0
GAACTCGGTGCCAAAGAAAG	0
CGCGAGCAAATCTATCCACC	0
CATAATGCCCTCTTCAGTGC	0
ATGTCGCTCTCCATATATTT	0
GCGCAATACTGTCATTCCGT	0
GATATTGCTAAACAAATTCC	0
AACGGAATTTGCGATTATAC	0
TCTTCCGACTAAGTAAAAGT	0
GAGATGGTTCCAGACGCGCA	0
CATTAGTGTGAACGTGTTAA	0
TGCTTATTCAATAGCTGCTA	0
ACTACGGCCGACATAACACA	0
GGGAGAGCACTACCTTTGGC	0
CTCTTGACCACTCCATGGAC	0
AGGCTCGGTAACATAATGGC	0
CTCGAGGCTATACCCCACCC	0
GTCCTCCGACTGACTCACAT	0
ATCCGTGAAGCAATGTCATG	0
CTGATGTAATCTAGTTATGA	0
TGCCGATAGTATTAAAACAT	0
TCATACGTTTCAGCGTTTAT	0
GCAGGTATGCTAGTCCAATC	0
TCGCCGAAGTACAGCCCTTC	0
AACCGCTCGGGGAAGGCAGA	0
AGTCGTGCTCGTACAATAAA	0
AGCCCACCTTTGCCTTGCCA	0
CGCCACACACTGCTACCTCC	0
CCTACACACCATATCGAACT	0
AGCCACATTAGCCCACACTC	0
CTGCCCCCCTAATATCAACG	0
AGAAAGGGGCGAAGGTCTGC	0
CACAGGTTAGTCATAACCCC	0
ACGCAGGTTATAAGAAAGCC	0
TAACTTGCTTCCGGCTAGGC	0
ACCTGCCCCCCAGCCAAGCC	0
ACGTAAAATGCCGCTACACA	0
CTAATCTTCGTAGGGCCGGC	0
TCTAGACTATCATTCCATAG	0
ACGGCTTAGCATATAAGGAC	0
CACAGCACCTGTTTTAAAGT	0
ACTGCCTCACACCTCCCAAC	0
ATTTAAGGCAATAACTCGTG	0
CCATCCTTACGAAACTGCCC	0
AAAGCGACCGAGTCATAAGG	0
CCTTCCCCGCCAAACGGAAC	0
TGTCCAATGATATCCATCTT	0
ACCATACCTGGACGGGCGGC	0
CTCATAGCGTGCCCAACGTC	0
AACGAAGATAGCCGAGCGTG	0
CAGCTATTAAAGGAGATGAC	0
ATTAATATCACGATCGCTGC	0
AAAATGATTAACTATAGACC	0
GTGGCAGATAATACCAGATC	0
ACACTGCGCATACCCGTTCC	0
ACGACGTTGGTATCTTGTCA	0
CAATAACTCGAGAAAACGCA	0
TCAGTCTTCCCTGTATAAGG	0
CTTTGTGAGCGCTGAGAAGC	0
AGTTTGTTACTTGGACGTAT	0
TCTCAATTGACAAAGAACCG	0
TACTGTACTACCTTCAACTA	0
ACGTTCTCCAAATCGAGACA	0
GGGCCACCCCACGGGCACAC	0
AAGATTTTATCTGCATAAAG	0
CCAGGTTGCAGTTAACTAAG	0
CACCAATAGTATTGAGGCGA	0
ATAATACCTGGTACTCAGTA	0
CTCCGAGCGCGAACTCGGGG	0
TGACGGATCATCGAGATGAA	0
GGTCTGGGGCAAACTAAACT	0
GACCATTGCGCCCCACACGG	0
ACGTTCGTAACGGTTTATAG	0
GGATGGGAGTGACCAAAACC	0
AAATAGCTTTCATGCAGTGA	0
GGACGACTACCATCGCCACT	0
GTAACATCTATGATGCCCGA	0
CCTGCACACTGACCGAGTGA	0
ATCTGACCTGGGCGTATCAC	0
TGATGTTCCTTGTAATATGG	0
CTTGGATTATACGAATGTTA	0
TCTGCCTGAGAAACGATGCG	0
TTGGATCAAATAAAGTTTAC	0
TGGACAACAAATCTATTACA	0
GGTCATGGGCTTTCCAACGT	0
CGACAGACGAGTCCTGCGGC	0
GGAAGTCTATTTGCGTGGGG	0
TTAAAGCTACCCTCACCGAG	0
TTCTAGTCAACCACGGGACG	0
GAATTGTCAGTTCAACACCC	0
TGAAACGGGTAACTATCTAA	0
AACTTTTCAGCTTGCCATTT	0
ATAGCTGAGGTAACAGGCGT	0
TGCGCTGACTTCGTCTGCAG	0
GTAGCCACACACCTTGCTCA	0
TGGCCAAATAACAATCTACC	0
GGATCAATGCCTAGGTATTG	0
TGTCCAGAACTTGTTTAAAA	0
ATAAGTTAAAAGCACTCTTG	0
AGCGTGTTACGCCCCTGCAT	0
AGACATAAATAACCGTTTTA	0
ACCTTTACCAAACAATTATT	0
CGCGTGACACACCCCTCCTA	0
TGGCATCCGAACTGGAAGTG	0
TATGATGGTTGCAAACAACA	0
AGGAACAGTAGTGAAAGCAA	0
CAAAATACGCTAGCAACAGG	0
GTGAAGACTGATGCAATAAT	0
AATCAGCTCCCGGGGATTTC	0
ATGCTCCATACGAAGCAATT	0
TGGTAAGACTCTTCCAACAA	0
AGTCCTGCCCCAACTAGTAA	0
CCAGCAGCGTGCGCAGCCTC	0
TAAGAGCCCCGAGAAGGTGA	0
AGGCGCATAGATATGCACCC	0
CAAATATGGGTCAAAGAGTC	0
CTTATGCCGGATTTCGTCAA	0
ATCTAATATTCTAGGTTCGG	0
TAGACATTACATACAACTGG	0
GGGCTTATACCCACTCAAAT	0
CGTCCGAACAACTCAACTTA	0
CCCAGGATCTGAAGCCCCAA	0
TCACAACCATATTGGAAGCA	0
AAGCGACGCGGTGCCTAGTC	0
ACTAGGTATTCAATTACGCT	0
CTACGTAACTATTAAACAAA	0
AGCTTGTGATGTGTGATATT	0
AAATTCCTAGCCGGAAGGTT	0
CTAGAATCAGCGGGCGGTTA	0
ACTGAACCCGATCGACGGTC	0
CGCAGGGTAACATAGCTGAC	0
GCTCGTATCGTTAATCACAC	0
AAATGTAGCTAAAGCTAGTG	0
AATCATATGTTAGCGTTATC	0
ACCGATCCCAATTCGTTCCT	0
ACGGTCATGTATTATTAGGC	0
CTGAGCCCCTGGCCTTTGCA	0
GAATTCTCTCGGTAAAAATT	0
TAGGGTAAGCTAATGCGTTG	0
GTCCTCGAAAATATAGTTAG	0
ACGTCATAACCGACATTCAC	0
AGGAGGGCTCAATCCCTCTA	0
ATAAGGAATTGTCAGGAATG	0
GCCGGTGTGCAACGGACCAT	0
CACTACACTGTTTCAAAGCT	0
GTAGGAGACAACTTTACTAC	0
AGGCAACCGTGGTGCTCATG	0
GCACTACTGTCCGACCCTGT	0
TAACGGATCCAAACTATCAT	0
TAAAGACCTTAGGCGTGAGT	0
CCGAACCAGAACCTTAAAGT	0
TCAACGGTGCTGTCCTTACT	0
ACGTGGGCTCACAGGCCACG	0
TTGTTTGGACGTAATAACCA	0
CGCGCACGAAGCTTTAGCGC	0
ACTTAATCATGTTTAAAGTA	0
CGACATGCCACTTCAATCTA	0
TTAAACAAATAAAGATTACA	0
ATGTAACAAGTTAAGATGTA	0
ACCCGTTAACCTGATTTAAT	0
AATCCTCATGGACCAGCTAG	0
CCTAGCATAACAAACACAGA	0
AATTGGTCATAATGCCGACT	0
AACAGAGAGGCGAACAGTAA	0
GCCCTGCGATACCCAACATG	0
ACATGTATTGTTGCGGAAGG	0
AATTAAGAGCAACGGTTCTG	0
CGGGATCCCAAGTTAATCAC	0
TCGGTACCTGGGACAAAGCC	0
GCAAGAAAAGTTTTTTACCG	0
TCGCGACATATCGGGAGCCA	0
AACCTCTCGATGATGAATCA	0
TAAGCGGCGAGTATACAAAT	0
CACGGCCACTGCTTCACTGC	0
AAAAGAGCTAGAACTGCAGA	0
AGATGGTCTTAAGGGAGTGT	0
TAACTGTTACGTCCTCTAAC	0
GCGTAGTTCTCTCACTATTA	0
AAGGTGAAGCACCTTATGAC	0
GTAATGACTGAAGGTCTAAC	0
AGTAATCTGTCAGGAGATGC	0
GCTCCCCCTACCGGCCCGCC	0
ATATGCTGATAATGGGAAAC	0
ACGCAGGACAACTTTATTGA	0
CCCTAGATGATATCCGGGAT	0
AGATTGCAGGTGAGGTTGGT	0
TAAGTGCATCCTTTCAAATC	0
ACACCAATAACAAAGTACAT	0
GATATGGTCCAATCGAGTAC	0
TAGCTGGACACTAGCAAAGT	0
CAAACTAATATATACAAAAC	0
AGCGCGGTCGACGAACTTGC	0
CATGCGTCCTCCCTGACCAG	0
GAACCGCTCACCACGTCAAG	0
CCGGAACGTAATTTGATACA	0
ACAACCTTCCCCAACTCCCT	0
AGCCACTACTTAAACCGCTA	0
ACATGGCTCGCAATAAAAAC	0
TAGTAACAAAGAGTTAATGC	0
GTCACCATGACGACCTTGCC	0
GAAATACGTTTGACAAGACT	0
AGGACAACAGCGGCAGCAAA	0
ACACAGTACGACAGAAGGGT	0
ACGTGATGCCAACAAGTGCA	0
ATGTAAAGTTGTTCCGAACC	0
GAAGCAGGGGTCATTAGGAT	0
CACGCTGCAGACGGGCCAAT	0
ATAGTACAGTGCGAGCATGC	0
CCACATTGCAATCCCCATTC	0
TACTTTATGACTTGCGCGTA	0
ATAGGGACGGAAAGGAGTTT	0
CACCCGCTCCTTACGCCCGC	0
CTTGCGTGGAGATCTACAAT	0
TGACCCTACAAAATTTTCAA	0
AGACAAAAAACATTACAGAC	0
CAATCGTCCATTTCTAGCTG	0
AACACAGCAAGACACGATGA	0
ATTAGTTATGTTCACACAAC	0
ATCACTTGTAGACTGTGGGT	0
TCGATTTCGACGAAGACCTC	0
GTATGGGATACCCGTAAACC	0
ATGGATATACCATGCCACAA	0
TCATGTAATTAACTAGATGT	0
TAGGTAGACCGTTTGCAAAA	0
GCGCTAGGTTGCTAATTTCA	0
TAATATGACCACAGAGTGAC	0
CTAATTGGCTAGAACGATAT	0
GATTAGTTACACACCCTCAA	0
GTCTCGGAACTTCACACACG	0
CAGCATTACGAAGCACAGTG	0
GTAAAGTGAGCAAGTCCAAA	0
ACCCTTATAGCTATGATTTA	0
TGTGATCAAATAAGTTGACA	0
AACAAAAAACTTCCTAACGA	0
CCAGCATACCGCCAAAATAC	0
CATCCTGCAATTCAGTAAAT	0
TGATACTACATATAAAATCA	0
CACACAGCGCCTCGAGCTAG	0
TGCATCATGCGTTACTCGCG	0
AGGACTTCAAAATAAAGTTA	0
GAAAAGTCGAAATCAACAGG	0
ACACTAGATGTGGCCTCTTA	0
GGGAACCTTTCCGTCAATGC	0
GGGATCCCGTAACTCCCACC	0
CTTGAGATAAGAAGTAAACG	0
TGCAGATCTATCCTATTATC	0
CCAAAAATCCGAGGGATGCC	0
ACGTTGATTTGAACCCACCT	0
GGGTCCTATCGAAGACGTAT	0
GCAATGGCGTGGATAAGCTA	0
TGAGGGCCAATTTTTCTGAC	0
GGATTACACTACAAAACCCT	0
CGAAACGCCCAATGGGCAAG	0
GAAATATAATTTGGGACAAT	0
CTGGCGCATTTAAGCGGAAC	0
TCTCCAATGAACTACAACAA	0
GCTAATCTCTCTCAAAAATC	0
ATCGCTTTTTCACAATAAAA	0
AAACGCATATTGTGGAGATT	0
CAACTTGTACGCCGGTGAGC	0
TAAGAAGTCGACAAGGCCTA	0
TAGCTGACTAAGCAAGAGGT	0
TCAATAGGCCTCTACCAGGT	0
GTGAAAACTGAAATTTAGAT	0
GCGCTCCGATAGCCCTCTCT	0
CCGGAAGTACAAAATGAATT	0
CTAGTATCAGACACCGAGCC	0
AGTGCCCGCCACCACTCTAC	0
AACACGTCATCCATTACGCA	0
TCAAGGTAGTGAGAAAAGAT	0
AGCCTCACGAGGACCGACGG	0
TCCGATTAGCAAGATGAATG	0
AGAAGGACATATGACAATTA	0
AGGTTGTGAAACTGATAACT	0
CGCGAAGCTAGCACTGGAGT	0
TGAGCATGTAATATACACGC	0
AGTCTTGAATGCATATCGAT	0
AAACGTTGTCAACGCCATAT	0
CGTAACACTGGCCGTAAGGA	0
AAAGGACAGTTGTAAGACTA	0
CATGTCATTCCCTGCACACT	0
TATCGACACTGGTCAAGACC	0
GATACTTTACTTTTTTCAGC	0
TAAAGACAATAATTAGCAGA	0
GAGATCAGTATCCTGGACTC	0
CGGAGAGATTTTAAATAGTC	0
GTAACAGTGCAAGCTAAAGA	0
AATGACTGTAGGAATAATCA	0
CAATGCCGATTCCAGCCACA	0
TCGTCACCTGTCCACCCACA	0
GCACATATAATAAAATATTC	0
AAAGAATTGCACACGTCCGG	0
AACCCTATTAATCCGATTAT	0
CGATTAGTACTAAACGAGTT	0
ACCTATTCTTGTATCCCGAG	0
CAAGTTACCTACAGATTTCG	0
ATGGCTGCAAACCCCGCAAT	0
GGATATCAGCATTGCCCCCC	0
CTTGGTATACACATGCCACC	0
CCATCGCTGTGACCAAGAAG	0
GGATGGAGATTGGCCCACGA	0
AACGCTCAACTCCAACAGGT	0
GGAATGGGCAGTTATGCTAT	0
AGTGTAGCCCGGCAAACGAA	0
CCAGACCTCCCGAGCTAGCA	0
AAATAAAGGCAGGAAATTTG	0
ATACTTCTGAGGGACTTATG	0
ATAGGCGAAATCATACAGAT	0
GCGTATTACTTGCTGACGAC	0
ATCTAGGTTATTGCAACAGT	0
ACGCAAAAACACATAAAGCA	0
CTCATATGCCGGCGCACGAC	0
ATTACTCAAATCTAGGCACA	0
CGCTCGATTCATACATCGAA	0
CAATATCTCTCTTGTCAGAC	0
TCATCGCTCCCAGAGCCATC	0
AATGGATGGGCAACCAACCC	0
CCCCTACGGATTGCCCGCCC	0
AGGACAACTGCCAGAAAAAG	0
CATCCCCTTGACCACATAAA	0
AATAAAATGTTCGACCCACA	0
TTCTACACCGCATACAAGTT	0
GTTTGGATAGTTCGATACAC	0
TGTAGGCCTACGGATGGTGA	0
CTAAGGTACGAAATTAATAA	0
TAAATCTGCCGTGTATAGAA	0
GGTAGTATAACAGCGAAAAA	0
GGCTGTTATCGTCTGAAGCA	0
CTGAACGATCTTAACATTAA	0
ACCTATTACCGTTTGCTCAC	0
GCTGACGTGGTTAACAACCT	0
AAAACACTACCTTTCCCACA	0
TATGAAAAAAGCATTGAGCT	0
TTCAAATCCGCATTTAAACC	0
CAGAGACGACGCGTATACAC	0
CCTACGACTACACAGCTATG	0
TAAGGTCGAAGGAACCATCC	0
AGAAAGATTTGCGCACCCGA	0
GAGGTGATATCCTGTTTAAA	0
ATACATCGTACGCTGGGTGA	0
ACTCCATCCAACCCGCAAAC	0
ATGGAGACATAGACGCCTTA	0
TCAATAATGATATAACCAAA	0
CCCCGAAGATTATCTGTGCT	0
TAGAAGTGGGCGTTTGTTAT	0
GCAAGTAAATCTCAGTCGAG	0
CAGATGTTTTGGACAGCGAC	0
TTGTATTAGAAGAATCAACT	0
TAGATAAGTTGGGCCTATAT	0
CGTATATAACGCGCTACTAG	0
GAGGAATGTATGAAGTCCAG	0
AAATAAATAAGTATCGCGAT	0
GCAAACGGTACACCCGCAGT	0
AAGTTCCCTATAGCCACTCA	0
AGGTGCATGGCCACTGGCTT	0
AAATCCACGACACAAGTGAC	0
AATTACTACAAAGAAATGAG	0
AATTATATAGTATGAATAAG	0
TATAGCAGGTCGTACCCACC	0
ACTGTACACTAGCTGATTTA	0
GAAGCAAAATAGTGACGAAC	0
ATGCCACCCTGATATACCCT	0
GCTTTACATCGAGGATATGA	0
TGCTACCTGTGTTCGACCCT	0
CACCCTTTCCACGTCTGACC	0
CGTTACACCTGCTAACTCGA	0
ACAGTTAAATGTTAGAGATC	0
ACAACAACAATTCGACAACA	0
TACCATTGAATTACGCACGT	0
CGTGACAGGAGATTTTTAAG	0
ATAGCAACCCCACTTATCCC	0
TTTCCCATTGTTGCGCTCTT	0
ATTAAGATGCGTGACGACAG	0
GCGGATAACCAAAATCAAAG	0
GCACCAATCAAGGCATGTTT	0
TTTCGAACGCAAATAATACT	0
CAGTTTGGTTGAACTTCCTT	0
TTCGATGCACGCTACTACTC	0
CTACAATCGAATGCTTACTG	0
CTACCTTTAATTATCGAGCA	0
AACTAACCGTTGATGATGCA	0
TGTTCCGACAGACTGTCCTC	0
GAAAGTCGCGAGACGGTTGC	0
ACTTCCCAGCTACCAATTAT	0
ACGGGATGCTGTACTCTCCG	0
TTAACTGCCATATACACAAT	0
AAGAGGAGAACTAAACTCCC	0
ATATTATCTGACCTCGCGCC	0
AATTGCCGGAGTCGTTGATG	0
AGTACTAATTATAGCCTCCA	0
ATATGATAACAGCAGCCTCT	0
TGCTGCGAAAAGAAGCGAAC	0
ACATATTGCGAGAATACGCT	0
GATAGAATGGGAACCATATT	0
CATGTTAAAACAGATAAAGA	0
GAACTTACCCAATAAGTATG	0
AGCGCGCAAATGGGGTATGC	0
TAGGACTCCTTCCACCAATA	0
ATGAAGCTGAATTGCCAAGA	0
GATAGTTTTGTGTGTCAAGA	0
TCGCTTTCCAAAAGCTCTAT	0
ACAATGGGACGGGCAGACAC	0
ACAAAGGACATAAGCGACCA	0
TGATTCCTTATCGGAAGGCA	0
ATCTCCCTCAGGACCACCCG	0
GAATGAGAGTGATGAAGCCG	0
AGTACGATTCTCACCACACG	0
ACTGTATATCCAGGTAATTT	0
GCGTGGTCTCTGGCGGGGCC	0
AAGCTAGTAACACCCGTGAA	0
GTGTAAAAGTGCCGAAACAA	0
TCGATCTCGCGCATTCACTC	0
GTGTCATCTGGTAGTTGGCT	0
CAAGACCCTATATTGCTAGA	0
CCGGCTAGCCACATGAATTC	0
ATCCATAAAAACGGAGACTT	0
CACTGCAGTGATCATTCCCA	0
AGGGTACGCGTTACGTCTGC	0
TGAAATTCGACGATGTTGGA	0
AAAATCCCTCACATATGAGA	0
AAAGGTGAACAACTACCGTT	0
TTTACACAACTCGGTCGAAG	0
GCAACACATTTTATGACGCG	0
GTTTAGACCCACCGACCCGG	0
CGCGCATGCATACTCATTAT	0
GTATAACAAGAATTTGGAGG	0
TTTGAAAAGTGACAATGCGC	0
CCGTGGTAGAGAGGCTATCT	0
ATCAAAAACTAGTTCTGAGA	0
TATTAACCACGAACCCAAGA	0
CGATGAACAGTTAATAGATC	0
CCCCAGTCATTACGACTGAT	0
GCACCCCCGAATAATTAGTT	0
ATGATCAAAAAAGACGACAT	0
CCGATACGCAACGCACCGGA	0
CAGGTGGCAGAACAAGATGA	0
CGCACGCCTACCACCATTGA	0
ACTTGCAGAACTGTAGGGGA	0
AAGTAGGCGGCCAATTTGAA	0
GGAGCCTGCACCCACCACAC	0
CTTGCCAGGTTCATCGCCTC	0
CGCGCACTAGTTACTAAAGA	0
ATTAAACTTAGTCCCTTTCC	0
TACGAAAATAATTGGGACGA	0
AAGAGCAATGTTAAAAACAG	0
GTAATGGCACCCCTACGCAC	0
GAGAGTTGGCTCATAAGTAG	0
GAATTATAAGTGAACACGGT	0
CCAGAAACAAAGTAGAGCTG	0
GCCAAGCGTACAAGTATGAA	0
ATTGAGACTTTAGTTAACGA	0
TCATACTGGACCAGTAAGCG	0
TGTCTAGTGTGATATTATCG	0
AGATCCTGAATCTAACCGTT	0
CCGAAATAATTTAATCAATA	0
GTAGTTGCTACCCTTATTGA	0
AAATGCAAACAAAGCATGTG	0
ATTTCTGTATGGCGAATATG	0
TTGACAACAATTTGGTCCAA	0
ACGTAGCCCCTAGCTCCAAG	0
AAACAGTTCGTTGTCATTGT	0
ACATCAGCAACACCCCCGAA	0
TATTAAAGTCGGACCTCGAA	0
CAGAAACTGAAAACACGAGG	0
AATCACGTGAGGAACTAGGC	0
ATATACTCCTGCCAACACCC	0
TGCATGAACGTTATAACGCC	0
TGACATAAGATCCCTACTAC	0
GAACTAATCCGAAGTGGTGA	0
AGGGAGCGATGCATCACAAA	0
AGACGCGTATAAAGGCTAGG	0
TTGATCGTTCCCCTTTGCGA	0
GAACCTGATTTAGCGTGATT	0
CATTGGATACTATCAAAAAT	0
AATCTCATGTCTAAGCGATC	0
TATTTTAGTTCCAGTAGATA	0
TTGTTAGACCAAGCCATGTC	0
GCTGTATGAGGTAACGCGTC	0
AAAGAGCACTTGCAATTGAG	0
TCATCCTGGGCATCAAGAAA	0
GTAGACACAAGACCTGAAGG	0
AGCCGATGATAAGGTAAAAC	0
TATGAAGAGTGGAGGCGAAC	0
TAAATCCGTAACAACCGATG	0
CAACGGTCGCCACACTCATT	0
ATTAAGTCATGGCGCCTAAA	0
TGCGAACCGGATTAAATTGT	0
AGACCGCTCTGGCAACTCGT	0
CTCAATTGCGCCCCCAACCA	0
TCGTACATTCAATCCTCGTT	0
GTTAGAAAAGCGGAAATAGA	0
TTAATTCCGAGACCTAGTTT	0
CCTTAAGAACTACCGAACGC	0
AGCATTCAAAACGTGACTGT	0
CGCTTAACAATAAGTGCTTC	0
TAGCTTATAAACCCAAGCTG	0
TGTCTAACGGTAGTTAGCAC	0
GAATCCTGGAGAGGATGCTC	0
TAACATTGCCGTGGATCTAT	0
TAGTTTCCCCAATCGTTTAA	0
AAAGCTAAGCAATCGACCAA	0
TCCGGGGACTTTTAAGCTCA	0
TGCCTTGTACCTCCCAGTTG	0
AATATGGACTCCAGTACCAA	0
ACACATCAATAAAATGTGTG	0
TGCAGATACATGAGTACAAG	0
ACAAACAGTTAATAACTTCG	0
CGGCTTTTGGAAGCCATTTG	0
ATTGTGGAGAAAGTACAAAG	0
GATGCGGGTTAGTATCTTGG	0
GGCGCGTTAGACGATAAAGG	0
ATAGACCCCAATATTACAAC	0
ACAGGCATGTGAGACCTTTC	0
CGTCAATCCCTGACCAGTGC	0
ACACTAGGTTCGATTGCTAA	0
GATGGTGGAAGATCGCACAA	0
AGTGAGGATAATCGGGGGCT	0
TAGACATATGGGCAGACATT	0
TTATGAACAGAGATCTTCCC	0
ATTTGTCGTAGACGAACCCA	0
CATAAAAGAGTTAGTCTTGG	0
AATTTGCTGCATCATCTAAA	0
GATGAAAGCCAGATATTATT	0
CTTTATAAGTCACTGTGACT	0
TTTAATGGCTGAGCAAGATG	0
AATAAGCTCCGCTAGTCCAG	0
CGTGGCCGCTGCTATACTTA	0
CCCTGGATTAACCGTGTGTT	0
GCAAATATTAGGATCCACCA	0
ATGGTCCTTCAAACACCAAC	0
AACACCCGTTTCTAGGGGTT	0
CACCAGAGAATGGAAGTGAT	0
ATCTCGATCATACTGTCATA	0
AGTGGAACTTTTGAGTCACT	0
TAAAACTCACCTGAATAAAA	0
TTGATGGAACTATCGACAAA	0
TGCTCCGAATATTAATGCAG	0
CGCACTACGCCCGCTGCATT	0
CTGGTGGTCCGCATAATGTT	0
ATACAGGACTACGGTACGAA	0
GTAAACCCCCTAGGGGCCCA	0
AGAACAATAATTGCATATGC	0
AGCTCAAGACGAGCTGCGTC	0
GCCGTGAAGCAAGATGAATT	0
AAGGTGAATCAACGGCTTGC	0
TAATGTGCACGCACGTGTAT	0
ATGGAACAACAACTAGAGCT	0
GCAGTACTCACTTCCGCTGA	0
CGATAATCGATAGGTAGTGT	0
AGACGCGATAATCCGATCGA	0
CACCCACAGACTGGCCACAT	0
ACGTGAAACAGGTAACTGCC	0
GCTAATATGAGATCTTGCTG	0
AGCATGAGTGCTACAACGAC	0
GTTATGATATATCAATGGGC	0
GCGCTAAGCTTACGGTAGCG	0
AGGATGCACCAGTCCAAAAC	0
AGGCATAATGTGTCACATGA	0
ACTTGGGTTCCATAAGAGGT	0
AGCAGGATCAAGTTGTGCCC	0
GAAACATGCAGATAACAAAG	0
GCGGTAACTTTGTAAATTCA	0
CACGTTGGAATTTGCCGGGG	0
GAGCATGGTACCCGAAAGCT	0
ATAACCGAGCCACGTACGTC	0
ACTATCTCAAATACCTGGAT	0
ATGGTTCGTATTCCTCCATC	0
TACAGAGGGATGACTTCCCC	0
GACAGAATTTAATGAGGACG	0
CACCTACACGGACGAAGTAA	0
ATAGCAACCCGGACCCCTGG	0
TGAATCGGCCGCGGGTATTT	0
GATCACCGACCTGTTATAAT	0
CAGTGAAACACCCCCTTCAG	0
CAGTGCATGTCTTAAACCTC	0
ATTAATCAACCATGAGCACG	0
CGAAGTCTCTAAAAAAGCTT	0
TCTAAGCTGTCACCCCTTGC	0
GGATTCAAACTTCTTTTCCA	0
GTAGTTACTACCGGGTGAAT	0
ACCACAGATTCAAATTACCA	0
CTAGGAAGCCTACGAAGAAT	0
ATATCAAGGTACAAGGTATG	0
ACATTGCCGATAGACTCTGA	0
CTGCCCTGTGTAGGAACCTG	0
CACGTTACCTTATCCTTCGC	0
ATAAAGCTACATCTACTTAT	0
TTAAGAGCACTTTCCGAGGC	0
CGCACCTGACGCCGCCTAAT	0
GAACCGTGAAGCAATAAACT	0
TCCCCAAGTAAGGACGATTT	0
GTAAGACACGCGCCTAGAAC	0
CCTAACCATGGGCTCAATGA	0
TTTGGTTCATCGTCGGATCA	0
TTGTTGAGGAACTTACCAGC	0
AATAAATGAAACCGAGCGAG	0
CCTTGCAGGGCGCCAAAACG	0
TCGAATGGAATGCGTAGATT	0
ATTTAAGAATCAACAGGTGA	0
CCTGCAATTGCTATAAGCCC	0
AACATAGCCTTACCATTCCC	0
GGATGGCTCATGTTGCCAGA	0
AACGCAACTTCACAGCTTAC	0
ATGAGGAATATTGAATACCC	0
CGCGCTGGTTACCTCAGCGG	0
GCAGCTGCGACACAGAAAAT	0
AATATGCAAAGCAACTTTAT	0
TAAAAGCAATACCATAAATA	0
TCGCGGACAGGTCATATGTC	0
TCGTGAGGAATAACAAAGGT	0
TGACGAATGAAAAAGATGAT	0
CAAATAAAAATGAAGCCTAC	0
CATAAACTGCCCGTCACGGA	0
GCGACGCCATACATTGGCCA	0
CTCTTGTTGAGAAATTGCTT	0
ATAGAGGCGCCACTCACTTT	0
GACCTTTAGAAGCACGGCAA	0
GTCATCGTCATGGAAAGGCG	0
CGAGAGGTACCCCTCCACTC	0
GTTATGAAAATTACACTATA	0
TCAAAACTGACACAGAACAT	0
ATGCTATGTGTGCTCTCATT	0
GTAGCGCTTTGCGACGCTCA	0
AGTAAGCTTGTGCTGTTATG	0
ACCTCTGGGCAAAATGACAC	0
ATTAGCTGCGACCTACAATG	0
TAATAGAAGGTCAACGGAAG	0
GCCTGGAAGCACGGCGAGAA	0
TTTTGCAATAAAGGCTCCAT	0
CGTTCTGGAGAATATCTGAT	0
TAAGGTGCATCCCATTGCTG	0
CTCATCAGCTAATGCGTCTT	0
TAGTAAATTACACCAGGATA	0
ACCGAACGCTTTGAGTCGTG	0
GGGTAAATGGATGCCAAAAA	0
GGGAGCGAGCCGAGCATTAT	0
CCAGCAATAAATCCAAAAAG	0
ACGCATCGCCAAAACCCAAT	0
AATTATAAGCCTTGAAACGT	0
CCGTAGATATGAAACCATGG	0
CACCAGGCACCGGACCTTCA	0
CTGATTGGTACCCCCTTTCA	0
CTCACTAATGTAGACCTATC	0
ACTGTTAAGCATATGTTCGC	0
TCACAAACACCACGTAGGAA	0
TGCTGTGAGCTGTTCTAACA	0
CTAGCCAGACGGAGGGAGTT	0
TAATAAATAGGGGAAGCGCT	0
ACATAGGACAGTACGTGAGA	0
TGCCCTGCTTCACCCTAACG	0
CGTGAAATGACGAAATGAAA	0
TCTGTATATAAATGGAATCT	0
GTATTAAGAACAGAGCGAGG	0
GTGGATCCAATGGATGGGCC	0
CCCTCACACCAGTCATGGAA	0
ACCAACGAGCCCCCTGCGGC	0
ACGACACTGAAATGGATACC	0
TTTCTACATCCCAACGTAAG	0
GGACATGTGCCCGCTATGGC	0
AGGCCACAAAAAACTTAATT	0
AAGGCAATTATACCTTTCAC	0
GTCCACCTAACGCTACATTG	0
CTTCGGAACAGACAGCGTGC	0
ATGAAACTGGGGTGACGCCG	0
TTGATGCACAAAAGCTGCCA	0
ACGAATTGAATAAATCACCA	0
AGGGAGGGTCCACACTCTCA	0
CAATTCCCAGTACTGCACGC	0
GAACGGCGGGGACTTACCCC	0
AGTTATTGCAAAAACGACGA	0
CGACTTGTATATGTATTGTA	0
TACCCAATTCGAATGAGCAT	0
CTGCGCAGGGCCCATACAAT	0
ACGTCAAGTTTAAGACATAC	0
TACACTCGAACTTAAGTTCC	0
AGTAAACGTAAATGCGAAGC	0
CTAAAAACTGTGGAATTTTT	0
CAAGAACAGATGAGGGATAC	0
GAATCACTGCCCAAATGAAC	0
ACGAAAGGTAACATCCGAAG	0
AGGTCATATACGCAAGTGGC	0
TAAAATCATAATCTGACCCC	0
TAACTTACCACGTCTGCCAA	0
CCGCTGGGGTACTCCACACA	0
CCGTGCATAAATAAGGGATT	0
AGACGTGCAGTGTCCCCCTC	0
CCGCATGATCCAGCATCCCT	0
ACTGAGTGAATACATATTCA	0
CCGCAACACACGCTCACGCG	0
TCGGAAGGGGAATAAAGCGT	0
GGTAACGCAAAACTCTCAAC	0
AGAACGTTAGCTCTACGAAC	0
GAAGCTTAATGGTCGTCCTA	0
ATAGGTACTAAAGGTAAAGT	0
GGGAACGATAAGCTTCGGAC	0
CCGGCCTTCTCAGGCACAGC	0
CTACCATCATAACGCGAGTA	0
ACAAACACGCAAGCAGCGAT	0
CGCGAACCACTCTCACCTTG	0
CAGTCAAGTGCTAGGCCAGA	0
CACGGAATACGCACTTCGCT	0
TAATCTTGATAACGCCACTT	0
CGGGTACTCCCGGTGAATAC	0
TTTAGCGAATTCAGGGCCAC	0
CGGACCGAAAACACCCACGC	0
TCTAAAGAAACAGCCATGAA	0
AAATAAAGGAGGATTTCTGG	0
ATCATAAAGCTCATCCACTG	0
TATCGTGAAGGATCCGTTGG	0
ATGTGGCATCAATGCTCCTG	0
GGCGCTCCCGTTCCCCTTAC	0
GATGTGACATCACAGTACTA	0
ATCCTAAAGTTCCTACCCCT	0
CACGAGTATTAATCTGTGGA	0
AAAGAATCTTAAATTCATAG	0
AATTTTCTACGTCCAGCATT	0
AACGAGAAAGTTCCCCCCGA	0
GACTTACCCTGTTTCAGTAC	0
ATCGTCCACCTTACGTTCAC	0
AACGCTGCTAACACTTCAGG	0
GTTTGCACACAAATAGTGAC	0
AAGACAGCGCTACGGTCTGG	0
AGCTGCATACGCGAAAACAA	0
TCCAATGTCCTCAACACGAG	0
CTCTACGCGCGTGCCTTACG	0
CAGCAGAAAGACAAGTGCGG	0
CAACACTGCCAGCATACATC	0
ATCAAGACTCCATATGCGTT	0
AGTCCACAGCGCACTTTAGG	0
ACATCCCGCAAACTAGCCCG	0
TAGTAACCGCCGGCGTATAG	0
AGAGAATCATCGATTTTTTC	0
GTTGGTTTCTGCCCGATCCA	0
GCAACTTACAACGCAAGTAC	0
GCACCCGGTTTCCAGACGGA	0
ACATGTAGCCCATAAGCAAG	0
CGACCGTCAAAACTGCCAGA	0
AATGAAAGCCGCTAAACCTC	0
AGGCGTTTCTAACCCGCGTT	0
GGAAAATCCTACTAGACAAG	0
ATCGATCCGCGAGCCGCCGC	0
ACGAAAACTCGGGACTTGAA	0
CTATACGTCAAGCCACGTTA	0
AAAGACGTATCGAACTTGAT	0
CAACAGGACCTGAGAGTTGA	0
ATACTGTGCACCCGTCAACA	0
AAAGCGGCAATAAAAAAAGA	0
CTTGTACAGACCTCCTTCAT	0
ACAGACTCAATCTTAACTTG	0
AAAGACTTACCTCTAACATC	0
CCCCCACCGCAACTCTCTCC	0
TACACGACAAAGAAATACCA	0
GTGAATCCGGTCCTTTTCAG	0
GACGCGTACTGGATCGTGCT	0
TCGACCTTGCCAGATGCGCA	0
TATAGCTGAGGTACCTCCAC	0
ATACTGACAACCTGCCCGAG	0
GTAGAAATAGCTTGTGCGTT	0
AATACAAAATACTATTTAAG	0
TTGACTATGACTACCGCTAA	0
GAGATACGACAACGTGAAGG	0
TTTTACAAATTGGTTACTGC	0
CTTTAGCCATTTGAGAGGAC	0
AAAAGTTGAGTTAAGCCTAA	0
TACAATAACCTAAAGAAATC	0
ATAGGCACTCATTCTAGTGT	0
CTATACAAGTATTAGGTAAG	0
AATTGAATGAGTTGTATTGC	0
TTATGATTAATCATCTATGA	0
AGTACTTATAAACACATAGC	0
AATCGTGAGAACGCGGCCAA	0
GGCCTTTGCGCAGAATAGCC	0
TAGTCGTCCCCTCCTTAAGT	0
TGGTATACACCGTAGACCGT	0
GCCAACGTGCAGGTAGGTCG	0
AGTGCAGCCCGCAGCACAAC	0
CGCCGCTCACCTGGTGGCCC	0
CGTGGCGTGATACCGATCCA	0
ACGTACTTACCTTGATGGCT	0
GGACGGACTGTGTGTGAGAC	0
AATTAGCGGATAACCGAAAT	0
ACCAACGAAGCCTTGAGCGT	0
TGTCCCGTCCTAGATCCTCC	0
GTTTATGGTTGCGCTCTGCG	0
TGGGATAAACCGGACTCGCG	0
TGGGATATGCAACGATATTC	0
CGTCAACGGCTGACAGTGCT	0
CCGATGACCGAGAAACGTGG	0
AAGGAACCATGTAGCAATAG	0
TAGACGGATACGGGTAACTC	0
ATACGCTGATGCCTAACGGC	0
CCAATGGTAGAAGAGCCTTC	0
ACTCGTATGCCGCTTGCGGA	0
TTAGCGAGACAGCCCTACCT	0
CCCGTATGTTAATAAAAGGA	0
CAGAAGTAAGAGTTCTCGAT	0
CATTTCAACGGTTGTGTCTA	0
CCTTTATTTCGTCCCATGTG	0
TCAGGGCGTTTGATACGGCT	0
AAGACGGAATGCGAATCACA	0
AAGAATGGCCGGGCGAACTC	0
GCAAATATAGATGAGAAAAG	0
TTACATCACCGAAGGCCAAC	0
ATAAGACCAATCATCAAAGA	0
CTGCGCCATTTTGCCGAGGT	0
GAATAAACCAACCAATTGTG	0
GCAGGTACAGCGGGCTGCAG	0
GGTAGATAGGTAACCGATTG	0
GCTACCTTTTACGGCGTGCA	0
TGTTAACCGGACGGAACGAT	0
TAAAACCAACAACAGGATAG	0
GTTAGAAGTGCTGGAGATGA	0
CCAAACCGCCATCAGGTTGG	0
TTTGATACGCGCCTCTGTTC	0
AACTGGAACAACAGTGCATC	0
AACGTGCTGCTACGTAGTAC	0
TCAAAATAAGTATGAAGCCC	0
AGTGAACGAGAAAAATTGCC	0
AAGCTAAACCACCGTATAGG	0
AGGGAAGTAACTCGTGCTGG	0
TCGCTGACCCAAGACCTCTC	0
GCTTAGGGGCCGGATGCACC	0
ACCAAAGCCTGCCGGTACAC	0
CGCCTCAGTCACCCCTCACC	0
ATTAATATAAAAAATCACAA	0
CTTTTTGAGCGCTTTCTAAA	0
AAAACAGTACCTATTAAAGC	0
ACTAGCAAGAGTGGCTGCAC	0
TCCATGCATAATCTTACGGG	0
TACATTACACTAGTAATTAC	0
ATGCGCGCATTACTCGGTAG	0
ACCCAGCCTCTTATTATGTA	0
TATCGTTAATTGCAATGTCA	0
ACTTGCGTCCTATCGGCTTC	0
ACACAAACATACGAGACAGC	0
CGCATCAGGACATCACGCTC	0
CACCCGATATGGACGGGCAG	0
TCTTCGGCTCAAAGCTCTAA	0
ATGGTAACCTTGATCAGCGC	0
GCATAGTGCTCTGACATGGA	0
TTAAGTAGCGAAACCAATCC	0
GTAAGCTTGATACCACCACT	0
TTTGGTATTCGCTAATAACA	0
AGGTACACGATGAGACTCTC	0
GCGGTATCGTGTGGACATAG	0
ATCCAACGAGCAACTAGGTA	0
GAACGCACATTGCGATTACG	0
GTAGTGGTATTTCAGACAGA	0
CTATTTATGATACATTGACC	0
GCTACCACTCTTGATTGCCC	0
AGCTAGATGCGTGAAAAAAT	0
GAGTGGATGAATTAGCCAGG	0
GAGTGCGGATAGTGCCCGGC	0
AACACACGATACACAAGTAT	0
TAGTATCACTGCTGTCCCGC	0
AAAATAGGCCGACTGAGAGA	0
AAGAATGGGTCACCGACCCA	0
GTAGGTACTGGGCTACATGA	0
AGGTTATACAGTAGTGAAAA	0
GCGGAGTTTTATGCTAAAAA	0
ACGAAATACACCCAGAGGAG	0
GAGGTCCACACGCACTTGCC	0
AGACCTAGTAGGACCTACCT	0
CCCTCTCAAGCTTTAACGTC	0
ATGCGGAGTAAATTGCCGAC	0
CCATACCTTGGCACCTCCTC	0
TGGGCTAATCGAGCGAATGC	0
GCCCGGATCAAGTTATATTT	0
CCCACGAATGCAAGCTACCA	0
AATAAAGTGTTAAAGTGCAC	0
ATATGGGGGTACCCGTCAAT	0
GCCTCTGTGTGAAGTATGCT	0
AGTCGGGGCGGAGGGGATTC	0
GGCTAACTATAACTAGCTGT	0
ATCAGGTGATCATTCGCAAT	0
GACGGCTATGATTGAACCAA	0
GACGGATGCCCCATTGACCC	0
ATGCGGTGCCCAAGAGCACG	0
GCGAATGCGTTCCGGGGGGA	0
AGCGATAGCCAATAAGTATT	0
TCACGACCCACAGACAATCA	0
ACTAAATTTTTTGAAACCAA	0
GTTTACCTTACGACTTAACT	0
ATCACTGATGTGCCCGATTT	0
TGATTATGGGTGATACGAAG	0
TTGGGCACGTCACCATAAAC	0
GAACGCAGTAGACCATGAAC	0
AGAGTAAGCCGACTCCCGAA	0
AACAATAGCCCCGTTTACAA	0
AATGAGTGAATACAACCTAG	0
TGAATAAAACAATGCATAGC	0
GATCAGTAGATAGGGCGGTA	0
AGCGATGCGCGACGCCAGCA	0
ATAACTTCTATGTCTGAAAC	0
TTTTGATAGAGGGCGTCAGG	0
TAGCGAAAGTAAGACATTTG	0
ACTGCCAACGGACTAGTATA	0
ACCTTTAAGATTATAGGATA	0
ATCACACGTAAATGTAGACA	0
CCCTATACTCGCAATCCCTG	0
TAGGCATCCTACACCCCCGT	0
GAATCAAAGCCAATTTACGA	0
TAATTCGCGACAAACGCGCA	0
AAAATCGACGTTCATCATAG	0
TCCTACACCACATTTGTTCC	0
ATACAAGAGGCCGTTTTAGA	0
AGGCCCCACTCCCCATGTAT	0
CCAATTTTTGTCAGTAGACT	0
GGAACTTACAGATGCAAGCC	0
CTATTTTTTTGATTTTATAA	0
AGGTATAGGTCACACCATCG	0
CCTGCCCTATGTATCGGGCT	0
ATTATGATCCCGGCGAGGGG	0
CATTTCCAAATTCTCGCACC	0
CGCTAAGCCTGGTTAGAATA	0
AAACACACATGATCCCCTAC	0
GACGAATGAGGGGAAGTCAC	0
TACTAGTGCATCACAACAAT	0
CGCACGTGCCTCGAAATGCC	0
GGTAGGCTACCCCAAGGAGA	0
AGTGGTCAGGCAAGGGTAGT	0
ACCTATGCCCATCCTAATCC	0
CTTCACGACCAGAGTACGTT	0
GAACACTCTGTGTGGCGCAG	0
ACACACATACTAACCAATTG	0
GAAAAGGATGCGAGAGTACA	0
AGCGGGCACGAACAGCTAAC	0
TCATTAACGGGGCGGTGAAA	0
AGAATTGGAATAGGCAATAT	0
ATCCTCATCCTGCCATCAAA	0
GGAACTGATGCAGACACACT	0
ACAGGAAAAATAGTAGAGTG	0
CTTACCATACCGCACCTGCA	0
CCATTGTTAATGTTCAAGCA	0
GACAATACACATGTGCGTCG	0
ATTTGTCCAACGAATAAAGA	0
CAAACGAAATAAATGGACCC	0
GGAATTACCATGTAACGCAG	0
GAACAAGGGTACAATCAGTG	0
TGAGATTTGTCACGTGCGTG	0
GAAGAAGGATTCAATACCAT	0
GGTGTACTTAAGCCGAACAA	0
AAGACCCTTACACCTGCAGC	0
CATCGTTTTATGCACTTTAT	0
TCCGAGGATCGTACAACAAT	0
TTCGTGACGGTCCAAGCGTC	0
ATCTAATAGGCAACACAGCG	0
CGCGCAAACGACACTTGCGA	0
AAGTGAAAACTGAAACATGC	0
TACAATCTGTAACAGAAATG	0
GCCATATTGAGAATCGAAAA	0
CGAGGTAATGAAGATTCCGA	0
GTGGAGTGTATTTTATCACC	0
CTACGGCACGCACTTAATCT	0
GACACGTGCAAGTACCATGT	0
TGCCTGCCTGCGGTATTTTC	0
GCAAACGTTATAATAGGATC	0
ACTCAAGACTACTGTCTGCC	0
AAGAACGTCGATAAGAGCCA	0
TCATGTAGGAAGGCAGTCTT	0
CGATCTCGCTGGTGGATCTG	0
CTTGCCTTAACCAGAAAGCG	0
GAATGCTTCAACTTGCAGAT	0
ACTGGTGAGCGTGAAGCGCT	0
GGGAAGAAAAATTAAAAACT	0
GAAGGTAAATGCAGTTCGGG	0
ACATCCACCGCCACGACATT	0
AAGAATAATAGTGGAGTTGT	0
ACGGACCCTCATCCTAAAGA	0
AGAGTAAGTGTGGCATAGCA	0
GGAATACGCCAGAATATAGC	0
ACTAAAACAATGTGCTAAAC	0
AAGCCCGAAATTCAATCCGT	0
GATATAGTTAGATTATAACG	0
CGGCTAGTAATATCAAGATG	0
TGACGGGTCAAACAACTTGG	0
GCAATACTAAGTCAAATTAT	0
GAAGGACAAAACAGAACTGT	0
ACACCGTAGTTGTCGATAAC	0
AGGCTAAGCCTAAAAAGCGG	0
CAAGTCTCACTAGCCCGAAA	0
CAACGAGACAATAGCTTGTG	0
AGGCTTGAAATGAATCTCTA	0
AAACGGGGACCATGCGAAGG	0
TTATTGAGCGTGCAGATAAT	0
AAACCCGGACGATCGCCCAC	0
AGCGAAAGGATGTAGAACGC	0
TATTCTTTATTAATCTGTGC	0
ACTCAATAGTCAAGTCATGC	0
GCACGTAAATGCAGCCTGCC	0
CCCTAAGTATATGCTGCTAT	0
CATTCCATAAAATTGGCATA	0
TTTTAAATTGCTGAAGTGAC	0
TTGCGCTCGACGAGCGGAAA	0
TGCTGAATTTGTAACAGCGA	0
ATCCCACCCTGGCCCTATCC	0
TGTGCGTTCCAGTTACTCGT	0
CGTAAATTGCCTGAAGTACG	0
ACGACCAACACATCGTCCCT	0
CACAAAGGGCAGGGACACCA	0
TAAACATACCAATTGGGATA	0
CCGAACTAAGGCAGTAGAGT	0
TTCAAGCGAAAATAAAGCAC	0
GACACGGCCACCTATTGAAC	0
CGAGGACGTGTATCATTACC	0
AGCAATATGAGTCATTTTGG	0
CCTGGGTAGGCACAGTAAGT	0
GGACCCGAAAATCAAAAACA	0
AATGTAGGTCTCGACCCACT	0
AGCATCCGGGGAAATTGTAC	0
CACTATTGGCTCGCACTCTA	0
GATGAAGATACGTGAGGAAC	0
GTAGCTTATATTCGTAAGGA	0
TAACCCAAGCCAAACCCAAT	0
TAAAGGCAAGTGAACCTAAC	0
AGGGTATTGATCTAAGTACG	0
ACAAGTGTGTTTTGCCTTAT	0
TCCCTGAGATTCCATACATC	0
TCCATGAGCTAGGTGAACAA	0
CCCAAAGAGCTAGTACCCAT	0
AGATCATTTAACATAGCATC	0
CGAAACCTGAATACCAACGG	0
ATACATAATTACTGCAAATG	0
ACAACAACTTAAAGTATATG	0
AACATACGAACTGCTGGACC	0
GGCGACTTATACGCTACTGA	0
TACCTTCAGTCCCGGACCAC	0
CTAAAAAAACTAAACACAAA	0
AACCCCTAATGGAGGATTGG	0
TCTTTACGTATTACTAAAAA	0
GCGCTATAACATATAACATA	0
AGTAAATAACGTATATATAG	0
AGGTATCAGGTTAGTGCGCC	0
GAATTCGAGAAACCCGCCTC	0
ACCCAGCGCCCCCCCCCGAA	0
TCCATAGGGGGCTGTGCACT	0
ACGTATCGTCTCCCTGAGGT	0
ACGGCGCTAGGCCATCTCAC	0
AAATGCTCTGTGGATGCCAG	0
AGTAGAACTGAGGACCAAAA	0
GATGACGTATTCAGTTGTGA	0
TAGTCCATAGGGGGTTAAAC	0
ACTAGCTTAACTTTGATGAA	0
ACTTGACATTGCTATGTCAG	0
GTGAAAACGCTGTTAATTGT	0
ACCGCCATTACCAAATACCC	0
GCTTGTGCAAGTGGTCAGTT	0
AGCTAATTTAGTCTTAAGCA	0
CCACATACCTTGTCAATGGA	0
GACGGATTAGTCTAAAAAAA	0
ATAAGAAAAAGCTGGAGTTG	0
TTATTTACATTAAATATACC	0
TTATAACTAAAGCCAAATTG	0
ATGTGAATATGAGTAAGCCG	0
ATCAAATTATGGCCTGCGTC	0
GATGCTATACACTGCAAGAT	0
ACTAAATCTAGACGTGAGTG	0
CATCCCCTGCAGGACTCGTG	0
CCGAACAAAGGAAATGTGAT	0
ATCCAAAGGTACCCTTCAGG	0
CATCGACACGTGCCTGCCGC	0
TAACGTTACATAAAAGAGTC	0
ACGGCAACTGCCATGACGTA	0
ATACAAAGACTCATGAATAA	0
TGTACGACAGGTGTGACGTA	0
ATGTGTGCCTCGGCGTTCTA	0
TGGGACGGATCCACGACCCC	0
GCGTATGCGCAGGGGAATGA	0
CCCATTGTAATAACCCAAGC	0
ATGCGGCAGGAACGGGCTAC	0
TAAACTGAGAACGATATAGT	0
TGTCACAAAAACAATATTAC	0
CATAATGCGACAAGGGATGA	0
TCGACACAAATCCTGAACTG	0
ATTTGGTGGAATCCCGTAGA	0
GTCTAGGTAGAGCAACATCT	0
GCCCTTAACGCGCTGAGACG	0
GGGAATAGACCGCGCCCCCT	0
CCACTATATCGCGTAATGCA	0
TTCTATCAATACCGGAACCA	0
ACACCATTAGATACCGACTC	0
GTGACCATGAGACCAACATA	0
GCGGAGTTTATGGTATAGCC	0
ACGAGCACCGTTGACCACGC	0
AACGGTTCCCGGCAGGAGTC	0
CACTAATTTTGTGAATGCAA	0
ATTAGATTTGGATCACCCAA	0
ACAGCATAATGTGAGAACAT	0
GATAGCCGATGCCGAGTTCC	0
CGGCGTCCGATGGGTCATGC	0
ACGCATCCCCGTTAGATCAA	0
TTAGATAATGGAAATGTGAC	0
GTAGCTAGTAGACATAAAAC	0
GACGACTCCAGGAGGTAAGG	0
TCGGAGTTGTAACTCTACTG	0
AGTTGGCTCACGTAGTTCGT	0
CACCTCAACCGACATAAACG	0
CATCCATGATGACATATTGG	0
TCAGTGAGGTTTCACTGAGG	0
AACAGGATCTCATTGTGTAC	0
GACGGTCTCTAGAACACGCA	0
GCGAACGTCGCGCGCAATAC	0
GCATGATAGATCCAGCAACA	0
CACGTGCACACGTGAAAATC	0
GATGTGAGTAGAAGCCAGCA	0
ATGACGTAGACTAAGCTAAG	0
GAAACGGTCCGAGCCGATTC	0
CGTAGTGTCTTAACGCCATT	0
TGCTCCTGCGGTTCGGCAGG	0
GGCGCTCTATTACCAAACCC	0
TTTCCTAACCAAGGGCTTTC	0
ATATGGCCTGGCGCCGGAAC	0
TAGCTCAATGTTAACAAATG	0
CCCTAACGACTTGACTCCGT	0
ACCTTGAGACCTGCGAGCCT	0
TCCTACCTTCCGAGAGTGGT	0
CTGTGACAGCCCTCCTTATA	0
TTATCGTTTAATAAACTAGA	0
GTCGGCGAAGTCCCGATCCA	0
TCCTCAGCTGTGACGTCCCG	0
GAAGATGTTCCGAACTCGTG	0
ACCAACGTAAAGTGAGGCCG	0
CAATAAATACAAAATGAGCC	0
ATTCGTGCAAGCTAATGCGC	0
GCATTCAGCCACTTTTGAAG	0
AGTCACGCAATTTTCTGAAC	0
ATGAAAAAGTTCCAAAGAAA	0
AATCCCTGATGTCGTGAGAT	0
CAAAAAAGAAACGCCGTCCC	0
GCGAGTGTATCATATGAAGT	0
TATTAGTGTAAGCATATTCA	0
CTCCAGAAGATGCTTCCGCA	0
TTAAGGGTTCCAAAATTTTC	0
GAGGGCCACGGACGCACCAT	0
AACACTGAGGCCCAGAATAA	0
ACTATCGCTCTCGTTCAAAC	0
ACCGAAGGACCGAACTGAAT	0
TAGCCAGATTCGCTAGGAGG	0
TGCCGAACGTCATCTCGTAG	0
ACGCGGAGAGATTTGGCGTA	0
TCATTTGATAAGCCCGGAAA	0
ATATTATCACTGAAGCCTTG	0
AACTTACATGTTACGGCCAA	0
ACGAATCCTATCAGCAACAA	0
TAGAAGTCAAACACTTCCAC	0
GTGATATAACCTAAGGTGCC	0
AGCCCGTTGAACACCTGACG	0
GATGCCTCACGATCCAAACC	0
AGGGACACGCCATTCACTGC	0
AAATAGTGATGAGTTAACAC	0
CCGAGCTCCCTTGGACTGAT	0
AGCGATTATGAATGCACAGC	0
GTGCAAATAGCTACCCCCAA	0
GATACTTTCGTGGACAAGAA	0
TGCGGTAACTCCTAGAGGTG	0
AAGCGTAAACCCCGACCACC	0
AAGATAGCAGATACGGGAAT	0
GCCTAACGATAATAGAAGTT	0
AGAGTATGAAGTTTGATTAC	0
GCCCTGGGTACCGATACACT	0
CCCGACAATTCTAAACTGAC	0
AGGTTCCGGACACTGTAGCA	0
CGTTTCCTAATAACGGATGG	0
GGACGAGACATCCCATCACG	0
CCCAATGCGCTAAGTCGCAA	0
AGCCACACGCCCATAACGTT	0
AAGATGTAACGCGCCTGTGG	0
GAACTGGTGTAGTAATAGCC	0
CTCATTCCACTTTAGGTACC	0
ATAATCCGACTTGCCATCTT	0
AGGCGATTGAGGGCCTGTCA	0
CGTGTACTGAAGAAAATTTC	0
CCCACAGAAACAACCGGATC	0
CGATTCCTCAATGTAGCGGA	0
TGCCAATTGTCCAAGAGAGA	0
GATAGGGATTCAAACAGACA	0
TCAAACACCCAAGGAACATG	0
ACACAGATCATATGCTGACG	0
ATAGAAGTGAGCGACACGCC	0
GAAAAAAGTTTACGGGGTAC	0
ATCCTTAACGGAACTTCTTA	0
AGCCAAATAAGGACCTATAG	0
TCAAAAGCCTATCGCAACCA	0
TCCTAGTTAGAAATCGTAAG	0
AATAATACACCTGTTAAGTG	0
ACAGGCCGACGAGCAAGAGA	0
CTACAATCCATGTCATCCAT	0
ATAGCATATCCGTCGAATGA	0
AATTACTAACGCGGGTCAAC	0
TATCTTAATATACGGTATAG	0
ACTTGTAAGCGAAACTCTTT	0
ATCTTGTTGAAAGGCATCTC	0
CGTGTGGCCATTCGATGTAC	0
GCGAGGCTACCAAAAGTTGT	0
CTTAGCATACCCCCTTATGG	0
TGGCAGTAGCAACCGCGCGC	0
CACCTGGGATTCATGCCCCA	0
CTCATCGAACTCGCCGCCAG	0
AAGTGACCGCCCCCAGGCCC	0
AGTTAAAGTCCTCCTGGGCG	0
CAAAAGCTAAAGTCCAGATA	0
GAGACCTGCACAGCATCAAA	0
GGCATTATACTATTACCTGG	0
AGCCTACACGGACAAGCTAA	0
TTAAACTTACTTATAAGTCG	0
ACGCGGCCTGTTAAGAGAGT	0
CTTGCTGACTAGCTATCTTC	0
TCCCTAGTAACAAGTGAAAG	0
CATTCTGGCAGACAGACTAC	0
GCCAGCCAAGAGCAGGACAG	0
TTGTGGACGAAGACTGTCCC	0
AACAATGCAATTACGTCACG	0
GTAGATATCCTGAGTTAAAT	0
ACGCCCCGTACTAACAACCC	0
TACTCACAACACACTGACGG	0
TAACAATCCTGAGCGGAAGC	0
CATGCGTTTGACTGTTTAGT	0
TGGTTGAAAGGTGGCCAGTT	0
CGAAAACCGGATTAATCTCC	0
ACCTATACGGGCGCTGGGAC	0
GAATACATAACAGCTTATGA	0
TAAATCTATCATACCCAAGA	0
GATGAACCTATTGATAGGGC	0
ACGCGTACTTCAATTTACAC	0
TTAACTTTCATACGTGCGTC	0
TATACGTGAAGGTAGTTAAG	0
CGAATGAGCCGGAGCAATAC	0
ATTGCGTGCATCTACCACTA	0
GCATTGAAAGCAGTTTCAGG	0
AAGAATTGGAGCTTATCCGT	0
GCGGCTTAAACTAAGTACTG	0
TCGCGCTAATTTGGTTTGGG	0
TCGCAGGTAGGCTTGTGGGA	0
GCGTAGCCTGACACGCTTGC	0
TGAGCGAGATTAGAACCAAC	0
ACGGGTCGAGCACATTCCTG	0
ATCGATTCACACACCTCGGC	0
AAAACAGCTGACGTAAGAAT	0
CTTGACGGATCTATACATTA	0
AATGGTTGGAACCAGTAAGG	0
CAACGTAGATCATGCAACAC	0
TCCGGCTGTCATAGCAAAAC	0
CAAAAGTATCCAGGATAGAA	0
TCTCTAACATTCATCAGGGG	0
ATACTACCAAGTTTAAACTT	0
TGAGACATCCAACTTTGCAT	0
CTGAGCGTTGAGAACTAGAT	0
CATTGCTAAAACGGCGCGTC	0
ACAGGAACCCAGGGTGCCTG	0
TGTATGCAACACACATCCAT	0
CAGTTTGTAACGAGCTAAAC	0
GGTGGTCCTAACTCGGACAG	0
CAAATGACCACACCAACTTC	0
AACTTAAGACAACTTGTACG	0
TCTTCACGGTGCTTGCCAGC	0
ATAGTGTCGCCCGTGGAATA	0
AGTGAATTCAGGATTCTCGA	0
GAAAAAATAGTGTAACGTAG	0
AAGCCAGTGCATTATGAGAG	0
CGTAGATGTAAATAAAACTA	0
AGTTCATGAATACCCAAGCA	0
TCAAAAGCAAAGGGGAACAG	0
GCTGTCAACTCAAGCTCATT	0
GCTAGGATGGTGTTTTCAAC	0
ATCCAAAGGCATCGCGCCGG	0
TCTTGTAGACATTTGCACGT	0
ACTGAGAGATTATGTGGGAA	0
CCTCGGCGAAAATTGTTTCC	0
AACGCCACCTCACCGCCCAC	0
TGTATAGATAAACGAACAAC	0
ACCATCCTCTCCCGAACCAT	0
CTCGGAGGGGATATATGTTC	0
AGACCCCCCACCAACTTATC	0
GGATGAGGATACACCACCTG	0
ACGCTAGTATTAGACTTTGT	0
TGTCATGTCGCGAAACATAC	0
TCAACTGCTTAATTTATGAA	0
GCGCTGAGCAATTTCCTATG	0
CCGAACTTAGATGAAAAGCA	0
CTGTACAGCGGCCAATGGCC	0
ACCGTGAAATTAAAATTTTG	0
GGCTTAAACAGCTCTCGCAT	0
GGTCGAAGGACACACACTAC	0
TCTAAGGCTAACTCCTGTTG	0
ACCATTATAAACGACTAGAT	0
GGATAACTTGAAACCGCGAA	0
TAAGCTGAGAAAGAGCACGA	0
TATTCACTAATACCACATAC	0
ACGCACAGTGTCCCTCGAAC	0
GCAAAGGCTTATTTAACACA	0
CTTAACGCGCCCTACACGGT	0
AAAATTTTATTACCTTGTGT	0
ATTACTGGCGTCATAGTCTA	0
GCGGAGGAAATGGATCACAC	0
CAAATGGATCTTTTCGAACT	0
ACCAAGATGTGGTAATAAGA	0
TGGACCTGAGCCAACAATGA	0
TCACAGGGATGAGGAAGACT	0
CGACACCTTCGTACGGTTAA	0
GGTTATCGGTATGCCGTACC	0
TACGCACTTACCGTACCGAG	0
ATGTGCATACCAAAGTGCGA	0
ACGTCATAAGAGTCTATTTA	0
AGATCACTACTTATGTGACC	0
AGAATCAACTGCAGATATCG	0
CAGTAACTACTCCATTGCGG	0
CCGTCCTGATCGGTGGCATC	0
CATCTTTGGGCGAAGGAAAC	0
GCAGTGCTTGAACTCGCCTG	0
TCTTGAGAGTTGGTAGAAAC	0
GCAGGATTCGCGAAGCTAAA	0
CACGAAGCACTCCAATCAAA	0
CTGGATGCTAAAGAACTTAT	0
GGCCTTTACACTTCTCGCCC	0
CCACATGACTTGAAACGCCT	0
TCCGGTCAGGCCAAACAATG	0
TCTAGTTTACTTGCGAACCT	0
AGACCATAGTTCTACACACA	0
TTACCCTCCTCAACGATAGG	0
CGGACGGCCTAGAGGTACTA	0
GTTGTAGGAAACACATCGGC	0
AATTTATACCTCCTCCTGTA	0
AGCGATCTAACACATTTAAT	0
GAGTTGTATAAGAGTCCTAC	0
ATACACCATCTGCCGGTCGG	0
CGCACGAATCTTCTGAATAG	0
AGAGACCCATGACTTCATGA	0
TATAGCATGTCAACCACACA	0
ATCAATACTTCTTGCTCCGC	0
AATTGAATTAGCCTTGAAAC	0
CGCTTACTGCAAGCTAACGT	0
CATTGCCGGCGGAGTGTTAT	0
CCCGCCTTACCTGATCACAA	0
GCAAGGCTGGCCTCCGTCAC	0
GGACTGTTAACGCGCTAAAC	0
AACCCTCAACACTGCTCTTT	0
ACATAACGAAGAACCGTTGT	0
GTTGTAAATGGGGAATAACC	0
AAGACCTAAACCGCCATAGT	0
ACGCTGAAATGATGGTGCTC	0
GTATGAAATGAGCGACTAAT	0
CGAAATAGTACCTCCTTCAC	0
AATCGGATCTCATCCCCTCA	0
AGAATCTCCTGTAATGCCCG	0
ACCTATTGTTGATAGAACAA	0
CAACACCTCCAAGTTTTCGT	0
AATTAATACCCCTTTCTCTT	0
CAGTATGTTGTAACGTCGAA	0
GGAAAACGAGGAGCTTCCTT	0
GACGTTAGAGAAATCAATAA	0
GATAAATACGGTATAGAGTG	0
GCGTGAATCGATATTTCATG	0
TAAATTCTAAGGTGAAGTTA	0
GATCTCCAGCAGTCCGCATA	0
ATGAAAATCGTCAGCGGGAG	0
ACACGGTCAGCGACTTGACA	0
GACCAGGTTAAGAAACAGTA	0
GGGAGGAATTCAAGACCCTC	0
ACAAGTCATGTTAATCTTGT	0
ACTCATTCGCTATATGGACG	0
ACGGAAAGTTTAACTAGTCC	0
GCCATATTAAATCAACCTAC	0
ATTTACATATCGAGCGAACC	0
ACTAACCATGGTCAATGCTG	0
TGCCATTGATGGCTTTTATT	0
CAAGATTCACGTTTTTACGA	0
TGTCATTAACTTTGATATAC	0
CATTAAATTGTTATCATCCA	0
TTAAAATATTAGAGCTACAG	0
ATGACACGTCAATAGCATCG	0
AATAGCGTCTAGTAAATGTT	0
TCAAGTATTGAAACGCAGCA	0
CGAAAGAAGTCAAGGACCCA	0
CGCGTAAGAATAGTAAAAAC	0
CATGAACCCGGCACCGTGCC	0
TCCTTCACACACAAATATAT	0
GACGCACGGTCGGCTTCCTG	0
CGATGTATACAACCCAACCC	0
CGTACCCTCCTATTTACAGC	0
ACCGACAAGTAAATAAAAGT	0
GCGTGATGACTAAGAACAAC	0
TAACACCGACATCTCACACA	0
CAAGACCGTAAATCACAAAT	0
AACAATGCATAACGCTATTG	0
TCATAGTGGCTAGGGAAATA	0
GCCAGGTTACACAGGTTTGA	0
TAAACGTGGAAGTGAGCCCG	0
CCTTCCAACTTCCGAATATG	0
TAGACACGCTGCACGGGAAG	0
CCATACCTACTACAGTTCCC	0
AGGTTGACAGATTCCGTATA	0
CCCTACACCCGCTACGTTCT	0
AAAACAAACGCTGGCATGGT	0
CAAACATACACTCGCTGTGC	0
TGTAACCCTGAGCCCGCTAT	0
ATGGGTCGCGCATTCCGCTC	0
GTGAAATGTTTTCAGCGATA	0
CCGAATCCGACGCGGGCAGG	0
TTGTTTCGACAAATCTGATA	0
TCCCGCCACGCTAACGTAAA	0
GAGGCGTAAAATAACGCGAC	0
TACGATACGACGATACATCG	0
GAACTACCGTGGTTTCAACA	0
GATATGCGGAAACGAAACAA	0
CACTACAAATAAAACCCCGT	0
ACGGAACCTCATATGATAGG	0
AAGATAGTTGGAATACGCCT	0
GACTAAGGAAAGTTTGCGTA	0
CAAGTCGTAGGAAACGATAG	0
CCACTGAGTAATTCAACTGT	0
ATATTGATACTGTGGGGCAA	0
TCTTTAACAGCCTATTCGCA	0
TAACTACTAACCGCATACAT	0
ACGGGATTAAAGGACAAAAC	0
AACTTTTGGTTGAAACAATA	0
GCCCCGCGAATACAGTGTGA	0
TGAGAGGTAATATGTTAGCG	0
TCGACGCATTGGGGAAATGC	0
GGCAACAAGAGATTGAAAGG	0
CACCGCCGCCGCCGGTAATC	0
GAATTCCCCGTTCTAGTGCA	0
CGCGGGGGAATCATCTGTTG	0
CAACTTTATATTAGGCCAGA	0
AACCACCAAAATCCCACCTC	0
AGCTTGTAACGATATTCACC	0
CCCGCATTAAGTAGGAAAGT	0
TGTCGTACATCCTGGTCCAT	0
GCCATCAGCTGCAGTTCAAG	0
TCGCGATCCTGTCCCACCTT	0
CGGCTGAGACAGCTGCAGAG	0
GAGTAGCCGGCCCCTGTAAA	0
TTTACCCCTAACGGGTAACC	0
CGACATGGGTGTGAGCTTTA	0
CAAAATAAACAATTACGTGT	0
TCCTCTGCCGAATATACCTT	0
GTACTCACGATCGATGTCGC	0
ATTCCCTCAGGGGGCTCCCT	0
TAGGCGAAAATAACTCCTGA	0
GACCCCCCTCCCACACACAC	0
TACTTACCACTAATTCAGTG	0
TACACTTACCAAGCTGACTG	0
GCCATAGCCCCTCGCCCGGC	0
GGATTCCAGACCGTTACACC	0
ACAGCTTCATTCATAACAGC	0
AACTGTGGCGTCATAACGAA	0
CAGGGTCACGACCCCGTTAT	0
CAGGCGATGTAAGTGATCGG	0
ATAATAGACTGAGTGTCACC	0
CATCCTGCTAGACGCCCGTG	0
AGTCGGATATGAATCATATT	0
TTACCCTGCCATCCAGAGCG	0
ATACTACCACAGTCGGCTTC	0
CGGGGAAAAAGGGTCCAAAT	0
AGAAAGGAGTGAGAAATCAA	0
AAGACATGTATCGTGCAAGT	0
GCTAACCCTTATGACCATGA	0
CACACTAGCGCTCGGGTAAG	0
TCACCTTTTAAATTATGACG	0
CGCTTGCCTAATACACCCCC	0
TAACCACCGCGACGATCACT	0
ATTGAGTAAGCATATGGCAC	0
AGGTTGGCCGATAGCACTTC	0
AAAGGACTTTCATACGAAAT	0
GTGAAGCAATCGATAAATGG	0
GTAAACCACAGTCTCAGCAC	0
GACAGTGTTTACGTCCTAGG	0
AGACAAAGGCTAACCAAGGC	0
GATCTTCGTAGCAGATCACC	0
GTATATACCAAACTCCAAAC	0
GCGCCGATCTTCCAACTCTC	0
ATACCTGTCAAACACAACCA	0
TGCGCTATGGAACTCGAGTA	0
CAATTGAGCTTATACATGAT	0
GTCCGCTTTACTGAGGAGCT	0
AGAATTAACATTAAATAGTG	0
AGAGGACAGTGGGAGCCCAT	0
ATCTTACATAGTTCCAACAA	0
CTATAAATACCCCCCCGTGA	0
TCCACCGCGTTGTACGGCTA	0
GTAAATGCGAGCACCTTGAC	0
ATTCACTTGTCGAGCAGACC	0
TAACCTCTTGGGAAAAACCC	0
TGAAGACGTCCCTATTACCC	0
TAGAAACGATGCGGTCAGGT	0
TCCCGCACGCGTATACCGCG	0
GAGGCGCTTCGATATTTTGC	0
TACCCCGTGTATCCTTGTGG	0
GAATTATCAACATTGCCTTT	0
TTCGTTAAGTCCGAATATGG	0
AGTATGAGAAGGTGCTGCCT	0
CGTTCAATTAGGACCTAGCA	0
GTGTAGGTAGCACCTCCCTG	0
CCGCAGCTAAAAGCTACAAG	0
GCGGGTTTTGAATGTTGGTA	0
CCTTATACTTACCAAACAGC	0
TCCAAGGCCCGCCCTGCCAA	0
CCTTGGAAGCATGTATGAAA	0
ATCAAAATTTTCAGTTAAAA	0
CCGTGGGACGGACTCCTTCA	0
TACACAAACAAACACCACCC	0
AAATCTAATAATATCTCTAC	0
TACCAGCCTGCCTCCCAGCA	0
TCAAAGTCACGATACTATAA	0
AAAAACGCTAGCGGAAAAGG	0
AGAACGCGCCGGATCGACGA	0
TGGCACGTATATTATAATAA	0
CAGTAGCGAATCCCACAGCT	0
CATCTAAGCAGCAATTACGC	0
ATAGAAATCCTCTCGCCACA	0
CACAATTAGAAGGCGATAGG	0
ACCTAACCCGCCCGGTTCAT	0
AAAAACTGATTTTGAGTTAG	0
CTGGTTCCAGTGTGGATGTT	0
CCTCTCTGCATGGTGTTATC	0
TACCAATCGTTCACGTCTAC	0
AGGGATTCGCTTAAACAACC	0
ACTAATAAGACTATCTACCT	0
TTAGACCAAAAATCCATATC	0
CCTGGGAAAACACCTTCATG	0
GGAACACCGACGACCACTCC	0
CACTAAACATTACAACAAAG	0
TAGAGATCCGTAAAGCCGTA	0
CGCAAACCAACCTTTAGATC	0
CCTCTCGCAAGGACGATTAA	0
TTGTTGGTGCTCAGTTACAT	0
GAACCGTCCTGTATTACCCT	0
CTGCGTAACGAACTCGTTAC	0
CAGTACACACTTGTTCGGCA	0
ACGTAGCTGACACTCTACAA	0
CTCGAAACGCAACTATAAGA	0
TTGAAGCGCCCAGGGCCGGC	0
ACATGCGAGTGCGTGTTGAC	0
CCACGTCAAAAATCTGATAT	0
CGGATGATCATTTCTTTACG	0
GAATTGATAGAGACAGAAAC	0
ACTAGTCTTCGCCGGAAAGC	0
CAATCACTTGAAAGAAGAGG	0
GTTGGCTGGTACATTCGCGC	0
CCGTTTAAAACCGAGAAGTT	0
TAAAGGATGAGATATACGCG	0
AACTATGCGATGGATTTGCA	0
CCCATATCCACAGCTGAACA	0
AATTGAGAAGAGCGGGTAAT	0
TTTTAACAATAGCGCTCCCA	0
TAGAATGGATTCGCTTGGCT	0
TATGCCGATTAGCTGGTCAG	0
ACATAAGCTATGGTGTATCT	0
ATTAATAAACTACTCTAATG	0
TAAGTTCTACTTTTATTGGG	0
ACACACGCTAAATGAACGCA	0
AGACGACGAGCTAATAAAAC	0
ACATTTCCTTGCGCAAGCTG	0
ATGAAAAAAAGATGCCAAGG	0
AATTGACAGACAGAAGCGGC	0
CGATAAAATGCCCTACTTAG	0
GAACTACATGGGTTCCGGAG	0
TCGCCACTAAAGTCGCTACG	0
TAAAGTTGCCGGAAGCTCTA	0
AAAGCTATTTATCGCTGCAA	0
CCTGAGCCTAATCTTATCGC	0
CAGCGATTACTGTGCGGAAT	0
GCAGCTCCATAACCCACTGG	0
ACGTGACGTAAAAACAGATT	0
TCGGTTGTAAGTTTAACCAG	0
AGTCTTATAGCACTTGAACT	0
GGTCGGATGCACTCTTCATT	0
TAAACCGGCCCCACTCACTA	0
ACTGGCGGATAAAACTGCGT	0
TAAGACGTAAATGAGGACGT	0
GGATAAATCTCGTAAGATGA	0
AGGTACATGTCTTGCAGAGC	0
ACTGCTTCTAAGCGACCTAC	0
GGTGCAGCGCTTGGTCCGAG	0
CGTACATCAATACCATGATA	0
TTTACCTCGTGCCCGGACAC	0
GAGTTCAGAGCGAAAACCTT	0
GTACAAATTTATGCGCCAAA	0
GAACTCCGAAACCACGTAAG	0
TGGTCTTAGGCCAACCTTGT	0
AGTGCTGCAGAATCGATCGT	0
TGGTAGATTTACAGCTAATA	0
CTGATCGGCTGTAACCAATG	0
ATAAGGGACCTAATGTATTC	0
CAATGTCCAGGCTGTGCTGC	0
CAAAGTTGCACGAAAGAGAT	0
TTTTAAATAGCCTATACTAT	0
GGCGTTTCAACAGAGTCTAC	0
TGCTCATAATAATCCCTTAC	0
ATGGGCTGTGCGTACATCGA	0
GTGAATCGAACAGAGGCTGC	0
GAACGGAACACCCCAAAGAC	0
ACAAATCGGAACAGATTCCA	0
GCACTAAACCATCCCCTACC	0
ATTCCACGACTACAATTGTG	0
GATAGTACAAAACTAGTACC	0
AGTATACTACCCTGACATGA	0
GAAAAAACGACGTTATGAAC	0
ACATGTAAAGAGATGGTCTT	0
ATATCAGTAACCATGACAGC	0
GAACTAGCCAGACACCCCTG	0
AACTATAATCCCTCCTTAGA	0
CACACCGTAGAAGGCTGGAC	0
AATGGACCATACGAATGCAC	0
AGAGACATACCACATAATGG	0
CAAGAGTAATCTATACAATG	0
TTACAATTATGCTCTACCCT	0
CTAGAATAAGCGAAGCTTGA	0
GCTTTAGGTGTTTAATGAAT	0
TCGAATCGCTATGACCTTTT	0
CATACGGAGACATATAGGGC	0
GTGAATAGAAAATAACCCTC	0
AATATATAACTACTTAGAGC	0
CTTGAGGGATCTACCTATAA	0
CATAAAGGCAAACGAGCCCA	0
CGTGAAACGGCTTGGTACCT	0
TAGAGATAGACAAGGGCGAT	0
AGGTTTACTACACAAAGAGG	0
CGGTACCGGAACGCTAAAGC	0
AGTTTAATGGCAATACACAC	0
AACCGACGCTCATTAGTTAA	0
TGAGAAATTGGAATTAAACT	0
AACCTAACCTACGGTGTAGA	0
ACGATGACCAATCAGATGCT	0
CGTTTAACATTGGGTCTCGA	0
ACCCGTGACAACTCCTAAAA	0
GATTACATCAGACCGCGCGT	0
GAGATACTTTGCAATCTTCA	0
TTGAGATTAGCACGAAGCCG	0
ACACCTAAGACGCACAAACC	0
ACCCCTCGTGCCGGAATCCG	0
GGTAATGCAAGAAATGTAAC	0
TAAGTGTGCTCTGCAGGCAC	0
CTCATAGTGATAAAGGGGTT	0
CCACACGTCATAATAATTTG	0
CTTAAACGAGAAGACGTTCC	0
AGGCTACAAGAGAGAACACC	0
ACCATGTTTTGCCCTACGGT	0
GTTATGTGACTCCGCTAATA	0
CCATTCCCATAATCGGTCGC	0
ATTAACTACACCACATCAAG	0
GCATACCAACAATCTAACCA	0
TCCTTATTCCCCCTGTGCAA	0
GCACTGATGGTGAGCTGCAC	0
AGGCCTCCGGCCAGACCTCA	0
ATTGCTCGGTCGATTATCCA	0
GCCAAATCTCCCCAACCGCC	0
ATGGGCTGTTGACACATCAG	0
GCGCGGGGAAGATGTGCTAT	0
GGAAGTGTCAACACAATAAG	0
ATGCGGTAGACCATGCATTG	0
GAAATACTAGGAAGGAATCA	0
CGCATGGTAGGCCGCGTAAC	0
CAGCACACTGAGTGCATCCC	0
TCCATGGATAAGACCCCCAG	0
ACCCAGAAGGACTCCCGAGC	0
GCGTAGGGTTGTCTATTGGA	0
AAAACAGGAAGAATTTTACA	0
CAGGTATTGCTTTTCGCTCA	0
CTAACACACTTACTCCGCAT	0
TAAGTTTTAGAGCGTAGACA	0
CAGGGAAGCCTATTCAGAAT	0
ACCTTGGGCATAAAACGTCA	0
CGCACCCCACCCGCCACCGT	0
AACAAACCAGGGAGGAGGTT	0
TGTGCACCACCCAAACATCG	0
TGGGTCGAATCGTTACGCAC	0
ATTATGAGCGAGGCATTTGC	0
TTTTAGCCAGTTCAGATGTC	0
GTAGACTAGGTATTGCCTGG	0
GCACAGAGCCTGTCAGAAAT	0
TATAGTAATGATTAGATCAC	0
CACGTAACAAATAGTACCGG	0
CAGAGAAGCATTTTTGGAAC	0
CAAAGGCCTGGCACGCAACA	0
CGGAGATCTACAGCATCAAG	0
ACGCATTCACCATGCGGCAC	0
CCGCAAGCAGAAACCTCCAC	0
CCCTCCCTTACGCATGCTAC	0
GAATGCGATTAAGCTGTGCA	0
GATTTCATAAACGCAACCTT	0
GCAAGACTCCTAGCATAAAT	0
CAAAACGCTAATTTCGTCTT	0
CCCATTGTAGAGAACAGACG	0
CCCAGCTAATCTGGCCCACA	0
ATTATCGCAACCGGAGCGCA	0
AAGAAACAGCAACGCCTTTG	0
TGTGTCACTTACCTACGCCA	0
CCATTGACGAGCCTATAGCC	0
AGCGAAATCAAAGTTGATCA	0
GCCATCTGTAAGAGCCCCGC	0
AATCTTATAAAAAACAATGG	0
ACCTAAACGCACTAGCCTAA	0
AGCCGACGTCACCAAACGCT	0
CATGACGAGCACCCAATCAC	0
GCCTCACGAGAGTCGCCCAT	0
TTCTCGTAGCTCTCATGCAA	0
GAGGAGCTAAAAAAGAATAG	0
CCTGACTAACGGCGGATGGG	0
GTCCAAAGATAAGTTAAAAG	0
CAATGGCGAACAAAACTTAA	0
CGGCCCACACCTCACCTAAA	0
ATGCGCCCTCCCTTCCACCA	0
GTGCGCCCCATCCGTAAGGA	0
ATCAATACAAGATGATACTA	0
ACCGCGGGGCATTGTGATAT	0
TTTAAGCAACAAATTGGTGA	0
ATGGCATAAACCATTTAGCG	0
AAGCATGATTCATAACAACG	0
GAAGTTTAGATACGCATTAT	0
CGGTTTGATCACGTCAAGGC	0
AAGATCACAATAAGCAATGA	0
TAACCAGAGGAACAGTCGGA	0
AGAAAATTAGCTGTCTCGCA	0
TGACGAAATGCGGATGCTAA	0
TGGAGCAATCATCTCTAATT	0
CTCCAACTTGGTTGTCCAGA	0
GGATGTTACGCATCAACAGC	0
TCGATTAGAAACTCGCCACC	0
TTGTTCATCAGACTGCATAA	0
TATAAGGCCCTAAACAAACA	0
GTCACCCTGCTCCAACCCCT	0
ATCACATTGGCGTAGAGTAC	0
ACACTTTTGAGTCACGCAGA	0
CTTGCGTTACACAGCGTGAA	0
TGGGATGCTTTCACAAAGAG	0
ACGACTTGTCAGAGATCTTC	0
GCTTCAAGCATACTCCGTAA	0
AAACTGAACTTGCCCAGAAA	0
GCGAACATATCCCTTGGCAC	0
AATTCCCAATAATGACATAA	0
CACGGTAGAAGAGTAAAACT	0
TAACGGAGACAGCGACCTGC	0
CTAACAGACACATAAATAAT	0
CTCCACGAGGCCCCTAGTGT	0
CATCCAGCAACAAGATAGAT	0
TGACCTCAACCTTTCCATCT	0
AGCTCTTGTATAAAGCCACC	0
TAACGTGGGAGAATGCTATA	0
AGCATGTGGTACAACGTCGT	0
CCATCTACTTCCCCCACGCT	0
CATTGCGGAGTTTAAAAATA	0
ATTAAATCCCACACTGCCCT	0
CCGAACATAAATAAAGATGA	0
ACAATAATAGCCCACAGTAC	0
GGCCGTGCTAGGCGCAGGGA	0
CTCCAATTATCAAGGCCAGC	0
CAAACAATACGCGCAAATTA	0
TCGTATGTATCCTACTTGAT	0
ACACACCATATGAATTGCCG	0
AGTAATGTCAAGGCCACTTC	0
TGCTCCCTATTTTCGATCCC	0
CGATAAACAAAACGTATGTA	0
CACCTCACATACTCAAATTT	0
AATGTTCTTGTTGACGTATA	0
CCGACCAAAACGAGTACAAG	0
TTGTGGCTCAATCCTGATAG	0
GCAAAGAGTTAAACATCCAA	0
GCGCAAGTTCCTTGATGTGC	0
ATATTTTAAGTTCTTGATAA	0
ATCAAGACTCCACTATCATT	0
GCATAACGCCTAAGGTAACT	0
CTATTCGCGTCTCAGGGTAG	0
CGCACAGCACCGTGCAACCA	0
CTTAAGTCTTCGTCCCCCCA	0
AACCGTGCCAACAATCGTAC	0
GCACCATGTCTGTAGATTAA	0
GCGATAATCTAACACACTGC	0
ATCCCGCTCTCCACGAAGCC	0
CATAAGAGCAGAACGACACC	0
AGCCGCAGCAACTCAAAACC	0
ACCGCCCGAAGTGAAACACC	0
GAGTCACTCGGACTTCATAC	0
AACGCACTTACGAGGCTTTA	0
CCCATTCCATTTACGTGCTT	0
TAAAATTCACAGAGAAGCAA	0
ATACAATATCATTCTTAGAC	0
TGACAGGCAATAAATGTAAC	0
CTTTATCAACTAAATACCAC	0
CCTATCGTACAAATGCGACA	0
GACTTCTGCAGGCGGATGAG	0
CGTCACTATCAGTGCGGCCC	0
ACGTTAAATCTAGGGTCTCG	0
GAACCCGCCACTGCTCGGAT	0
CGGAGTTGAAATGATGTACT	0
GCATGCCTGAGGGGCGATGT	0
GTGCATGGAAACATTCTAGA	0
AACCCGCATCAAAAACTGAA	0
TAATCATGATCGGTCTACGT	0
ATCGAGTGCTAATCATACTA	0
GGTACGACGTGCTGTAGTTT	0
TGGACTTACGGATCTTGTGT	0
CCCACCCGTTTGAAACCGCC	0
TATAACAGACGCGATTGGTT	0
ACAAGCCCTCGGCGTATAAC	0
TAAAGCGTATACTCAGCGCC	0
AGAGAGAAACATACACACCC	0
CAACATGAGTCCCTTGCCAC	0
AGACAATAACACTAAAAGAG	0
CAACTTTTTTATGAAACGGA	0
TAGGAGGGACTATGTGCAGG	0
ATCATCCCCCTGATGTCATG	0
GCTTCAATCGACCAAGTACT	0
CCCATTCGGTTAGCAGCACC	0
GGTAAGTATGAATAGAGGGG	0
AGATAGTGGAATAGCGTTCT	0
GTGGCGGTATTTACCACAGA	0
GCATTTAAACGTTCAAAGAT	0
GTGACCGTTATACTACCCGA	0
GCTTGGTAATGGCTAAATGC	0
ACTAAGCCGTAGTTCAAACG	0
GCACAAATTGCGATCCCTAC	0
TCCCTGATGTGAGGTAGACA	0
CCACCGCTCAGGCATATACT	0
GAAATACCTCCAAAGCTTCC	0
ACCCGGTAATCGCGCGCAAG	0
TCGAGCGAGGAAATCCCACA	0
AGCATTAGAGTCGAAATACG	0
GGCCGCACATCAGATATTGT	0
ACTGTATACAGCAGAGACGA	0
ATGGCTAGCAGAGTGGTTTC	0
CACGAAAGACCGGAGGGGAA	0
CGAGACACGTACACTTCTTG	0
ATATGGAAAAAAAACCTCGC	0
GCGAGTTGGTGTAATCACCC	0
TGGTGATATTTCCCGCATAG	0
AGTACCAGGCATTCGCATCC	0
TCTGTATTAGACTAAGCGTT	0
GCTACAAACAAAATCAGTTT	0
GACCAAGTTTCCTCTCAGAC	0
GCGGTTCCAACACAATATCT	0
ATACCCAAAGATATCGGCGC	0
TTTTGGAGTTTATATTCCCG	0
ATTTTAAGTGTATCGGCTCT	0
GCCCATAAACTTAACCGGGT	0
AGATCGATGTCTTAAAGGCT	0
AGATAGCTATTCAGTTAAGT	0
ACTGTCCCGCCCACCAAGAA	0
GGTAAGCTGCACGAAAAGGC	0
CTGCAGTTGAGTCAAACGTA	0
AAGTACGGAGTAGTCCGCCA	0
CTGGAGGGTGTGGGATGGAA	0
GGTTGTAACGGTTATAGCAG	0
AATCTACGGCTGATCCCCAG	0
TGTGTTAGCCCATGACATTG	0
AATCACCTATAATGACTCGG	0
CATAAAGCCAACAGAAGAGT	0
CAGCATTGAAGCGTGGGTCA	0
TTGTAGTGCCAAAACTTTCC	0
ACTGTCAGGGAAATTAGGCA	0
CGATTTATGCTCTAACTCTC	0
ACGCTACATAGATCCACCAG	0
CCCATCCCCCACATCATGTT	0
TGGAATATACAAAGAATAAG	0
CAATCACTACTGCAGTGTGT	0
ACAAACACAGCAGATGCATG	0
CGAGTCCACAAGGATTCACA	0
AGTGGAGATTTACGGAGCTA	0
GAGCATACAATCCTGCTATA	0
CTCTTCTGGAGTCGAATATT	0
TCAGCAAGAGCTGATTAAAC	0
TCACTGCTATGATTTACTAG	0
CGCACCCTAAACTGGATACA	0
TCAAAATACAGATGTAAACA	0
TATACAGACAGAGTTTCGGT	0
ACAGATAGTAGCACAGCGCA	0
TCAGCCCATTCCACCAACCC	0
TGCAGCTGATGACGCATGGC	0
TTTACCTGAAGATTCCAACC	0
ACATCTACTAAGCTAATAGG	0
CCACATAAGTAATTATGGCT	0
TGATAAAAACGGATCATGAT	0
GATTCTCGAGGCCAGCGCCT	0
GATACGGTTGATCGACGAGT	0
CAGGAACAATTTCAAGCTTA	0
AAGGAGCGGAATGGCCCTAC	0
ACAAGGCTCCCTAACGTGGA	0
AAATAGTAGCTGTATCTCTA	0
CACACCACACGTGCTAAACT	0
ACCAAAATACCACGTGTCAC	0
TTTGCGACACCATGTGCAAT	0
ACAGGGCTAAGGGCCCCACA	0
TCACATGCATAAAAAAACAG	0
TTAAGGACCCAGAGATCAAC	0
AACCGCACCGATTAAACTGC	0
AACGCTTATCGTGCCGACCA	0
AAGAGTGGCAACGAGTATTG	0
GCAGAGGTAGAGAGAAACGA	0
CCAAAACAATAAACCAGTAC	0
GTTCTCGCCGTAACAAAAGG	0
CATGTACCACCCCGAAAAAG	0
AATATCTCATCATAGAGAGT	0
TAACTCAGGTGTATGCTTTA	0
ATCCGCCCTACCCTTGATAC	0
CCGACCCAATTGTAGCGGTG	0
CGTCCAAGTGAAAACAGAGC	0
ACAAAAGAAAAATTTCAATG	0
CAAAATACAGCTGACTTTAC	0
GAGAGCAACCAAAGTATCTA	0
AGTTACAGTATGTGTAGCCA	0
CAACCTCACGTCAAAAGGGG	0
TGGAGCCCAATAACCCAGAT	0
GAGCGTATTATATAGCGTGA	0
TTAAGGATTATACCAATAGT	0
TTAAGAAATATACAGTCGAC	0
CTCCTCGTCGTGGACACACC	0
CATCCAAACGCTCATCCCTC	0
TAAAAATTCTACCCACAATG	0
GCTCCAGACTCATAACAGAC	0
CACACTGCGTATAAGCGCGC	0
TACTAGTTGAAGTTGTTGGA	0
CGAAAAGTAAGTGTTTCACC	0
ATTGTCGACGTAGTCGTTCT	0
CGGAAATTCTAGGCGATAAC	0
CTAGCTATGGCACAAAAAAA	0
CAAAAAAGTTACATATCAGT	0
CCCTAAATTTGCACGGACTG	0
AGGGTTAACGTGTAGACACG	0
GAACACCGCGAAGGAACTCC	0
TGGAACCGAACCCCGCCCAG	0
CGGACTAAGGTGCAGGCTAC	0
AATCTACTTTCGCCACATCC	0
GCGCGTATTTCACAGCTTCT	0
CCTACACGCGTTTATATTGC	0
GTAATAGGGCTAAAGTAATT	0
ACTTTTCGTAGGGTTAACAC	0
AAACTTGGATTCTGTTACAA	0
TCAAAAGGAAATAGAACTAG	0
ATTTACGAGTAACGAAAATA	0
TTTCAAAGCCGACTAGTCAC	0
TTCACAAGCAGTGACCGCTT	0
GTACCTAGTGCCATGAAGTA	0
ACTAGAATTAAGGTGCGTCA	0
TGAAGAAAAGCAAAAAGTCG	0
GCACTGCCGCATGTGAACTT	0
GACCTGGTCATCGATAACTC	0
ACATGTACACCTTGCAAACC	0
GTTCGCGATAAGATGGAATG	0
CGAAATGAACGATATGATTC	0
TGTGATCAATGTGAAAGATT	0
GCTAAATGAACTTGCGGGCA	0
TGACATGTGCGGGCCCTGAA	0
ATATACAATCTCGTGCTTGT	0
GAGCGGAAGCTCGAGTCGGC	0
CGGCAATTACTTGCCTCAAA	0
TGATCTTTACGCATGGGTCA	0
ACAACCTCAACTTACTAGAT	0
CCAATAGGACTGGCCTTAGA	0
CCTTAAATCTTCGCTGCTCT	0
CCCTTCGATCCTCTCGAACT	0
CGCTCGCCAGAACCACCACC	0
AGGCTGCAGCATTAAGGACG	0
ACTTTACCGATTAATTGTAC	0
AATACCGCCGACTCTATTGC	0
AGTAATTTCGTCATCTGAGC	0
GACGTTATAGTCACTAGTCA	0
AAGATCGAGTGGAGTGCGAG	0
TGAGGAACCTTAATAAAATG	0
AAAACCATCTCGATTGCCTC	0
AATACTAATGTGAGGGAAGC	0
TTAAACAGAGCATAAGTCTG	0
GTAAAGACACATAGGACACT	0
CCGTGGGAGAACCTAACTCC	0
AATGCTAAGACAGCATTATC	0
GACTCAACACCAAGTACGAA	0
AGGATGATAAGATACGTAGA	0
ATGATTAGCTGAACTGACCG	0
TGCTACAGAAAAGGTTGTTC	0
AACATCTAAGTATTTAAACT	0
TAGGGTAGCTGACACAAAAA	0
ATAAATAGCTCATTCATTCT	0
CCTCTGACAGGCCTAGGTGA	0
CAAACTTGATGACGGCATGG	0
CTCTTATTATAAGCCTCGTA	0
GTATCTAACAACATCTCACG	0
TGTTTGACTGTAATCTCCGT	0
GTTCGGTAATCTGCAGTTAC	0
ATACTCCGTAATTGACACGA	0
AGCCCCGATGTACGACGAAA	0
ATACGACTCACACATAGTAA	0
ATCTCCTCCCCAAAAGAACA	0
AATGATATTACCCAGTAGCT	0
ACCGCCTCGCGTTCCAAAGA	0
ATCCTCATTTAAAAAACACT	0
GATGCATGTACATATACATC	0
CAAAGAAGGAATAATGTTGA	0
TCCTGCTTATACGCCCCAAC	0
CATATTAACTTACTGGAACG	0
TACTACTAGAAAGACACACC	0
CTGCAATCCTCGCTGAGGTT	0
TGTATCTAAAATGCGAATAG	0
AGACATACTTGGCAAACACA	0
AAACCATCCAAGCGGGATGC	0
CATTGTAGAACAGGACTAAT	0
TAATGCTGCGTTATCTCCTT	0
ACATGGGCTGTTATGCACGA	0
ACTCCACAACTTGCAATTGC	0
TACTAAATCATTGTATTGTA	0
ATATGTTAGCCAAGGACTAT	0
GCTCTTGGCTGCGCTGGCAC	0
CATGCACCCCAACGTAGATT	0
AGTCAAAAGATCACGTCATA	0
TAAGATATTCAATACTGCAC	0
GCTTAAGTCGCGGAAACAAT	0
CCTACCACTATACCTTTATC	0
GGCAGCATCTTACATGAAGG	0
CAATATTAAATACTGGTAAC	0
ATACTGTGAAGGGGACTTGT	0
CCATCCAGTTTTATACAACC	0
TGCGCACTATTACGCATATG	0
TAAAAGCGGATTGCGGTCCC	0
ATCCCCATAGTCGTCATAAC	0
CCAAGAAACCTTAACGCACA	0
TTCTAGAGCTTAAGTCTCTG	0
GCATATGCTGGAAAAACCCT	0
TAAAGTATTCGGCGTAAGTC	0
GTCGCTACAAAACTTAGGAT	0
AAATTCGTTGCTCGCCTACC	0
GACCACCATAATGTAATATT	0
CCCGAGCGTTAATACTGTCG	0
CCTAACAGGGCGCTGCTTTA	0
CGGAGAAAAGAAAATTATGC	0
CTCGGGATCCTCAAGCGAAC	0
ACAGCGCAACAATACCTGTT	0
AGGGGTGCACTCAGTCTCAT	0
AATTTATGGATTTGCGTTAT	0
GTTGAGGAAACTAAAACGAC	0
TAACCTTAAACAACGATGGC	0
CTAACCTGTCTCATAGCGGA	0
TAAGCTGTCTCTTGAGCAGC	0
GCGATCCTAGACGAGGGCAG	0
TAACTTCGCGCCTCCCTCCT	0
TTTACAAACTTAGGTATAAC	0
CGTTCCACAACTCGCTCAAC	0
GTGAACAATGCAGATGGCAT	0
CAGGAAACACCCAAATACCC	0
TACTAGGATCAAGCCATAAA	0
CGCTCAGACCGTCTCTCATT	0
GTATAACCGTTGAACCGCAT	0
GTTGCACACGGTCAGGCTAA	0
CACAAACCAATTCACCCAGA	0
ATATAACGACTGATATCTTC	0
TGTAAACAAACGTTTAAGTA	0
TGTAAAACGCAAGTACGTCG	0
AGGACTAATCTAATCTAACA	0
GACATTAGCTCAATCTAACC	0
CCAAGATTTGCCTGACAACT	0
GAGCACTTAGTTTTGACATG	0
TAATGTCTTTGACAGGCAGA	0
CGGGAGACGCCTAAAATGCG	0
AGGGTCTAGAGCAACCGATG	0
GACTAATCTCGTACACTACA	0
GATCCACTGATGAATCACAA	0
GGATGATCGGAGGTTGATTA	0
TGACCTATCCGAGATCTTGG	0
CTTAGCTATGTACACCACAT	0
TGACTTTTGGTAGTGGCCAC	0
CAATAACTTGAGAAATAAGC	0
TGTACCTAGGCACGTATACA	0
AAATGAGACTCTCGGCGATT	0
GCGTGGGCATATAATCCTAA	0
ATTTCATACATATACTCTAC	0
TACGCGGTCGAGGACACCGA	0
TATTTTATACGATTCAGGTT	0
TCACATACTCGCATAAACCG	0
GAGAGATCTTCTTAATAGAC	0
CATCTATACTAGGAAGCTAA	0
GATGCCGATGCACAATTAAC	0
CCTATGCAATTTCCGAAGCG	0
CCGAAGTGGGGCGACTTTCT	0
TCAAAACTGGCTGTCCGTAC	0
CCAAAGGAAAAATATGTAAA	0
CTTCCGACTTTCGCATTAAC	0
CCACGACGTTAACGAACATG	0
CCACTTAGGTGCACGCCAAC	0
TCATCACATAAAATCCCCGC	0
AGACGTGTAAATTGATATGT	0
CGGACGACACGAACCCCATC	0
TATTATGTCTGCTAGCATAT	0
CGTAACGAGAGTTGAACGCT	0
ACCCAGTGAAGGTCAGATAC	0
CAGCCACAAATCTAGTACTG	0
TAATCAGCCCGGGTAAGCCT	0
AGCCCAAGAGCCTAAACCGT	0
CGTAGCACCAACGTTGTATA	0
AGTTTATTCGCGCGTCCATC	0
GCTAAACGATCCTAGCAAGC	0
CAAAACGCCATCACTCAACT	0
GTCTTAGTTTGGGCACCCCA	0
ATTGAAATGTTCAATAATAT	0
CAAACACCCACGCCGCCCGC	0
AGATAGTGACGCACGACATA	0
TCACAATACGTACATCGGCG	0
AAATCCTAGCCTTGGTGGCA	0
ATAACAGCATCGCCAGGAAG	0
CTGCTCCGTACATCTAACAA	0
TCGGTTACCCGTCGTTTTCA	0
ACCTGCACCCCACGCCATCG	0
AGGCCTCCGTAAAACCCATC	0
GGCTTCAAGTGCCAAAATAG	0
GATCTATTTAGAGCCTCCCG	0
GTAGTTTGTTGATGGAAGTC	0
AAATACAAACGAAATAGACT	0
TGCTACATTATCAAATAAAG	0
TACGCACGCCTGGGGTCCCT	0
CAGCAGGTAGCTTGCGCTCA	0
TTACTGGAACATACACTGCG	0
CGTATTACGGACCGCGTTAC	0
TTACGGTTAGTGAAGAATCA	0
GCTACAACAATAAGTTCGCT	0
GAACGAGTAAATATGTCACA	0
TTCGTCCTAAGGAACAACCG	0
CGACCTGAACATTCCTACAA	0
GCTAGTCTTGGGGAATAATA	0
ACGACGGAGGGGAACAACTT	0
CCTTCGATCCTATTGGTTGT	0
CATACTCCTTGTCAAAACTG	0
GGTTGCAGACAGTTTATGTG	0
AAGCCCTGGCCACTATAAAT	0
AGCGTAGCGCCTCACTCACT	0
ATGCTATAGAAGAATTTGCA	0
GTCGGAGTGGTCCGCAAACC	0
CCAGGCCTTGTACTGCCGCC	0
GCCAGAACTTAGGAGTATTA	0
CACAAATAATGCCATTTATA	0
GAGGCCATGCATTTAAAAAG	0
GTGTGCACACAACGTAAGTG	0
AACTTGCATTGAACTACGCG	0
AAAGCACCGGGTTCCGTGAT	0
ATAGACCGATTCAAACGACA	0
TGGCGTATCAACGTAAACCA	0
TAGAGTTATATGAACCCGGT	0
GTGAGCAACACTCTTGACTG	0
AAGTGTATGCGTGGTATCGG	0
CCTCTAATGGCCAATAACGC	0
ATGCTACACGAATAAAATCT	0
CTTCGGTCCTAAGCCCTAAC	0
TTTCGACCCCTATGGAGATC	0
TAAAGACTTAACGTAGCTAG	0
ATTTTAAACATATCCGTTAG	0
ATCTGTAAATTTTTTTGTGT	0
CTTGCATAAGAAGAGGAGAG	0
CGATTGCCAGGGTTTAGCAA	0
CAGAAACACCACGCACCCGG	0
GAGTGTGTGGAGACGTAATC	0
TAAATTGGGGCATACATGTC	0
AGTCAATTCTGAAAGCGAGG	0
CTGAGGATATGATATCTGAT	0
AAACTCAGCATCAAGAAAGG	0
TGTCCCTACCTCTCCAATGG	0
GGTTAGAACTGCCTTACCAT	0
GGAGCTATCGTACGTCACTC	0
TACTGGTGAATAATAAGGAG	0
TGCGCGGGATTAACGAATGG	0
GTTTATCTTCACAGCTCGAC	0
GGTCATACGCACGGGACGAT	0
ATGATGCGCAGTTAACCTAA	0
TGGCGCGTTTCGAGAGACAA	0
AATACCTCTTAACTTTCCAC	0
GCAGCCACGGACCGTAGGGC	0
GGACTCCGCCAAAAGCAAAG	0
GACTAAACTCGGATCTCTGA	0
CTCGCGAGGCACGACAAGCA	0
AGCTGGAGCCCGATTCCCCA	0
AACTAACTCCTGCTCGCACC	0
GGGATTAGGAAACCATGAAT	0
ATAGTTTCCCACCAAACACC	0
AAACCCATACTGGCCAGATA	0
GAATTTCGCAATTTGAATAA	0
GCCTTCCACGTTCACCTAGG	0
ATTAGCTTAAAAAAAAGAAA	0
TGGAGAGCATTAGTTGTCAG	0
AGGTAACCGAACGCGTGAGA	0
ACAGAGAGAGATATTTGGCA	0
TTATTACCAACAAGGTCACG	0
AAACACCGCAGGACAACGCT	0
CCATAGGAACGCGGGAGCTA	0
CCTCGCCCTTCCCACATAGT	0
GTCACGACGAATTCTTCTGA	0
TCCATGCCCCAACTCACAGG	0
CGCAAGATTAACAAGTTCAT	0
GCCCCTCGGGACGCAACTGG	0
GCGCCCTCTCACGACTCAAG	0
CCGCTCTTCTTGGAAGACCT	0
ACATGCAATACGTAGGAACT	0
ACGACGAAAGCCATGTAAAC	0
CCTCCCCTTATAATGAGCTA	0
CCAGCGATACAAATAGATGC	0
AACGATAAGTTATCGCCATA	0
TTAATCCAGACTCAAATTTG	0
GATATGAATTAACATAAGAC	0
AGAATAACATAATTACATCA	0
TTGGTATTGAGAGACCCCCG	0
CTCCTTACCTGCTTGCCAAC	0
CCCAGCCAAGTACACAGCAC	0
GGAACGGTGTCAAACATAGG	0
AACGCCAGAAACGTCTCTTC	0
GGGCTCACATCTCGTTGGAC	0
GATCAAGGAATGACTGCGCG	0
CTGTAGTCAAGTATAGGAAA	0
GATCACCACCGAGGGCTTTC	0
ACGGCAATGTGATATAAAAG	0
AGGCCGATAAACCTAACCTT	0
GCTTGGATCTCTGAGACTGC	0
ACAACGCTGGTTAAAACATT	0
CAGCGCAAGACTGTTGGTTT	0
CAACACTATCATATAACAAA	0
TTCGGCCCATTCAAGCAAAT	0
GAAGTTCTTTTTGCTTCTCT	0
CCCGAACAGACTGTTTATCT	0
GCCACGTCAACGTAACTCCA	0
GTGTGAACCCGCCATCTAAC	0
GCGTAACCTCCACAGGCCCT	0
CGTTTTTGTAGTCAGGAACA	0
TACTCTTTTTGAAACTGATG	0
CTTTTCGGAACCCATGTGGG	0
TGCCTTGCAATTAGTCCAAC	0
CGTGGCCGCTAACGGAGGGT	0
GAGGGACGTGGCATACCACA	0
GGCGCATGTAACACTACCCT	0
TGCGCGCGTTTCACCAGGAA	0
AACAAGCCGCAACTCGTGTT	0
ATCTTGTCCCATTTTTAGCG	0
AACCCCCAAACTAACCTCTA	0
CATCATAACCCACGTCCACA	0
TAGGTGTTGCTATGTGGAGT	0
GACGAAACTTGGTGCATCCC	0
TTCCTGTATCGCCGGGTGTG	0
AGGAATATTGATTGCTGTTT	0
TAAAGCTCGCGCACGTGATC	0
GTACCCGAATGGAACACACA	0
TATGGTAGTTATGGAGAGAA	0
CATGAGCATTTGACGTCCGA	0
CCACCCTCTTGAGTACAGAA	0
CCATTTCAAGATCCGGTGAC	0
TCGAGTAATGAAATCAAGAG	0
GACCTTATGTGAGCCAGTTA	0
ACGCAGAAGAATGTTAAAAA	0
AATTGGTTTTTAACTGTTGT	0
AGGGACATAACTAGCATACT	0
GCGCAGTGATCCTATCCCCC	0
TTTAGTAAATCCGCGTGGCC	0
GAAGTTCGATACGCTTCCAC	0
TGTATCTCAACAGAGATATA	0
CTAGAATATGAAGCGACATA	0
CCCTGTACCCTCTCAAACCG	0
ACATCAGCGCGTATCGAATA	0
CGTTCTGAGAAAAATGGACA	0
CCCAAAAGCATCTCGCGGAA	0
AGTAATACTGTGAGTGGGAA	0
AAGGTAATCGAATAATTTAT	0
AGTGTCCACGTACACCGTCC	0
TTTCAAAGAGCATGGGTTCA	0
ACGCGTGGACCTAGGGGACT	0
ATAGAAGCGTAGGACCATAT	0
TTGAGAGAAGCAAGGTGAGA	0
ATGACCTTAAGGTGAACAGG	0
GTCGAGAAGAAAAGCTGGTC	0
ACCCAAGGCTACGTAGCCCA	0
ACGATATAAGACACGTTCTA	0
GCCTGCGCTCCCTCATACAA	0
CTACCACAAGCCTGTGATCA	0
TCACCAAGCTGCTTGTGTCG	0
CTAATTACATGGATTGAGCT	0
GTACGACTTAAAATTAATGC	0
AGGCGGTAACTATTATTTAG	0
TTAAAAAAGATGATATTTGT	0
ATATAGCAGGGATAAAACTG	0
GTGAACCGGCGAAAAAAAAG	0
TGTTCCGGTGTGGACACATG	0
AAGCGCAGGCGGACAAAGAC	0
ACGGAAAAGATAAGGAGGCT	0
CCCTTTGCTGAGGTCAAAGG	0
ACATCGATGAACGGACATCA	0
ACTTGACGCTAAAGCGAGAT	0
CCCGCACTTGGAGAGGAGGA	0
GGATATAGCCACCGTCCTGA	0
CCCGCACAAGATCCCACCAC	0
AGCGAACCTTCCTACACCCG	0
GCGTGACATTAATTGTCTAC	0
TCTCTATTTCGGCGTGACAT	0
CTAGCACAATACATAACCCA	0
CGATACAAAACACGAGCCTG	0
CGACGCTAAATATGGGAAGG	0
GCGAGATCCACTTGAATAAT	0
CCGGAACCTCGGTCCTTACG	0
TCCTTCTTAAAAGTCTCGAC	0
AGACATTACGCACAATTTTT	0
GTGACATGTTAGAACCTGGT	0
GTCTTTTTTTGAAGGAAAGC	0
GGATGAGGATATAGAAGCCG	0
ACTACATATTAATATCCACG	0
CCCGGCCTCCGAATGGGACA	0
TGTTATCAAGCATAGACCTA	0
TAGGTTAGGGGGTTCCTCCA	0
GCCACCACTGTTCGCTACAC	0
TAACGAGAGGGTAGAAAAGA	0
CCGCGAAAGACAGTTAAGGT	0
CTAAATTACCAGTAGTAATA	0
GCTGCATCAATTTCTACGAT	0
GTAAAGGCGCTAACCGGGGT	0
GCCCACACCCTAAATAGGGT	0
GACGGAATTCCTATCTTCGA	0
AAGGACACGTATATTATTGC	0
GAACTAGATGTAGTCCAAAT	0
CCCGACCCCGTCAAAACCCG	0
TAAATCGAGTGATTTAATGG	0
ATGAGGGACACACGAGAAAG	0
CCCACATGGGTCCATGACCC	0
ACGGTTATTAGTGGATTGAC	0
CTACTACAACCCACTGCCTG	0
TTGGTAAGCCACTCAACTAG	0
AGCATAGATTCTGATTAGGT	0
CTCCAGATAAACTGAATTAA	0
CCTGTGTTTCGCAGGTGCAA	0
ATATTGGCTAAGCACAAGTA	0
TGCGGAGTGTTGCGGTCATG	0
CACACATTATACGACTCTGC	0
TTCTAGTCCGAGTGACACGA	0
TCGGGTTAAATACCCATTCA	0
AGCCATAAGCCGTCCAGAGA	0
GTTAAACTTCCACCTGACTG	0
GGAGGACAATGTAATCGTGT	0
GTGTCGTAAATACGGATTAC	0
TGTGTACTCTGCGAAACTCA	0
AACAGTTTCGCTAGCTCCCT	0
AAAGTAGTGAATTGCGCGCG	0
CAGCCACTTATACCCCGTGG	0
CATGATGACTAAAAGATGCG	0
GAATAAAAGTATGTATGGCA	0
TGGAACTATAGCCTACAGCT	0
CATGGTAGCAGTATTCCCCA	0
CAACTAGATCCCGTCCGCAC	0
GAGGCGCTGCGCCTCATTAA	0
AGACTGCAGGCCCCTTAACA	0
CAGAAGGCCCTCACCAAGCA	0
GACGATGATATGAAACCAGG	0
AGCGTATGTACACGTCTTAA	0
ATAAGAATTCAAGGTCCTGC	0
TTCGCTCCTGACCGTCAAAC	0
TTGCACTGAGGCAGCACAAG	0
TATAAAAAAGTCAAGAAGGA	0
ACGCAATATATTGGTAGTTA	0
AACGCAAGCGTTGTAGTACT	0
GAAATGCATGATACGTTGTG	0
CACACTACGTATTTCAATCG	0
TAGGAGGCTGAGGATAAATG	0
GAAAGACACACCTGCATGCG	0
CCGCTGGGTCAGCACTGTTT	0
GTTAGCACCGTCGCCTCGAA	0
GCGCCCACCGAAAGGAAATA	0
ATTCTGGGTGCAAATAATAG	0
GCAGTTGATGTCCTTAAAAG	0
TAGCCATGGTCCCGAAAGAC	0
ATGCTAGTATAGACATGATC	0
TGTGTTAATTATGAGCGACC	0
AACACTCGTATGTCGCGGAA	0
GCTCTTCCACCCCACGAATC	0
CCACAAGTCACAAGTGCTTG	0
AAACATAAGTGAATCTACGC	0
TCGCGGACTCGTTCGCTACG	0
TCATCCTAGAATACATAGAC	0
ACGGACATAGTTTCATTCAT	0
CTGGACACCAACAGTTATCC	0
GCGTAACAACAACACGTACT	0
TGCGGAGGCGAAGTCAAAGT	0
ATAGAGTATCGATATTCTTT	0
AACCATGTTGTCAGCAACAC	0
GACTAGAGCCGCCAGGTGAC	0
ATATGGGATACGAACTAGAT	0
GCTACTGGTCCCTGAGGTAA	0
GCACTCCCTTGTCCACGTTT	0
ACTGTCCTATCGGAGCGGAC	0
AACCGGGAATGAAACTGGAT	0
CTTTGAGGCTCAATAACCCA	0
CTCTAATACGTGAAGTAGAG	0
ACTTTCAAAAAACGTACAGT	0
AACCTCCTAAGTGTGATAAC	0
GATACGTCAATCCGATAAGC	0
TATTGGGATAGAAGGGGAGC	0
CTACATCACAATGCCTCACT	0
CCCACTAAAACGAGCAACAA	0
CTGCACTAAAGGCCTGGATT	0
GACACAGTATAAATAAACAA	0
GGCACGGCTATTCCATAAAA	0
CACTGGTCGGTTGACATATT	0
AACTACTGACACTCGAACGG	0
GGCAGCGTGCTCAGCTAACA	0
GGAGTATGGAGCGTATAGAC	0
GGCAGTACACGACTTAAAAC	0
TCCATGGTTTATATGATCTC	0
TAATAGACCGAACGGTTGTG	0
CCAAATACCAAAGCGTACCA	0
CATCCAATTCAATTTCCTAA	0
ACCTATGAATGAACGAGCTA	0
GCAAGAGAGCTACTAAAACT	0
AACGGGGAGGAATCACAAAC	0
TCAAACGTAATATTGTTATA	0
ATCGTTCAAAAACTTTCCTC	0
GATTGTCACATGGACTGAAC	0
AATAACATCATAAACGCGTA	0
GAATTTGAAGGAGGAATATA	0
GGGCGGCCACACTTGTGGCC	0
GACAAAAATGCGCTACACTA	0
CAAGAGTGTCCACCGACATG	0
CTCCGTTAGTGAATCATCCT	0
CGCCCGCCAGTCCCTCAGGT	0
ACATGACTCGTACATCCACC	0
CCCGAGCATGACCGTGAGTT	0
AACTTAAGGCTTTGTCTCCG	0
GCTTAATCAAGCAAGGTGAT	0
AAAAACCTTTCACCGGACGA	0
CTTGTGTCGAAACAAGCTAG	0
AGATACATAGTCCCCTGAGA	0
GACCCTTGGATAAAGGATAC	0
AAATTTAAATACTGAAACGA	0
AGCAACATATGTTCCGAAAA	0
CCGCGATAACTCTGTAGTAG	0
CCACGCTCAACCCCCGTACT	0
CATACTACTTTTGACATGCT	0
AACGCCATGTCACCAATATC	0
ACACGTCGAACTGTGCAGAC	0
GTCTTTAGCGGGCGGCTACC	0
ACGACACAAGCTTGTGTCGA	0
AAGGTAGTTAAACATTTTGC	0
CTGGTCTGCGACGTAGAAAG	0
GAGGTCATAAATGTCAGCAA	0
GGTTAACAGTGTTACGCGAC	0
AAGGGATAAAACCATGTAAC	0
GGTCGAGCCAGAATGTATGG	0
GCCATGGTACATAACAAACC	0
AAGTATACAAGCGCCCGCCA	0
ATCACGAACAGACATAGTAT	0
ACTGTGACGCCTCATGCCAT	0
TATGTTTAACCCGCATCTTT	0
CTTTGACTGCCACGAAACGA	0
GTACAGTAACACCTGAATAT	0
GTTTCCCAACACGTCCACCC	0
AGCTAGAGCTAATCCACATA	0
ACTGAATGAGACAATGTCCT	0
TAACCTCTACAACCTCTAAT	0
CAGCCCAACAGCGAAGGGTC	0
CAGTCGGATCGACTCTTACC	0
ACAATCCGAACTTAGTAAGA	0
ACCTACAAGCGTATAGCAGT	0
AACCAAATGCCTTTTGCCTT	0
AATGTGCTGATACCTAGTAA	0
TAACACCACTAAGATGTGAC	0
TTGGACTGAGCCTGTTTCAA	0
GCGACGTAGCGTTCAGCGCG	0
TAATTTAACCTTTTAGACTT	0
CAGATCGTTACTGCATAAAC	0
ATCAACCCAAGGCGAACGCG	0
GAAAGAAGGCCTACGGCGGC	0
TAGGAACTTCATCCGAAGTC	0
AGTAGCAAAATGTACACCAC	0
ATGTCCTGCTGATAACGATA	0
TTGCAAACAAATAGCAAGGG	0
ATAGAGAACTTGTTTTAATC	0
AATTTTACAAGCGCACATAA	0
CGCACTTAGACGGTCGACGC	0
CTAGTATAGTGCGCGCGTAA	0
AGAGAGCGTAATCGTGAGAC	0
CATGTCCAGTCCTGTTAGAA	0
AACCTTTAGAGCTATCCACT	0
GCTGATTGAATCAAAAAAGC	0
ACTTCATATAACATCCTATG	0
AACGTCGCATGATCTCCAAC	0
TAGCAAAGAAAAGTTTGCAT	0
GGGATGGCAGGCTCGAACTT	0
GTAAGCATATGCTAATATTG	0
GGAGTAATTGCTCTAAGAAG	0
TTAGCTGCCCTAAGTAACCA	0
TGCCGGAAGTAGCTTCCTAC	0
ATCGATGTGTGCGTCCACAC	0
CCCATAACTGGAGCCGCTGG	0
CTAAAAATCACTTCTGATGG	0
AGATCTAACTAAAACGGCAG	0
CACGGTACAAATCTATTATA	0
CATAGATTAGGCGCAACGAC	0
CACGGTTTAAAGACGGTTGA	0
ACTCATCTTGACGTACGCAC	0
TTGATAAACAAATGCGACAC	0
TTGTACCAAATTGTAGTAGG	0
GCAAGTTGCAACATAATAAC	0
CGTGGAACCCGCACACCTGA	0
ATCTGATACACCCCACCTTA	0
TTTCGATCAATGCGAATTGG	0
CTCTATCGTAATGCGTTCAC	0
AGTTTGGTGATTCCCAGGTG	0
TAGATGGTTTTTAAATCATG	0
ACGTGAAAGCTTATAACACA	0
ATTACTAGCAGATACTGTGT	0
CATCAGCCCAGGGGCAGGCA	0
AGCACGCCGAGGAAGGAAAC	0
TCAAGCACTGTCGTACAATG	0
GAGACAAAGAAGCTTTGTGT	0
TCCCACTTCACCCGCCGCGA	0
GCAGGTTATATTTTACAATC	0
GAGTTGTTCGTGTAGCGTGC	0
AAGTGCAATAGAGTTTCTAT	0
GACAAAACCAGGGTAACCCC	0
AACTAGCAGTCCCGGTCTAA	0
AAACGGAGCAGATCTTGTTA	0
AGCCGATGAGAGGAGGGGTA	0
GCGGCGTAACCTGCATTAGT	0
GCGCTTGGTACCTGTGCTAA	0
CGAAAGGGCCGCTACGCCAT	0
AACACTTTTAAGCCGTACTT	0
AGGAAAAGAATGTCCAATGT	0
AGCCAAGGACAACGAGAGCC	0
GCCCAAAGATGTATTCTTAA	0
ACAACACTTATCGACTTGCC	0
CATTGCTGAGGAGCGGGGCG	0
GGACAGTAAAACAGAACACT	0
GTGACCATTACACTGTAATT	0
TGCGAAGTGGCATACTCGCC	0
TTCTAGATAATTGCGTATTG	0
AAGTCCCACGGTCACAAGAT	0
AATTGATAGACCTTCGTCTT	0
GATAAACCTTGTCAAGAACT	0
AGACAGCGTTCTCCCTCTAC	0
GAAACATTCGAAACAATGCA	0
ACACATAGGGCTAGTTTGAA	0
GCGCTACCAGCCAGGCTCCG	0
CCGTGAGTCACATGTTACTC	0
AGTCCCCACAAACTTTGTCT	0
GCACTCAGTACAGGCTAACG	0
GGCTCCTTCGCCAACAGCGA	0
TGGAAAATCGTATAGGTCAA	0
CGTAACCTAAAAGGGCTAAC	0
GAACGTACCTACGGTGCGCA	0
GTATGAGTGTATTAAATGTC	0
CCCCCCATATTGATGTAATT	0
TCATCGTTTACGTATCTACT	0
CAAGTCGAATTTAAACAAAC	0
TTGTGCCACCGCATATTACC	0
TGCTTCACATATAGAGATCT	0
TCTAAACTATACCATTAGTA	0
GTTCTATGCTTAACGGTAAA	0
CTGACCCGGGCTTAATAAGA	0
GAACAGGGATCTACAGCGGG	0
CGCTGCGATGTAAAACAAGA	0
AGCTAACATCTAACGGAGAC	0
TTCGCTTATTGGAGTGTAGG	0
CCATCCATTGTTATGAGGCC	0
GTGACCAGAAGAGCCTAGAC	0
TAGGATAATGGACCGAAGGG	0
ATTGTGCAATAATCCCTACT	0
CGAGAAAAACGTCGAACGCA	0
AAAGATGAGCATAAGACTTA	0
CATTTCCCCTTGATGACGTC	0
CAACATGGGCTACGCACAGC	0
ACCACGATGTATATAAAAGA	0
TCAGACGCGGTAGATAGATC	0
AGACGCGTAATCAGCTTACT	0
ACTCGGACTCGCGCGGCCCA	0
CACCCAAGCGCGCGAAGTTA	0
GTGACACTTAGTCGTGCAGC	0
GTGCACGAAGAATGGCAGGG	0
CCGGAAAGCCTGATCCAGAT	0
GACATAAATTAGAAACGTTG	0
AGCCAACAGCTTTTCAAAGC	0
ATCAGCACCCCTATGCAAGC	0
GCCCCTATGTAATTAACTTA	0
AAACGATTTAAGCTTGCCCA	0
ACCTACAAAAGAGCGTGTCA	0
CAACATCAACGCAAGACCCA	0
AAAGATACGATGCAAAGTTC	0
GATGATTTCTGCGCAGCGAA	0
TAGCCCCACAAACCATGGCC	0
AGAAACTTGCGCTTGAACAC	0
TGGAGGGTATCTAAGGAACC	0
ACTCAGCACAGAAACTTTTG	0
GAAGGCGGTTGACATGCCCT	0
CAATACAAAAGAAACCCCTG	0
CAGACCGCCACAGCGGCCTG	0
ACTTACTTGTTCGCGAACTA	0
TGGTCAAGGGGCTATTATTT	0
ATTCGATCACCGTCGAAATT	0
AAAGTCGCGATAACACATAT	0
ACAGATACTGGTACATAAAA	0
CCGACCCACCCCGCGAACTG	0
CAGAACATTTTTATGTCTCC	0
ATCTAGGTTGGATGCGTGAC	0
TCTTAAGGGGCCGGATGCTG	0
CACCCACCGGTAGCTCGCGA	0
GAACCACGACTAAACGAATT	0
CAAATCAACCTTGCATTCGG	0
TTCGGTGAAAGACACAATCT	0
GTTTAGCTATTAAACGGCGT	0
TGCGTACATAGGAACGGAAC	0
TTATGAACGGGCGTTCTCAT	0
GACCAAACGTCACTGAAACA	0
AGCATGCACCTTTCGCTGGC	0
TTACGTGGATTTAAAAAGCG	0
CTATAAATAGAACGAAGTCA	0
TGTATACAATACCAGTTACT	0
ACGCCTCCGGTTGGTATCCA	0
CGAACAGCAGCTATCCATCG	0
TCTATTCAGATGAAAACTTG	0
GAGCTCGCGCTTTGGGCCAC	0
TTACGACGTATATTCCCAGA	0
AGAAACGAAAACAATTGGTA	0
ATTCCTCCTACACGAAAATG	0
TCAGGGTTATAATGAACGTT	0
CGGATGAAAGAATCAACCCG	0
TGAATCAATGAGAAGTTGGG	0
AACTTTAGCCCATGGGCAGG	0
TGTGCATAGGGACAACGTAG	0
TCCACGGTACACCCCGTTCG	0
AAGTAATTGGGGGCAGGCAG	0
CCGGATCAGCAACCTAGATC	0
CAGCGAAATAGTCGAATTGG	0
ACAACTTAACCTTCACAAGA	0
TCAATTACTCTACGAACAAT	0
TCGATCCCATGAATGATACT	0
CTCATTAGGACGCTATTAAT	0
AAGTATGAGCGTCCCAGGAC	0
GTAGAAATAGCACCCAGCTT	0
AGGCTTGATTGTTCTAACGT	0
TGTTTAATAGTATTTGAATT	0
CACCATAAACATTGCGCACG	0
GTATACGCTATAGCTCCTAG	0
AACATTTGAAACCGCTCCAC	0
GGCCAGTACACTTCAACCAC	0
TGCCGCACGTAATACACTAA	0
GCCAACCATTATGAACATTT	0
CCATCCAATTTCCCTCACTG	0
AACTTCACAATCCCAGTGCC	0
CTTGACTAGTACCTTACGCA	0
GAAGACGGTATGTGCATTGA	0
AGAAACTCATGGACGACTCA	0
TGATATGTGCCACCGTACTT	0
AGATTTGCAGTCACCACAAT	0
GGTATTAGCGATGTTGAGCT	0
CTTGCATTGGTGACTTGACC	0
CCATTCGCGTTGCACTCCAC	0
CGTAGATAATGTAAGCGTAA	0
ACAAAACAGGCACCTCCAAA	0
TAGACTTTTTTCACGTGGGG	0
AAGACTGAGCATTTGACAGC	0
CGCACCTGCTCTGAGGAGAG	0
AAGTAAGCAGTTGTCCCACT	0
GCGCACATAGACGTCGGAAC	0
TTATGCAGGAAGCGCGACCC	0
AGGTGAAAGGCTAGTACGGG	0
ACTATGGACATGACCTAACA	0
AGCAGTAGGTCTGGTCCTTA	0
CCTCGGTACCGAAATGCACG	0
AGACCAATGGTGGTAAGGTG	0
ACATGTCTCCTAGTTCCTCA	0
CTTAAAGTATTAGCGTCGCC	0
ACTTTGTGCCCGAATTTAAA	0
AAACGCACTGCGCATGCTCT	0
AGAATATAGAATAATTAACT	0
ATGAACTGTCTTAAAGAAAG	0
TCACCTCCGAAGATACACAG	0
ACCCGGCCGGGGCCAGGAGA	0
AGTCCACACCTCGATTAAAC	0
TTGATTCAAACAAGTATTCG	0
ACCGAAAATGGACTGAATTA	0
CAAAGAACTGGTGAAAAGGG	0
CTCATGTAAATAGCTTTCTT	0
TCGAGAAATCTACCACAATA	0
GGAGGATCGATTCGATGACC	0
GGTTTAAGAATAGTATCCTA	0
AAATTACCGCGACTGCAAAG	0
CAAACCCCTTGAAAGCCCGC	0
ATACAGCAGCTTCACCCCTA	0
CGCAATGAAGACCGGATCAA	0
ACATTTTTTTTTTATCCGCC	0
ACGCGAGATCCCGAGCGAGC	0
CAACGACTGATGACCCTACG	0
TGAAAGAAATGCCCTTTGAA	0
TAAGGAATAGTGTAACAACG	0
GGGATTTGTGAATTGATCAT	0
ACGGACCCGCGGCGATAATA	0
AGCGGAACAGCTGCATTCAA	0
AAGCAATTTCAATGGTATCA	0
TAGCGCAAAAGGGCAAGCAG	0
CAGGTGAAACAGTACACAAA	0
TGAAAGACTGGACAGGGGAT	0
ACCCGCAATAATGCCTGCAG	0
GTTCCCTCACCCCACACATC	0
ACATAAGATACGCTAAGCCA	0
ATCTTAAGGGTCCCGAGAAC	0
ATGGGAAACCCTCAACGCTC	0
ATTTGATAGAATTTAGCAAG	0
TAAGAGAAATATACACCTTG	0
CCTGATTGAACTATTTAGGG	0
ATGTTAGCATCATCATAGTC	0
TTCCGGGATTTTAAACGGGG	0
CGATCCGCTTTTAACTAGTA	0
AAATGGTTAACGCACGGCAT	0
CACAATTCCCGAGCTTTGTA	0
ATCCGATATCGCATAACAAT	0
AGACGGTTCCTTGAGACCCC	0
ACAACCAGGTACATCGGTCA	0
AACACACTCACCAAGAAGGC	0
AAAACAGCATATTTAGCACA	0
CTTTTGCATTATATATAGAA	0
ATTGGATTGCAGTATTTTAA	0
TACCACCAAGGCAATCCTCG	0
GCTGCTAACGGTTAATCGAA	0
ACTAACCGTAGGCCACCCCT	0
AAATTTCTGAGCGCCCGCAG	0
TGACAGCACTAACACAAACG	0
ATAAAACATAGGTGGAGAGC	0
TGAGCTGAAGAAACAGAATA	0
GTGCGAGGGCCAGGAAGATT	0
GGGTAGCACATAAACTTTCC	0
CTGTAGTCCTAAAACAACGC	0
GCGTATTATCTTGTCCCCAA	0
ACAGGCCGATACATAGACAT	0
AGACAATCTACACTGCCCAT	0
ACAAAATGTGTATACGCCGA	0
AGAGCTGCAGTCATGAGCTA	0
AGAACACGTTCGTTTCCTAC	0
TATATTTGAACATACGGTTT	0
GCCGCGGCTAGTTGGTTCAA	0
CGCTCTTGCAAGAGCATAAC	0
GCAAACTACCCCGTAGGGAC	0
TCTGCGAAGTAACCCACAGC	0
TTGTTGGCCGAGGATCGATC	0
AACAGAGGAAAACTGACACA	0
TAGCGCAGACATGGCCCGAC	0
CCATCTCGCGTCAGGTGTTT	0
GATGAGGAAAACGGCGGTAA	0
AACGTTCCATGTCATATTTT	0
TCAGCAGCCCACTTACCTCT	0
AACCGCGAATGTGCTCGCAA	0
CTAGCACGTGCTAGGCCATC	0
CTAAGATTACTATTAAGTCG	0
GGTACGTCCCCCCTCACTAG	0
TGTTGACGGTATAATGTTGG	0
TCGGTTACCATATTTTCACC	0
TCCCAAAAAAGGACCCCCGA	0
ACTAAGGTGTCTTTAAAAAC	0
TGATTCAGTGGGACAAAGAT	0
GCAATCCGGAGCGAAACGAA	0
CTAGACAGATGTTCCGGGGT	0
AGCGCCCAAAAATCAGAGTC	0
TAACTTACAGGTCCCGAGCG	0
CCATTCCAAACGAAAGATGA	0
TGGTAAACAACGGTCCACGA	0
TAGCCATAGAACTACTAAAC	0
GCTGTGCTGTGCTACCAACA	0
ACCTAAAGCAAACCCCATCG	0
ATTTATCTGAGAGATTGCGG	0
CTAGTTAATGGGGTATTACT	0
TCGTGGCCGAATATGCCAAG	0
GTATTCTGCACCTTAGCAAG	0
TACTGGCCCAGGTCATCGGT	0
TTGAGAAACCTAATACGACC	0
CCTCGAAGTAGTTGCTACTT	0
CGAGACCAATACCATAATGC	0
CGCTAGTACAAAACCCTAAC	0
CCGCACCTATGTAATTCCCA	0
TCAGTTAGAGATTAACTGAG	0
ATGTCCTCATTACTAATCCC	0
AAGGAGACAAACGCCTCGGG	0
AAGAAAGAATTATTCGGTAT	0
TTGAATTGTATCCGACCCAG	0
ACACGTGGAACTGAACCGGT	0
GGCCGGGGCCGATTCCATCT	0
ATCATAATCTCCGCCAGTCT	0
AATCTTACTGGGCCTGAATT	0
TTAAGTAGTGTGCAACTTGG	0
ACTAGGGCAGTAGGCTAAAC	0
ACAATGAATTGCATGATCTC	0
GCTTGACGTCGAATAATAAA	0
GCTGTTTGACTCGCATTCGT	0
AAAACTCGAGCCCATGACAC	0
CCATACGTTTCAATGAAAGT	0
ATGCCGTTCTTTTGTCACGG	0
TAATGATCGAAATAGAAATA	0
CGCAGACATAGAGAAGCAGC	0
GATATTGGCTATTTTGAGTA	0
CCAACAACTAAGGATTATGA	0
CAAATACATATGTGCATTGA	0
GATGGGACCGTGGGTCTCTC	0
ACGAAACACATAACCCAGAC	0
GTTTACGTTCGAATACCATA	0
TGTGCGAGGTTCTGAGAGGC	0
CACGGATAATGTATTCACCA	0
GATTGTCCAAGATAAACGGC	0
GCGTTGGCGAAATGGAATTG	0
CTGGCATTCCGCCCATTCTA	0
GTAAGCGGATAATGAGACGG	0
AGAGCGCGCTGAAGAAGTAA	0
CTACCGAACAATGTCGTCCC	0
CTATAATAAGACGCTTGCGT	0
TAGTAATACAGCGGGGCGCG	0
AACACGTATGCCTGAAAGAG	0
TCAGCTATAAAACTTTGCAT	0
ATTTAGATCTGATGTACCCT	0
TTTCTAGAAAGCCACAGTTT	0
AAATAGAACAAAATGAGAGT	0
GCATAATTATTACATACGCG	0
AAAAGAGCACACCCCGCAGT	0
TTTTGCCAAAGGATGGCCTT	0
TGTGCAATTGCCCAGCGCAA	0
CTAACCGGAACCAGGTAGAA	0
TGACCGAAATCAAGGTCGAT	0
TGGACTAGCACCAAGGATTA	0
GTGGACCGATGACGGATGAG	0
AGCGCGTACCGATACACTTT	0
GCACGATACAGTAAGGCGCC	0
GCGTCACACTTAAAATGTAT	0
CATCCCTGGAGAGGACGTGT	0
CGATCACGCGAAAGCTTGTA	0
CCTAGCGGTTTAGATTTCAC	0
ACCTTAAGTGAGCTTAGCAT	0
AGAATGATAAAACAGATTAA	0
TAGCCCCTATAAAACCATCA	0
TCGACGGCGGCTGAGACCAC	0
GCACTATCCTTACTTTACGT	0
GTACGCAGAGGAGTGACCAC	0
GTTGAATTGCATTACGATAC	0
GATTGAAGTTGCACCCCGCA	0
TGCCTCAATCGGTTAATGAC	0
TGCTTATAACACAACTCACG	0
ATACGCATGGGTTCATCCCT	0
CTCCCAATACCTATATTAAG	0
AAAACCAAACCAACCGTCAT	0
TCTAAACTGGGGAGCCTACC	0
CTTCAAACACGCCGTATATG	0
GAGAAGTAGGCGATGTGGCA	0
TAGACCCAATAGTCTCATAC	0
AGCAATGCTGATAGCTGAAT	0
TATGAACTCCTTACTAGCGA	0
CAATACCTTCTATCAAGATC	0
AACTATCGGACTGCGTTAAT	0
CTTGGATCAGACCTGCAGGT	0
GTTCGACCCTTAGTAACGTA	0
GACCGAACCCAAACCCTACT	0
TCAGGGGGGATAGCCTGCAA	0
ATTTAGTCCCGAGAGCAATT	0
CACAAAGCTTAAATGTCCTG	0
GACTCCCTCATATTGCATGC	0
GCCTGGGCTGTACAGCCCTC	0
CCTCACCCAATATGTCTCCG	0
TGAAAACCGCTACTACGCAC	0
CCGAACCGACATAATAAATC	0
CTTGTAGCATGACATAGAAC	0
CTCGCAAACCACCCGCAGAC	0
TTGGATACTGACAGTAAAGC	0
TGAGATGAGTATCGCTGTGC	0
ATGGTAAAACTTCAAATGGC	0
AGTTCGAACCTGAAAGGTCA	0
ATGAGAGTAAGACCAGAAGG	0
TATTAGAACAAGTAGCGCTT	0
CTAAAACACGCCTTATAGAA	0
GACTACACTCGCCTACTGAA	0
GAGGTTACTAGCTAAACTTA	0
CTAGTGTTGAATAGAGGAGT	0
CTTACACTTCTCTGTACAGC	0
TAAGCAAGTTCGCTTCGAAG	0
GTAGCGCCTAACGCGCTAAA	0
GGTGGCTACATTTACGCGCT	0
CAGGGCTACCAACAGAATAA	0
AAAAATCTCACTTAAAACCA	0
GCGGCACACAAGTCGATGAC	0
TCATACCGTGCCTGCTGAAG	0
AGAAAATTGGCAAAGGCGCC	0
GTAGTGAGACCTTCACTGTA	0
AGTAAAAGGGATGCCCCTAA	0
GTGTCGAGGGGCGAAGCAAA	0
AAAAGAAAGGCAGACAACAG	0
GATAGATAGGAAAAATAATC	0
CAACAAATGCATCCGCAATA	0
CCTCAACAAGGACTCATCAC	0
GTAGTGCATTACACCAGCTA	0
GGTTGGCCAAAAAATGGACG	0
GTGAACCACATTTATATGAG	0
TCCGCAACACAATGCGATTA	0
CTCCGAGCAGCTCTATCTGT	0
AAGTAGGATACACGGCTCGA	0
CCGACTGAAGACCGTACCGC	0
GGAATACTGAGAAGTGTTCC	0
GTTGTTCCTGCACGTACAAA	0
CTGCAAGATCTAGTTTCACA	0
CCGCAACCGCTCCGCAAATG	0
GACCATGCTATCTTTTGCGC	0
CACGCTACCGAGCCAATGAT	0
TTTACCCATGGACCGCATGG	0
ACGAGGAACTGTCAATATGC	0
ACCGTAGCATATACCTGACC	0
TGCGTGTACGCGAATTTACG	0
ACGCGATACTCTCCCATTAG	0
GCAAAATAAGTGCCCCCGAC	0
CTGAAAGCAGCTCCCCAAGC	0
GTAAATGGAGTTACGAACTC	0
GAATATCTTAACGATGAAGG	0
GCCAGAAGGTTTCAGAAATT	0
GATGTTTCACGCGTTAAGCT	0
GATTCAGAACCTAACCGAGA	0
ATGGCACACCCAGAGCATGA	0
AAGGGTTTAAGGGTGACAGG	0
CTTTCCCACATGACCAGATA	0
TGTATCGTGCAGTGCTAGCT	0
AAACCAAGACAGCCATACGT	0
GAGTTGACCTAGGGGCTTCT	0
CCCGCCTGTCAACCAGGAAC	0
CGGTTCAGATTGGACCACTC	0
TAACTAGTATGCGGGCTCAA	0
CCACTAACCACGCCGAATGT	0
TACTGAAGGGTGGGAAAATT	0
CGTACTGATAGTAAGTCGTC	0
ACACCGGCAATATGCAAAAG	0
AGGCTACCTGTCTAAGCAAA	0
AAAGCACACCGAAGCTCAAC	0
CGACCAGCCAAGTGACAGAC	0
CTCCGCAATGTTCCAGTCAA	0
TTAGAGCGGTCAGCAAGAAA	0
GGATTGACATAGGCTAAAGT	0
CGATATGTTCTCACAATACC	0
GAGATGGCGGTTATCGCAGC	0
TAAAAATACTGCAGCTATGG	0
ACCGTGCGCTCGAAGTTCCC	0
GCCCAGTGGATATGAAGGAT	0
GATACAAGGCCTACTTTACT	0
AACAAAATCAAAAATTGCAG	0
TTAGACATAACCCAGCTAAT	0
TAGCTGAACATGATGGGAAG	0
CCATAAGATTAATACAACTT	0
TTACGCGTTAGACGAGTAGC	0
ATGGATGTAATTGTTACGAC	0
ATGACTTTGATGCTCTCTAC	0
ACTGTTACCGAATGACTTCG	0
CACAGTCTTAAAAACCCCAC	0
TAGCGAAAGCGCCACACCCA	0
GCGCCTATGTCAGAGGGACA	0
GGCATTATACCGAACCGGAA	0
GACCATTTTAAGAGAAAGTC	0
ATGATCCACAACAACATTTC	0
GCTAAAGTGCGGCTCAAGGT	0
ACCGGTCATAACGAAAATGC	0
AGATAAGACGCCGCGAGATA	0
CTCGATCGAAGCTTTAGTGA	0
AATACGTGAGTAAAATCGAA	0
ATAACATAGTCAGCACCGAG	0
TATTCGCAGTTCAAAAAATG	0
TTGGAAAACAGGTTGCCAAG	0
TACACCTTTTTGGCATCATT	0
CTCAAGTCAATAACCGGGCA	0
AGGAGCCGACACACAACGTA	0
TACCCCCTGAACTAAAACAG	0
GAGATCAAATACACTCAGAG	0
ATACGCGAAAAATTTATGAA	0
TGGGAGGATCGTCCTGGCGG	0
ATAATTGCCACGGGATAGAA	0
CCCAAAAGCCTGAAATCTAG	0
GCATATTCACCACGCAAACA	0
GCATAGATAATAATTCTAGT	0
AATGAGTTCATTTACATCCA	0
CCTAGACGACGCCATATAGG	0
ACCAAAAGTGAATAAGATAA	0
ACAAAAGAACTATCTGTATA	0
TATGACTACAGATGCGCCGG	0
GCAGGTAGCCTTACCACGAG	0
CATTAGGTATGTAACAAACC	0
AAAAGCATTGTGCAATAAAA	0
GTCTGTCATACGCATACAGA	0
TTGAGCCGGATTATTAAGGA	0
AACGGGATCATCGCGCGCGT	0
CAATGGTAACCGTGGGGCGA	0
AATTGATAGTTTAGACCTCT	0
AAAAAGGTAGGAACTTTAGA	0
AACTGACAAATAAATCACGG	0
CCCGGGAGAGGTTTTGAGCT	0
CTATCGACACAACGCGAATC	0
TAGGCCTAGTGCTGAATAGA	0
GCAAGGAGGAGGGAATCAAA	0
CAGCGTACTCCCCCTCGAAC	0
TAACCTACGGTGAGAAAGAA	0
CCGCAGGCCCGCAAATCGAC	0
AGGACAGCATACGAGGTCTT	0
GGAAACAACGGTTTACAACG	0
TGTACTGACATGTTTAAAGT	0
TTCCACCGTTGACACCGCGA	0
CAGACCACAGGCCCACCAGA	0
GAGGAAGATATATGTGTGAA	0
GGGCAAAGAAAATTTTTGTC	0
ACCCGTTGGGCAAGTTCGCC	0
CACCGCACTCCATCTGACTC	0
TTTAAAACGCTGGGAATAAA	0
TACTATCATGCGTCATAAGT	0
ATCTCCCCCCCCCATTCACG	0
AAATGGAAGCCGCCGAAGCA	0
TACTCTACCCCAATATTGAT	0
CACAAAGAGCGTTAGCAGTA	0
GTTTGTGCAAAAGTAGCGTT	0
ATCATGTATTTTATTCTTAG	0
CTGAACGGGTTCGCAGTGAA	0
GGTGCAATTAATAGTATGCA	0
CCAAATATCTACTTGTAGGT	0
TGCTATACATAAAACCAAAC	0
GATAGGTTCATATTTATAGA	0
CTGACGCACCAACGTGAACA	0
GGGGAAAAGTTCAGCTCCGG	0
TGGCACATCTTCGACCCCGC	0
ACCTAAACACGGCTTTGTAT	0
TGTGTTCTCCGAATTAACTC	0
GCTTGAAGAAATAAAGGGAA	0
CACTGACAAAAATTTCTAAA	0
GGGGCCGAGGCCTACATAAC	0
ATCTCATTCGTTAATGCCCA	0
AACCTTCAGTTGCTGAGATG	0
GTAAGAAGCAAATTACTTGT	0
TCTGTTAATTGGAGTATGTA	0
CAACTGTGCTAAACAATTCC	0
ACGCAATAACAGCCAGAAAG	0
ACTACTCACCTTTATTGAAG	0
AGCGTAATTACGTATTGCCC	0
GCACTTATTGAGAGCATTCT	0
AAGAAGGCCGGGCCTAATTT	0
ATTACACTCTAGACATAACG	0
AAAGGAAAATCTCTCGAGTA	0
GAGACTTACGCACTTACTAA	0
CCTGGGCATCCACCTACTTT	0
TGATATATAGCAACCTACCA	0
TCATGAGCCTGTCACCAGTG	0
ATTGTAAAATACACAATCAT	0
CATCCGAGAACCTAGTAAAT	0
CTTATGCATAACCAAAATAG	0
ACAATCTCCCCCACAGTCCC	0
ACTCTGTTACAATAAGAATA	0
AACGCATGAGCGACCCCTAA	0
GCGAAATGAAAGCGCCAGGG	0
CTTGAGTTCTAGCTAAACGC	0
TCCTGAGTACGGCTCTATAA	0
GCGGGAGTGCTAGAGAAATA	0
TAGAAGGCTAACGAAAGGGA	0
AGTAAAATGTTTGCTACGTA	0
AAAACTTCCCCGCCATAACC	0
GGCAAATGTATTTAAAAGTA	0
TTGGAGCGTAGAACCAATAG	0
ACCGCGCGCCAGTCCGTATA	0
AATGATGAGCCGACCCCTGG	0
AATCTCGCACGAAGTAGGGA	0
CACAATCGCCTATACGCTGA	0
TGTGACAATATTAACTTTCC	0
TTTGTTTGGCCACACCCACA	0
ATTAGCACAAGTAATCAACC	0
GGACATTCCACCCTGTTCAA	0
TCCGGAACCACAGATGGTAC	0
AGTCACTGAGGATATTGTCC	0
ATATGCCGAAAATTAGAGCA	0
TCACACGGAACACGACGGGA	0
CACGAAGAAAATTTCCCGGT	0
AATTTTCAGTTTTTCGCGCT	0
TCCGTGGCGTTCCGCAACAC	0
CGCTCGCACGCATGCGCTAT	0
GGACACAAAAATACACACTG	0
ACGGTTGTTAAGGACCAACT	0
GCAAAGATAAGCACACATCA	0
AGATTGTAAACTGGCTACGT	0
AATCGTTACTCTATTATTGC	0
GGGAACGGACATATTTAAAT	0
AGATACCACGTAGACACTTA	0
ATGTAGCGTAGTGAGTAGAT	0
CGTTCCCTGCTGGGCGATAC	0
GACAGGGGGAGGAGACAACC	0
ACGTATTGTAACGCGGTAAA	0
CAATATGAAGATAGGAACAC	0
GCCTCTGGATGACTCGCCAA	0
GGAATGTACTGATCACGAGA	0
CGTCCATTTGGGGCAATTCA	0
CCGTCCCAATTTACAGGGAC	0
CCGTCCCCCTATGCCCTTTG	0
AAAAAGAAACCGCCGCCCTT	0
CGGCTGTAGCGAATAAATTG	0
GTACCGTAAAACCACTTTAC	0
CTGCAGCGGACTCGCCGCCT	0
GGGCCGTATAAGCTTTATAG	0
ACGTTAACCCCCCACTCAAC	0
GAAGAATAGAAATTCAGGTA	0
CCGCTGCGGGCGTAACCAGG	0
TGCTATTTCGTGAAAATGTA	0
ACGTTATGCGACGCGAGTGC	0
GTGGTAGCCCAACACGATTC	0
AATAACGGGCGTGACCCCAC	0
TATCATGCGACCTCGAACGA	0
GAAACAGTGAATAGCTTTGC	0
CCCTATAGTATGTAGATTGT	0
AACTTTAGCATGCTTAAATT	0
GGCAGGTGCTCAGGTCCACA	0
TTACCTTCAGACCATTGGGT	0
CTGTCGTCTTTACCCCCATT	0
TCTGAAACACACGGAAGGCC	0
ACACCTACCGCATAACATTC	0
GCGATTTGGCTACTTCAGCG	0
TTCATGTGCAGTCCAAACCT	0
TAGATAATCGTGTCTATAAA	0
AATCCCCACAACAAATTCCC	0
CCCTTACGCTAAGAGGCGTT	0
TCCCGCTACGCCGCTCTAAG	0
AACGCAAACAGTTCCCACAG	0
TCCCTTCTCCACATAGACAC	0
CGTTTCGGTCGACAGAATAC	0
ACCTGATTTTCTAGCCTTCA	0
GAGATCACGCTTGTGATGAC	0
GCGGCCTACACCTCTAAAGA	0
ATATGTCACTCACAACGCAC	0
ATGAGAGGTTCCAGATGAGG	0
TACGTTAGCACCACATTTAA	0
CATACGCAATGCACGGCGCA	0
AGCTTACGACATACTGAAGG	0
ATTAAAAACAATTATTTCGA	0
ATAATCAGTTCTAGTTGACC	0
ATGCTATCGGGGTATGAAGC	0
GTACACCTCTAAAAACCGCT	0
GGTAACTGTTACATTAGAAG	0
ATCGGAATTACTTTTGCACT	0
GTTAATAATCGTAGTACCCT	0
CGACGCTAGCATGTAATTAA	0
CTGACTGAGGATGTTCGTCG	0
CCGTGTGCAGAAGCAGTTGG	0
ATCCGGCGGCTTTCGTACGC	0
TAAAGATTGCAAGTATAACC	0
TAGCCCCTACTGCTGGCACG	0
AAAGAAGTAACCAATGTACG	0
TGTAGCGATTGAAATGCTTG	0
TGGATAAGTTACGATATCAC	0
GCCACATGACTCATCGCCAC	0
AACATAGATCAAACGGGCAC	0
GCGCAGCACAACAGATGCGA	0
GAAAGACTTATATAAAAAAA	0
GCTTATCGAAACACTATCCA	0
ATCACACGGAAATCTAGAAC	0
CGAGGTCACACACACTCAAC	0
ACGCAAAAACAAATATGCTA	0
TTTAGAACTCCGGTCATATT	0
AATTGAACAGTTAGTCGCCA	0
AATACAAATGGGGGAGCTCA	0
TTTGCCGCACGAACACCTGA	0
CTGGTCCCCATGCACACGCA	0
CTCATGCCGCGAGATCGAAT	0
AGACCAGGGATCATGGCTGA	0
AGGGTAGCCATAGCTTTAAT	0
TAACCCCGATGGAGCGCCAT	0
AGTAGCATTGGCCAGAACCG	0
ACGATTATTGAAAACCAACT	0
GGGGTCCGGACGTAACTGGA	0
ATGGCCTAAGTATACATAGT	0
GTATTGCCTCTTCATTACAT	0
GAAAGCGGAAACGATCCACG	0
GCAAGACTTTTGCGCTCGTA	0
TAGAACTGGGGCCTGCGCTT	0
TACACAATCACACCGAAGGT	0
TAATGCGCGTCTCACAAATC	0
AGCCCCAGTGCTATTTGAAC	0
AATAGACAGGCTGTCCTGAC	0
AGACCCAGGGTGTACAACTC	0
GCAGGTAATAAGTGTCCGAA	0
ACGAGGATATACAGTTTACC	0
CGGAAGGGGGGGTAAGCTAC	0
CTGGACAGACAACTCTGGTA	0
ATGTATCCTAACCGCGAGTA	0
TTGATGAGATGCCGCTAGTA	0
TTTGAATAACAAAACTTTTA	0
GATATCCTCAGCCATAAAGA	0
GAGCCTGACAGAGAAAATTG	0
ACATCTAGTTCCCTCGTCAG	0
TTCCGTACGATGTGAGACCC	0
CCGGCCGGCATGGCACCTGT	0
CTCATACTAGCCAACCCCAC	0
AGTTGGAGCTCCATAACGCC	0
GAGTACTCTGGCGCACGCCA	0
GCAAAGTGTAGCCAATACTG	0
CAACGCCCCCGCCCCACGCT	0
TTCCGAGCTGCCGTACGCAA	0
ATTGCGCTTAACCGTTGAGT	0
AGGTAATTACAACTGAGGCG	0
GCAGTCTAAGCAGGCTAGCA	0
CCGAGCTAAGAGGAACTGTG	0
ACCCTAGTCAACACGCCGCC	0
TATCTATAGGACGTTCAAAT	0
TCCCGAGTCCACCTAGCACT	0
CACTTCCCTTCTCTATCCAA	0
GCTCCCTTACGACATATAAA	0
TATGATAGACATAAGTAGAT	0
CTGTGATGAGATTCTCTCGC	0
GCGAGTAAATAGACTACGCC	0
AAGGGTGTAAAAAGTAAAGA	0
TTCGTTCTGTTCAGTCTGTT	0
AAGAGTGAACACTTTAAAAC	0
AAAGATTTCGCTACGTGACG	0
GCGAATCCGTCTACAGTGCC	0
AAGGATTATAGCGTGCTCGA	0
ATCTATAACCTCCACTTAGT	0
CGATAATAATCCGGAACCCC	0
TAATTAAAACTCATCTGACC	0
TGGAGTTAGGAGCCTTATTT	0
GCACCAGGTACATCTAGCCT	0
AAGGACCCATCATACAAAAA	0
AAAAAGATTAGGGCTACGGT	0
GAAGACGTGGCGATTATCAC	0
CGGCGAATGTGCCTGACCGT	0
CGCGGATGGGTTCTGGAACC	0
AAGGCCGGAGAAAATGCCAT	0
CGCTTTTAAAGATTACAGCA	0
ACTGACTGAGGCAATTTTCA	0
ATCACAATAGAAATCAATGC	0
ATATACGTTACACCAACGAT	0
GCGCTATCTCCGAACGAACC	0
TCAACGTGGCCCCGCCGCGG	0
CACACGGAGATTTACAGTCA	0
GGTAGATGAATACATTATGG	0
TAAACTCGATTTGGAAATGT	0
TCCAGAACTTGACGAGAAGC	0
CAGAGGAAAAAGTGAGAATC	0
GCCCCGATCCCCCCCCGAAC	0
ATGTCTTTGCCTTTAACCGT	0
CCTTTCCTACCCTCCCACTC	0
CGAATCCCGACTTACTACAA	0
CTATCATACATCTCAGATCG	0
TAAGCTGGTGAAGTCAACGT	0
TACGTACTTACAAAATCCTC	0
GCGAGGGATCCGGTTAGGAA	0
ACGATTACGTTTTATACAAT	0
CAGAGTTACTATACTTTTCA	0
CGCAAATCTACGGGTTTAAC	0
CTATAGCCGTGCCTCGAAAA	0
AGAAATTCTAATTTGACATA	0
ATAGTCAAAAACGAGACATA	0
CACGCTATGACTTTGCTCAC	0
TGAGCTTGATGATAAGCATC	0
CCAAAAGTAGTGCGTGTACT	0
GGATAGTCGACCCACAACTA	0
CAGAGTACCACGGTGTTGTC	0
ATACTTATAAACGAGTAGAC	0
CTGTAAACGGTTTCGGTAGC	0
TACGCAGATATGTCGAGCAC	0
AGATCTACATCGATGAAGGG	0
ATTCAGGACTGGACGCCATC	0
GTTCCCAAAGTCCCAGCTCC	0
GATCCACATAACTTGATGCT	0
AGGCCTGCCCTTGTAGGGAC	0
CGACTACGAAATGTTTATCC	0
GGCATAAACGGTCCTTAACC	0
TAACATCGCCGGACGGACAC	0
TACTAACCGTTTGCAATTAA	0
TTTAAGCCACGGAGAAACCA	0
ATGATGGTCAAGACAGATAG	0
TGTGCTAATAAAAATTCCTC	0
GGATTCCACTTGCGGCTAAA	0
GTACCGATGTATTGCCAACA	0
AACCGAGGCTACGTGTCCAA	0
AATGTTTCCTAAAATCATCC	0
ATCACCAAACTGTCGCACTC	0
AAAGACGCGTTTAGGCTGAA	0
ACCTGTTGAGACATCCACTC	0
GCATGACACGAACACCATTC	0
CCCTGGCCGAGGCCCCTACT	0
AGATTGTCCATATCCATTAG	0
CGCGGAAGGAAAGCTGCGCG	0
AATTGATGGACCTTATTGAA	0
CCTTAAGCACAATCTCCGGA	0
GTAATAATGACTACTAATTC	0
ACGCGTCCAGCCAGATAAAA	0
AACCACCTCTACCACTTCAT	0
TTTAAACTATAAGACTTAGC	0
CGCTAACAGTCAGTGTAGCG	0
CAATCGCGAAGTTTCCTGAC	0
AGAAAGGTATAGCGGAGAAA	0
TAAGCTCAAATACGCCCCAC	0
CTCAGATTATTGACAACCAA	0
GGGCGCTTATAGGGTCCACC	0
AGCTATGATACGGGTTTCCG	0
ACCAGAGAAAATTGGAGGTC	0
ATAATGTTTGCATTAGCATA	0
GATTTGAGCCTGTAAGGACA	0
GATCGTAACAATTGTTCGAG	0
CCCTATTAGCAAGGTAATAA	0
AGTAAAATATAATTGATATG	0
GGGCTTCGATACGACCATAG	0
GTTTACAACAATGCTTAGCC	0
TCAGGACAACTGTGCACCTG	0
TATGTAGACACTATTACCTG	0
ACACTCAGATATCGTGACCA	0
CTTTTAAACGCCAAACAAGC	0
TAACGTTTAGCGGAAAGATA	0
GGCAGGGACAATGATCCTAT	0
ATGCCGCTGACTATGAACTC	0
TGCATGTATGATCTCATATC	0
CATGAGAACAGAGTACCCAT	0
TTACATTCCACAGCATTCAA	0
CCCCTGAGATGCCTGCATAA	0
GGTCGATTGAGCAGGTAGGA	0
GGCTGGAAATTCTAACCTTG	0
TACAATGAAAGTATAAAAGT	0
AGCTAACCCCATAAGCCGCG	0
ACCGTAAAATTTAGGACTTC	0
ACGTATACCATATGATTCCT	0
ATATGATTGGCAACACACAC	0
GACCTTACTAGGTCCCGCGA	0
ACGCCGCCCCTACGGGCTTT	0
GCCATGGCCAACATCAAAAT	0
CCCACGCAGCCCTGAACAGC	0
AAACTCGGCACTAGAGTCCA	0
CAATCGCATACTCGGACAGC	0
GCGTGGACATCACGGGCATC	0
ATCTCTAAGTTTAATTTACT	0
TGCCCAGGCTTATGCGAAAT	0
GCGATTAAGTTGTATGAGGC	0
ACACCAAGTAACACGTCTGC	0
ATGGCTTAAACGCTTCTGTT	0
GACATCTGAATGTTTACCGG	0
CAAAGAATGGTACAACGACC	0
ATAAACCCAAGAGGCATGGC	0
CACTCCGCTGTCGCGTGTGA	0
AGACTGCCTACCGCCGTTCT	0
AAGTGGCTTATCTCCCTTAC	0
GCCCCTCCGAGAAAGATCCA	0
GGGGTCTAAAGAGTGGATAC	0
ACCAGATACTAAACAATGTC	0
TTGGGCCCTTAGCTCGAATT	0
AAGACAGAAATCATCAAGAC	0
ACGGTGACCGTGGGCCTTCG	0
TTCTTATCCAAACGCGCACT	0
GTTTCCATTGTAAAGACCTA	0
CTATCTAAGTGAACTGGCTC	0
TAAGAGTATTTACATTCACA	0
CCTTGAAATAGGTGGACGGG	0
TAAAGCTAAGGGCACCCGGA	0
CAGGCGCAATGCGAAGTTGT	0
ATAAAGAGTGAGCAGTTACA	0
GAATACATTTTCCTACGACA	0
CTGATCTGCTTAAAATAGGG	0
AACCCCGGATGACCACAGAG	0
GTAAAACGTTGCATAAACGA	0
TGCATATACGCTGCTGATAA	0
ATCACACCGCGCAGAGCAAT	0
ATCAATTGGTGGAGAGCTTA	0
GAGAGAAGGGGGTAATGTGC	0
CTCGGGGCGATGGAGACCAG	0
GCACTACGAACACCTTCAAG	0
GGTGATATCCTCAATTATGA	0
ATTTCATCGGATTCGGGATT	0
GGGACCAAGCAATACTTGTA	0
AGGTACACTCAGCGGACGCG	0
TCTAAGAAAAGTACGTATTT	0
GTAAGAATGGCAGCATATAC	0
CTACTAGCCCAATTAACGAC	0
AAATACTCTATTATGTCGCG	0
TATGACAGTCTAAATGCAGC	0
CGAATGACGCCGGGTGCGGG	0
AAACTGTTCGTTGTTGTTGA	0
GCGGCAAATCGAGGGTTTCG	0
GTCCCCTCAAATGTGAAGGT	0
TGGCGGGATGCCTGTCTCAA	0
AAAAACCACAATTTAGTACG	0
AGGGAAACTACCTGCACCGG	0
AAGCCTTGCCGTCTACGTTC	0
GATGTAGGATTGTATAGAAC	0
ATAAGGACGCACTAGTGCAC	0
TATGTACAACGCACCCTACG	0
CTAAGCCCCACACACCGGGT	0
AGGTATGTATAAAGCCTCAT	0
CCGTGCTACATTATGTCTAA	0
AGCTGTTCACACCAAGATAC	0
GTCTCCTGAATCTACCTGTG	0
CACCTGAAGGGAGAAGGATG	0
AGGAAGCCAGGAGAGCAGAC	0
CGAAAAGACCTATAGCACGG	0
CATCCATCACAAAGGTCCGC	0
AAAAAAAAGCTTTGGTCGAA	0
GCAATGACGAGTTGACAGCT	0
TGTAGACACGGTTCTGTAAC	0
AACTACCAGCAAAACGAAGC	0
TATGAAGGAAGTGAGCGAAA	0
CTGCGCTATTAATAGCTCCA	0
ACCTCATTGGCGCGTATCAC	0
ATGCCCCCGAGTGATAGGGC	0
AGAGCATAAAAGCATTGTGC	0
CACCGGTCAACGGCACAGTT	0
CCAATCCGTACTAGCTTCAC	0
CAAGTCATAAGTTAAACTAG	0
ACAAAAATGAGAGGCGATGG	0
CCAACGCAATTCTATCGGTT	0
TTGAAGAGGCAATACCGGAA	0
GAGCGACGGATGTGCACGAA	0
TCCACACAGCTCATAGCCCG	0
CTATAGCATTGATTCATCGC	0
CTATGCTTGAGGAAAGCACA	0
GACATATACGATTTCCGGAT	0
GCCCCAGACAGAGAGAGTTT	0
CATAGACCATTATAGCACTT	0
CTTACTCAGACTCCGTTAAG	0
TAGGGGACCTTCACAATAAG	0
TCCGTGCTAGATCGTGGCCG	0
GCGCATGGACACCACTAGCA	0
TCCTACTTGATACGAGAACA	0
ATAGATGGAGACAAATCTCA	0
AACGTCTGGCACCACGGCAG	0
AACGGGATCCGGCATCGTGC	0
TGAGACAACCAGTACTGAAC	0
CATAACATCTGCCTGGGAGC	0
CCAAACAGACCTGATAAGCT	0
GAGGCACACCAAGATGTATT	0
AACTTCCACTGGTTCGAGAA	0
ACCGTAGCAGAGGCCAATTA	0
ACAGTCTAGACGAACTCTGC	0
CCTTGCCATACAAGAGCATC	0
TCATAATAGCATTTTTAATG	0
AGGATAATGTAGAGGTCCAA	0
CCGAAGACCGGCACCGAATT	0
ATGCTCACTTCGCTCGGATC	0
GTACCCTTCTCCCTTGTTTC	0
TCTTGATTCGAAAAACTAAA	0
ACCCAAGCCGAAATGAGCGA	0
TGAAAGGGACGAATTTAACA	0
TATCGCCGGACCGGTCATAG	0
TGGCTCCTAAGCGCATCTAT	0
ATTACTACTTGGGCCCATCC	0
ACTAACGTTAAAAGTTCGCA	0
TGCCTCCACTTATCGAACGT	0
TGAGCATAGGGTTATAATCG	0
CGGTCAGGCCGTTACGCTTC	0
CTAACATTTACCTGGGGCTC	0
ACAGAAGAGCGTACCCAGCA	0
CCAGAAACGTGTGCAGGTCT	0
GACGCCAATATACTTTTGTG	0
TTCTCGTAGGGCAGTGAACA	0
CCGGAGATAAATTATTTCGA	0
ACTCCTCCAGTATCCCCACC	0
TAAGGTCAGTAAACTATGAA	0
AGGACTTTGAAGCCACTCAC	0
TTCTGGAAGGCAGAACTTCG	0
AACGCATGACTCTTATTCCA	0
CAACCTAGCGTATCTTGCGG	0
TTATTCGCCCAATCCTCAAC	0
ACCGGTTTCCCGCACAAATA	0
CCCTAACACAAAACTTCGCG	0
AGCTCTGCGCATATCACACA	0
AGATGGAACAGTAATTGGGT	0
GTTTCCAAAGGATCATGACA	0
TCAAATGCGATTATTCATAG	0
CGTATGAATCATAGGGAAAC	0
AGACGCCCACTGCTTAAGCC	0
CTGTCGGCCCGATAATTGCC	0
GAATACAATTAATAAGTGAC	0
AAGCTGTCTGGGCCAACTAC	0
CATAACTTAATATTGATACA	0
ATTCTAAGAAAGGGCGAGAC	0
GCGAGACAAGGTAAAGCTTG	0
AGGCAGAAGGACCGATTAAT	0
TTACATATATGAGTCAATAA	0
AACCCAACCGGTCCTTCTTG	0
ATTAAGCAACGTGTACCAAT	0
AAAGACTTACCGGACCCGGC	0
ATTGATCAACCCGCGTTAAG	0
GGCCTATAACCGAGATTGGC	0
CAATAACAGCCACGAGTCTA	0
CTATTTGGGAACCGCACCAT	0
CTCCTGGTTGGGATGTGCCT	0
GAACCGATGCAAACACTTGC	0
ATTCTTCTTGATTACGCTCC	0
AATCGTATAAAGCGAATCTG	0
AGCACGAATTTATTAACCGC	0
TAATGCATTGCCCTAGTCCA	0
TTTAGAGTTTTTGATGTGTC	0
GTATTTGCAATGCAATATGC	0
ATTGAGAACCTTCAACCAAA	0
TAGGCCCTGGGCGCAATGTC	0
GTTCAATAATAGAAGTACCT	0
GGTTGGAAATCATCTTAACA	0
AAAAGCCTTCCTTGTGGGGA	0
CACGTAACACGTACGCCCTG	0
GATTTCCGAAATGACGGGTA	0
AATACGACTCCTATGCGGCA	0
AAAACACATAGAGGCGCTAC	0
AACTCCAGAACACCGGTCTA	0
GAACGTCAAACCTTCAAGTA	0
TTTTAGGAGGTGAGTAAATC	0
CTACGCTTCTGCGTTACTGC	0
TAGCCCATTCAGTCCAAATG	0
CCACCATCTGCCAGCGAAAT	0
TAGTACCCCATCTTCTTATA	0
GGCCAGCGATAAACCTCCGC	0
GTACGATAAGGACCGCCGGA	0
CGTTAAAAATACACCATTCT	0
CTTTCCCGGCAAGAATATCC	0
TCATTTAAGGCTCATTGTTC	0
ATGTATGATGGACATAATAA	0
ACCCGAATGCAAAGTATGGG	0
TTTTACACGAAGATCAATTG	0
AAAACACTCCATGTCAAGTC	0
AGGCCACCGACAAAAAATGT	0
ATGCTTAACCAACATCACAA	0
CAAAAACACTTTTGTTAAAC	0
CGATACGTTATCATATCCCA	0
ATGCAACATGGCGTGATACC	0
AGCATATAAACGTGGTCTTA	0
CTATCTCCATAATACTGCAG	0
TAACAGCGTGCAATGATGTC	0
TCGTGCAATGATTGTCTTTC	0
TTTGTATCAAAGCATCTACC	0
CCGTTAGGTCTCAACTGCGG	0
GATAAATTAAAATTTGGCCA	0
ACTGGGAAAAGTCATGAGAC	0
GAATAGGTTTGGCACAGTTG	0
GTAGGAGGCACGACCTCGAC	0
CAGAGTCACGGCACTTCGCC	0
TAGAGGCTACTGGGGTGGGC	0
CGACTGCAATGCTATCATGC	0
CTTCAGAGCCGGGTCTGGGC	0
AGAGAATTTCAAAGCTCAAA	0
ACTCATTAGGACTTGTAGAT	0
ATAGGGATTCTTAGTGTTGG	0
AAGTCTCAAAGAACGATAAA	0
TGGCTAAACAAATTCGGTGT	0
AAGCAGCGATATATAACCCC	0
CCTACAGACACCACTGGATC	0
AACTCGTAGAACAAGACCCC	0
GAAATCCACAACGTGAAATA	0
ACAGATGCAGGATAGAATGG	0
AGTAAACCATGAACTGAGTG	0
AAAGCGACATTTTATCCAAA	0
AGATACTTGATTATCCCGTA	0
AGGCTTGTCACAGTCCTATT	0
GCACATTGCGAAAGTGCTAA	0
CCCGAGGCGAGCTTGTTAAT	0
TAAGACGAACGAGCCGCAGA	0
GCAGATCATTGTTTGAGGAA	0
ATCCTCATTATTTGGCAACG	0
ATATGATCCAATCCCATGCC	0
GTGTTACGCTCGTAGTCCGG	0
GTTATGTGTAAAGGTATACA	0
ACTCTATAAGCTGTGAGTAA	0
CAGAACTAACATCAGCACAC	0
CCGCGTCCGCCCTGGTAGAT	0
TCATAATTTCTTTTATGTAA	0
GCCAGGTGTTCAAAACGTAA	0
TGTCATATTCAAGGATGCAT	0
GGTGAAGCATCGAATGTGAG	0
TATCGGTTAGTACCACGTAG	0
AAAAAAACGAATTTATAACA	0
TAAACACACAATTACAGGAG	0
GTTCTAAAAAGGCCCACGAT	0
TCATTAATCCGTAGGGCCAA	0
TCGATTACATAAACAATCGA	0
CACTCCTAGCTTAGTACTTA	0
CTCGTGGTTCAATCTAGTTA	0
CTCCCTCGAACTGAGGGAAT	0
TACCATTTGGGGTAATGCGG	0
AATGGGTACGGTTTGTGGCT	0
ACAGGTCACTTATCTGACGC	0
CTCTAACAAAGGTATAATTG	0
AAGCATGACACGGCTTAATC	0
ACACAGATGATGAACTTACG	0
CGGATATGAGTATTGCCGAT	0
AGAACTCGGGGTTTTTAACT	0
ATTTATTAGACGTCGGCGTG	0
AACACGCAGCGTTCACAAGC	0
TGTTCAGGGCAAATGTTGAA	0
AGTGCGGCAGACCGTGACGT	0
GAAAACAGGACGTAACCACG	0
GAACACCGCACCTAGCGAGG	0
AAACTTGGGTGCCTCCCCCA	0
GCAAAGTAACTAACGCTCTG	0
GTATAAAAACCGGGGAAGTA	0
TGCCACCTTGAAGTGCATAC	0
CCCCCTCATTTACTCCAGAT	0
ATCGGATATAAACAATCATA	0
TAAATAAGAAAAACCAACGC	0
GGAAACGAAGTCGTAGCTAC	0
GGCGACGAGCAGAGTTACTC	0
CTGCAGGAATACCCACATGA	0
TCTGACAGAACAAAATAAAT	0
TCCTCAACGACAGGATCTGC	0
CAGTGGCACAGACTAGCGCT	0
ATTATATATAAACATATCTT	0
TTTCTCTACCCATACCTTAC	0
CTCGACATACTCAAATTACG	0
AATAGGTCAACGGACCTTTT	0
CTTATTACAAGATAACCTAG	0
TTCATGATATTGTCTCAAAC	0
CATTTGTAACCTGTGAAAAC	0
GAACAACTAATACGCTTAAC	0
TGCAAACCGTGACAATAGAG	0
AAAGCGCTGCACCTAAGCCT	0
CAGGAGATACTGCAAATCTG	0
TAAATAAACGTTCACGGAAA	0
GCTCGGTAGGATGCGTCCGT	0
ACTAGTCCCCTGCCCGTCCG	0
ACCGGGATACTCGTTAGGCG	0
CCAGCACGGCCTGGCTGCCC	0
ACACTATACTAGACACGGGC	0
CCGATAACCAACATATATAC	0
TCCATAGACGGTGACCAAAG	0
AATAATCGCTGAAAATATAA	0
TCGCACAAAAGCAGCCAAAT	0
CACTCGGATAAATACCATAC	0
CTTGACGTCGAGCACTTGAT	0
ACGACTTGGCGCCGGGACGT	0
CTTCATTGGAAATCCAATAA	0
TATTATGTCAGAACACAGAT	0
CTGTAAGTAACATCGCTCGC	0
AAAAACGGTGGCCTAAGTAA	0
ACCTCCCAGCATGAATATTT	0
TAACGAAATAACGAAGATGC	0
TAATTACACGATATCTTTTT	0
TTAGGCGTCAACACCAGTGA	0
GGGGAAAGATGCGATGGATC	0
AACCATAGAGATGTACTGGG	0
TTATCATAATAGCATAACCG	0
AAGAAAGAAGAGAATGTGTA	0
TGACAGTGTCTTAGGGCCCG	0
TCATACCTGATTACGTACTG	0
CCTCCGAAGGGTGACGACAT	0
CAGACACCCCGACTGAACTA	0
GGGCGAATCTTAAACGGGGT	0
AGTGCGAGATAATTACAAGT	0
TGAGGCTAATATCGACCACC	0
CGCATCTATCTGCGCTAAAG	0
TGATTGAACACTCGTTATGG	0
AAGTCCGCAGGGCCTCGACA	0
AAAATGCGATGTCCTGTGTA	0
GCGATCCACCCATGTCAATG	0
TGGAGAACACAATGAAAATA	0
GCACTAGTAGGGTGTGTATC	0
AATTCACTTCCGCCTGAACT	0
AGTGGAGACTGACTAAACAC	0
CAAAAAATCTATACCTAGTA	0
TAGCATCAGCAGCTACCCGG	0
CTCGACCGACGGTCCAACGA	0
AGCGCCAAAAACCTATGCAT	0
TCGGCTTAACACAAGGTGGA	0
ACAACGCCCCACCAGACTTT	0
ACCCAGAAAAGGCCGTCCAG	0
GCAAGTGCCAAGGCAAACAA	0
ACGCACTCACGCCTCAATGA	0
AGCAGTCCACACTGAACTGT	0
CAGACAAAATGTCCAATAAA	0
TGTACAAAAAGAAAAAAGCT	0
TCTCGACCGCTGTCGAATAT	0
ACTGAGTAGCGCGAGACATG	0
TGTCGGGCGTTCTTATCTAT	0
CACTTGCTATAATTGGCAGT	0
CACTTCAATAATCTAACTAG	0
CCTCTGGAGATACCGACGAC	0
CGGTATAAAGGTAAGGGAGA	0
CACCTCCGAAATACCATACG	0
GTTGACGCGTGCAAAACCCT	0
TATACTGCTTTGTTGTGACT	0
AACATTCAACCGAACAGTCT	0
GTAAATACCATGCAAGGTTG	0
CTACCATTCGAATTCACAGC	0
ATTCATGACCTGGACTCACC	0
CAGCTAAAAACACATTAGAC	0
GCCAGTAAAGGTTTCATCAT	0
CGCATTGCCCATTCCAGTAC	0
AATCCCTCAGAGATTCGTAA	0
CTAAACCCCCCCGACCTCGC	0
CGTAAGCGATAGACCCTCAG	0
TTGTGTCCAAAAACAACTAT	0
GTTTATGGAGGTTAGGAGGC	0
TATATATAAATGAGGGAATT	0
CTGGAAATTAAGCACGAGAG	0
CGGGCTTTAATATAGCGCAG	0
GAAAGATACTGCTGGTTGAG	0
CAAGATCACTTGTTACTAGC	0
ATTAGGATTTTCGCTTAGGC	0
AAGATAACAAAAAATAATGA	0
ATATGATCCGCGCAAGGCCG	0
ATACATAACCGCAATATCAA	0
TAGGAGATCCCACGTAGGTC	0
TATCCCAACACCGACTGAAG	0
TAGTCGTTTGTTATTCTACT	0
GCTCGCTGACATGCAACACT	0
TATACACGGCCACCAGATGG	0
CACGCCAGCATACACAGCTT	0
AGAAATCCAATATAACTTCT	0
CTTCGCTGTAAGTCCAGAGC	0
CAATTAAATAGCTCGTACAT	0
CGACGTATAGTTAGAATAAG	0
GAATGCTGCAATGCATCAAA	0
AATAATTAATCTGACCTACA	0
AAAATGCCCGTGGAGAAAAA	0
TAGGAAATAATCGATACTAT	0
AAAGTATAGTAAAAGTTGAA	0
GCCTCCGGGTAATAATATGT	0
CGAGGCGTTCATAGTTCACG	0
GGTACAGACAGGTAGCGTAC	0
GTGACCAAACTCTGGAATAG	0
GACCTCCTTTGTATATCAAA	0
CAAGGGAGACCATCCCCCCA	0
TTGAAAGTATTTATACCAAG	0
GGCATAAAACAACGAAAGGC	0
AGATGGTACATTGGTGCCCT	0
TCCGCACCGATGATCTGCAG	0
AGTTGAAGATTGATGCTTTC	0
ATTACAGCTATGTTGAACGA	0
TAAAAGCAACATTTCAAATA	0
ACGTAAAGGCGATCCGTTCG	0
TGCGAGGGTGTAGGCGAAGC	0
CCTAAAACAGCGGACAATCT	0
GTTAAGAAAGGCATCGGGCA	0
TGGGACATTAGACTCTGTAA	0
ATATTGCACCTATTATAAAT	0
AGTTAACAATGTACTTACCC	0
TTACGAATTTAATTTTGTAG	0
GCTGCGAGTATGTCGATGAT	0
GAGTTGAACTTGATGTTGCC	0
CGCATAATATATCCTCACGG	0
ATCACTATACTTCACTCGAA	0
AATGCAGAAAGGACAAGTAA	0
AGCCAATAACGTACTAGTTC	0
CGTGAACAACTAAACATTTC	0
AAATGCTGTAACACTGACAC	0
ACACTTGAGGAATAGAACGG	0
ATATTAAGACGGAATTTATT	0
ACACCTTTCGACCGTCCCAA	0
TGCGTAAAAGGCTATTTCCA	0
TGATGAGAAGAAGGCGATTA	0
AGGAGATAAACTTCCTCGGA	0
AGATAGCTGGCGAACACAGG	0
GCTCTGAAACCAGACAATGA	0
ATATTGTTCTTACAATCCAT	0
ATATCTCGTAAACCGTCTAA	0
TAGTGATTGAGATGCCTCAC	0
ATATGTTACATTCTGAGACA	0
CTCTTCTGTGATTGAGAAAC	0
ATCGGCAGAATACTCCTAGG	0
TTTTACATTCAGTGTCATTC	0
AGTCCCCAGAATACTTTGAC	0
ACAAACAAGCTCGATAATAT	0
TATGTGAACCGGTTATTTAG	0
CGTTGACGGCCTAGAAGCTC	0
CATAAGTTAACTATTCCTGT	0
ACGTAGTGACGTGCGCGAAC	0
CATCATAACTATACGCGTGT	0
ACCTTACGATTGTCTCTGCC	0
TAAAGAACACGCGTGCAACT	0
TTCGTAACACGTCAAAAATA	0
TCAGAATGCTTTATAAACAC	0
TCGAAGACAAAAACTTGCGG	0
AGACTGAAGGATCCCAATGC	0
ACACACGCCGACTCATAGCG	0
AAACATATGCTCTGGAACGT	0
GCCATACGCTTGCGGCTGAA	0
CCTTGACTAGCATGGAATTA	0
CGTGCAAAAGCCTTCGTGTC	0
CCACCCTACAAAATAGGACC	0
AGACAAAAAGTTATATTAGG	0
GCTTAACGCTAGGTCATTCG	0
AAGACTCAAAATGAATTAAT	0
CTGTGACTGATTACTGCGTC	0
GCTGAGAATCAGGGATACAT	0
AACGTTGCCAGAGAGGGCTG	0
TATCAAACCACTCCTACATG	0
TTGAACTGAGTATTGGTACT	0
TATGACATTTTTCACACCGC	0
AAAGAGGTAATAGTACCAGC	0
CGAATGTGGCGATCATCCGT	0
CAAGTTGGCGAACTAGAGCG	0
TGCGCTGTAAAACATAATCA	0
CAACATGTATCGCTTCAGAG	0
ATACGTAGTGTCTATCCCGA	0
AGCGATTAAGTTAATCACTA	0
CCGGGTTCACTCCACCATTC	0
ACGATTTATCCATTCACCCC	0
GTTGTCCAAAACACAGAAGA	0
GACGATTAAGCAGCGCTTCC	0
GATTTACCTTAATTAACCAT	0
AATGATTTCCGCCTCTCCAC	0
TCCGGACATACAGGGGAAAA	0
GGCGGACTTAGGTGGTTTCA	0
CTTCATTAGGTTCGTCAAGA	0
ACAATGCAGGTCAAAGCAGC	0
GCATAAAGAGTGGAATCTCG	0
AACCGGGAGAAGGCATTCAC	0
TGGTAAACCTGGTCTACACG	0
TAGAAAGGTCCTAAACAAAA	0
GCCGAGACGCCAGCTGTAAA	0
AAGCAGCAGCCCTAAGCTCA	0
CTCGCCCCCTACCCGACTCC	0
AAGATACGTAAGTCTCCCTT	0
ATCCGAGTCTACCAGCCTAC	0
ACAGTGTACCATGCCAGTTA	0
ACCCATGAAGGCGTCCATAT	0
AACTTTTCTAAAAAGTAAAC	0
TCTAAAGGAAGATTTAAACA	0
CCTAACTGCTGCTGCCCAAT	0
ATACAGGGGTGTTATGATCT	0
GAACATAAACCTCAGCTAGA	0
GCTAATCACTCGTGAGAGCA	0
GAACCTACTCTTAGAAATCT	0
CAATCGAACCTTAGAATCAG	0
ACACGTGTTTGGACTAAGCT	0
TCTTCTTCGCACTCCACTTC	0
CCCCATCAACGGAGAATCTC	0
CATGAACGGCGTCTGATGGC	0
CCCCTGCGCGAATATTCTAC	0
ATAAAATACGCCAAACAATA	0
AAATATAGGGTAAATTACAA	0
ATTAAAGGAAATCCACAGCT	0
CTAGACGAGTATTTACGACT	0
GTCCTGAATACATCCCAGTG	0
GCTCGCCTCAGCATATCAAG	0
CTCATAGCTGCAATGACTAC	0
AGTGATCGCGGTGGTACTGC	0
TTATGATAGATTTAGAACAA	0
TAACAGCATGGTCTCGACCA	0
TGTAAATAACTCACAGCCGA	0
GAGTAATGTTGAACGCGTGG	0
TGAATTACTGCAAAAGGCGG	0
CCAATGAAACCCCCGGCACC	0
TAACACCACAAAGTACATCA	0
GCGGCAACCGAACGCACGTA	0
TCTGCCATCTTTCGTGGGTC	0
TGCTGCGCTAAAGGCACTCG	0
TTAGATTTTGAAGTCGGATT	0
ACCACCGCAAGGCATCCCGG	0
TCGCAACGCAGAGTTAAGAT	0
ACCAAAAGCAATGAAATTAG	0
GAGATGAACTTGTCCAAACA	0
AATCAGTTACAATCCATTGC	0
TACGTTCAGTGAGCTTAGAG	0
TACCACGCGAGACTCAGGCT	0
TAAGAGTTCCACCATGTCCG	0
TCCGTTGAGCGATAGTGAAA	0
CGCCTAGCACCCCTAAAACA	0
GCGCAGCCAACATAATACAC	0
TGCTCAAACTAAACAGACCC	0
TGCGCGAACGACTATTCTGG	0
ATCTCCCCTTTTGACATATG	0
AGATCATTGAAAAGGAGCAG	0
ACAGGCAAAGCGGATTTGGA	0
AAAGGAGGGCCACGTCCGGT	0
TATGTCTCAAGAGTGTTTAT	0
CGTCAAGACAGGGACCAAAT	0
CATAAATTTCCATGTCGAGG	0
GAAATAGTATTTGAACCAAG	0
TAGAACAGGACATTATCGGA	0
TAGTACGAGACTCCGGGATC	0
ATCCAAAACGACGCGTATGC	0
TTTCACCCACTCCGCAACCT	0
ACATCAGTAGAATAAGACGC	0
TGTGACAAACAGGTTAAAGG	0
AGCTGCGAAGCCACGAATCC	0
GCTTGCTCAGCTGATTTTCA	0
ATTTAGAAAACTCTCGCGGC	0
AGTAAAAAAAAAATCCCTAT	0
AGTATTACACAAAAGGTTAC	0
ACCTTATATACCAGATCTAC	0
CAGACATAACAAGGCGGTGT	0
GCCGCTACTCAACAGTACCC	0
AAAGGGCTCGACCCGATCTC	0
CCAAACTAACTAACATAACA	0
GAACACGATTAGTTGACCGA	0
GACTACATACGAAGCATAGT	0
AACAATGCCGAACATTGATA	0
ACCGAACAACCACTAAAAAG	0
CTCTAACTGGCCTGCATTGA	0
TAATACTCGATAATGAGGCA	0
GGATATGAAAGTGCATCGCC	0
AGTGAACTAACATATAGAAC	0
AACTTGTAATTAGTAAAACG	0
CAGGTGCCTGACATGAAGTG	0
CAGATTTGTTTCGCTATATT	0
CGCACAGAATAGCGGACTGC	0
ACGAAGCGTTCACCTACGCC	0
GCAGAGTGTCTCCGACCGTG	0
TCGCCAAATCTATTTTTTTT	0
GATACTAACAGACGATAGCG	0
AGGCTACAGTTAGCAAGCGC	0
AAATTCATGGATGCTTGCGC	0
CTTTCGAGTCGCGCGGAACT	0
ATGGGCAGGAGCCAACGTAA	0
GGACTAGGATCTGAAAACTT	0
CGGTGCATACCAGGCCAATA	0
CTTACCGAACCCACGCGATC	0
GGACACTACACTACCAAAGA	0
ATTTTTCATCAGATAATCAC	0
TAAAGACGTGCGACACCTCA	0
CCCGCGGTGCACGACTCCTC	0
CCTTGAAAGTATTTTGTCGA	0
ACCGTGCAACGATTGAGGGG	0
GGATAGCTGGGGAAATGGCC	0
TGTCTTCTCTGGACGGGATC	0
CGTCTACGCGTGTATAAAGG	0
ACAAAAGAACGTCTTGCGAA	0
ACCGACTACACAAGCTACTA	0
ACTTTGCGCATCAAACCCCC	0
TCGTATCTGCAGAATAAAGA	0
GAGATCTCAAACTTAATAAC	0
GACTGACTAATATGTAATCA	0
ACTAATCAACACTGAAGCTC	0
AGACGGTACGCCTAAGAATA	0
AAAAATGCCCTGTGCGTACA	0
GCGGCTGGTGGTATTCCGAC	0
ATACTAAACCATGAATCGTC	0
ATACCCGCCAAACTCAAACC	0
GCGTACAAACGCACCCCATG	0
ATAAACCAAGATGTCTTGAA	0
GATCAAACATCGTAAGAAAC	0
TATTCCTCCAGCACCAGTAA	0
CAATCTAAGAAATACCATTT	0
AATCATTAGAGACTTATGCC	0
TTGATGCATACAGCCAATAT	0
CGTGAGCGTCATCGGGCAAA	0
CAGAATATCTGCTTTGTAAA	0
TTACGGTCTGTTCAAAACGT	0
CTCATGTTTCGCGTTGAAGG	0
TTCTGCTTAAACTATATAAT	0
GTGCTTAGCCCCGCCCCGAC	0
AACAGACCTCCTCAAAGGAC	0
GGAACGCGAGACACAAGGCG	0
ATGCTTGTAGAAATTGACAC	0
GCCAAGACCCAACCACTTGA	0
AGTAAATGCAGTATAGAACC	0
TAGAATCGGCGAAATATACA	0
CAAGGAGCAGGGGAGTGGAC	0
GAGTAAATATTAAGTATTGC	0
TCGCATTTGTAATTTTAAGA	0
ACGTCGGCTTTGTACGTGAC	0
TAACTCGTACGTCAGTAGTT	0
ATCAAGCAAATACAATGAGG	0
GTCTTGGCATTCACAAATTC	0
ATATCTTGCCGGTTAAATAC	0
TTAACTATTACAGAAGTAAT	0
AAGCCTCTGCTCTTGACTAT	0
ATGGCTAGAAATTCACGGCT	0
AATTACTGCGCAACCTGTGT	0
CCCGTCCAAACCCGCTAAAA	0
GGGTAAGACATTGATGGAAC	0
GTGCTATGCGTATAGCCGTA	0
TTACCATGCAAAATTTTGAT	0
AAAAACAGCCTCTCCACATT	0
AGCACAAAGGCACAATCTAT	0
GGGATCATGGCCCTGTCAAT	0
TACTAGTTCCGTCATGTAAG	0
GAGCAACTTAGACCGTGATC	0
GCGAACCGGATCCTACATTA	0
AATCACCTTGCCTCTATAGC	0
GGGTATAGTTTCTTGGAGGA	0
GTTACGCTTAGGACATAAAG	0
CTATCCTAAAAACGCGACAA	0
AATCCGCCTATCATGACGCG	0
TCAACGTAGACTTAGATTGT	0
GTTCCACTTGCACTCAGTTG	0
AATGAAAAAATCTTGTACAT	0
CAGAATGCATGGCGAACAGG	0
CTAGACAGCTAAAACAGTAA	0
CAACCATTTATGGGAAACAA	0
GTTTTGCACAGGGGTCCGGA	0
CTCAGAAGCCTTACATCCCG	0
GTGGTGCAATAAAGGAAAAG	0
TACTGATAGATCTTGTTGGC	0
CAGCAATATATCGGAGATTC	0
CAACGAAGGAACTAGTAGAC	0
CACCGTTAACCCGTGGGTCA	0
TATCAACTTGTCGCAACATC	0
CAACCACGAGACGAGCTGCG	0
TTTACATCATTATGGTGTAT	0
TCACTCGTTTAAGCTGCAAG	0
TAAGATGCAGGTAAGCAGTG	0
CAAACAAACGACTGCTCGCC	0
TACGGAATAAGTGTGATCAT	0
ATACAGGACTGACCCACACG	0
CGTATACGATTTTGGGGAAG	0
TTTGGCCATGCCAAAGTAAA	0
CTACTGGAAGTTTTGCCTTC	0
GCGGTACAATGTCCATCGCA	0
TGGGACCAACACTATTATAA	0
CCCCGGCCACACCGCACCCA	0
GTGAAGGGTATAGTAAAATC	0
CGCCGATTGCTATATGCACC	0
AAGAACATATAATAACGCCA	0
CCAATCTTGCGTAGCTTCGT	0
ACGACTTAGGAAGCTAGCTC	0
ACTTATCGAATTTACATGAC	0
CAACGAAAGGTAGTACGAAA	0
TTAAAGGGGCCAGACACTCC	0
ATTCAGCCCGTAGGACGTGA	0
CCAGGAATGAACCGCTACCC	0
AGATGCATAACTGAACTGCA	0
GAAGATGTATGGGGACTTAT	0
GACTCCACCAGCGTTTTAAC	0
GCATGTTGACGACAAATGCT	0
GAGAAGTGATTAGCCTTCAC	0
CAGCTGTGGGACCCCAAAAC	0
ACGTGCCCATACTTAATAAT	0
TAGTTCGCAAAGAAGTTTTT	0
TACTGTAGATTAGCTCTCTG	0
GTATGCATACTCCAATAAAA	0
TACCGGGAACGCCTGGTGCA	0
ACATAACGGTGAATCTCACA	0
GTTACACAAAATACTCTAGC	0
GAGACGCCTGCCTGGCGCTC	0
CGGTACATTGTAGAACGATT	0
CTAAAACTTCGTGCATTCGA	0
TTAGCGCATACGCTCTAGAA	0
AATGCTATTATTAGACCTCC	0
GACGTGATTTTTTGCATCCG	0
GTCTGAAGAATAGCTAGGGA	0
GAAAATCAATGTTGTTTATG	0
GGCATCTGGCAGCCCAAGCA	0
TGAAGTATCTGGTAGACACC	0
GAACATCACTCGGGCCGCAC	0
AATTGTAGGGTTTTGTTGGA	0
ATCACGATTGATTCGTAGCG	0
GTAGTGATGAGTAGATCCGG	0
ACATCACGTTAAACCACGGA	0
CCCAGCCTTTAGTGTTAGTC	0
GGTAAAACCGTACTCCATTA	0
ACACTTTGTGCGGCTCCGTC	0
AGCTATGGAACCAATAAAGC	0
ACGGCTTAAATACTAAATTT	0
TTTCATTTCAAGAGACTGCG	0
TTACGCACGATCTATCGTTC	0
AGAAGCTGTCGCTCTCGTCG	0
CATAAGAACAGATACGCACG	0
AGTTGCCTTCCAATCAAACC	0
TGAATTTCAACCGACAGCGC	0
TTCAACCGCATCTAATCAAA	0
CATTCCGCAATTACTGTAAG	0
AGGCAGTGCCCAGAACATGA	0
TGTTTGAAAGGGTATTGAAA	0
ACAATTCTCGCCATTCATGT	0
ACCATACGTTGCAAAAACTA	0
TGACTTTAGAATTCGTCATG	0
TGAAAAAACGAGCAGGAACG	0
TTATATCACCAGCACAATAA	0
GTGCTGGATGCAAGTATATT	0
TGTTCACGTACTTCGAATTG	0
CGCTGAGGCGACAACAACGC	0
TAAATGCCGAGTATTATATG	0
GGAGGGCGTTGACCTACGAA	0
TACAGAACGCGCTCCATGAG	0
ACCACGCTTTTATGTAAACG	0
TCCAACCTAGACGTCAACTT	0
AGGGTCGTGATATGCATTCA	0
GATAACTCGGACCATAAATC	0
ACGCCTCTTAATCCAACAGT	0
AGGGGATAAGTGATTAACTC	0
TCTGATGCAAAGGAGGCTGT	0
GACCAAACAAAGCACCTAAC	0
GTATTCAAATCTTATTAAAG	0
GAACGAACTCACAGCCTCAA	0
GGATAATTAATAATGACGTG	0
CAAGTAGGGATGAACGCGCT	0
ATTAATATGGAGTTGATCAA	0
AACGTAGAACTAGTAATGCC	0
AACTCATAAAAGTGTGAAAA	0
TATAACCCGATAAAATCCCC	0
TGCCCAACCAGACGTAACTG	0
ACGCTGTGTTGCACCAAATA	0
GGACTGCGGTAACGTTACCA	0
CAATGGAGGAACGGTCACCT	0
GAAACCGCGTACGCCATCCG	0
TGTAGCAGCCCAACCACTCC	0
ATACCACAAAACCGCTGTAT	0
GTTCGCAGCCTTATACTTAC	0
AGCCAGTTGGTGACCGCAGC	0
ATTCAACGCCCCGCGGATAC	0
GCAAAATAACCCTACATCAT	0
CTGCAGATTGATTCCGGGGC	0
CCAGCCGATGAACCACCCTT	0
ACAGGACATCGATTCAAAAT	0
ACGCTATGGCAAAATAGAAT	0
AGGTGCTTAGCGCCATTGTT	0
TAGTGTGACTTGAAATGACG	0
CAACAAGATGATTTGGTAAC	0
GATAACATGAGGCACTCTGC	0
AACCGTTAAGTAGATTTTTA	0
ACGACGGTTAAGGTTGCTAC	0
TATAAGCATGAGGAGAGAAG	0
ACTGAAGTACCTGAGAAGGC	0
ATGTTGCCCTTAGCGACGCC	0
CTGGGCCCAGCCCACTAACG	0
CAAGAATTAACCAATGGACG	0
ATCTTAGAGGGCCCCACTCC	0
TTGAAACCAATACTTCAATT	0
GTAATTATAATTCAAGCTCC	0
ATCTGCCCCATGTAGCCTAT	0
CACGGAAAATAACTCAGAAT	0
TATGTGTAGTCCGAGATGAA	0
CAACGGCAAGTTACCCCGTC	0
GTCTGGGCGTCACGCCACGC	0
TTTTAGATGCAGCGACCAAC	0
CCCTCGACCTGCAGACACTC	0
GCTGGAGTTTGTAAGATGTG	0
GTGACAGTCATATGATCAGA	0
GTAAGTGTGATGACTCAAGA	0
GACTCCAAAAATTTCCGATA	0
AGGAGAAGGCCCAAATGTTG	0
TAAATCTTTTCCGCACTCAA	0
CCGCGATGCGTCTGTTGGGA	0
TACATCCTATATTAGCTTTA	0
CACTCTGACCAAACTAGACT	0
ACAACTGCGATTCCTTACAG	0
GCGGCAACAATCAAAAGGAC	0
ACCAGGTAAGGCCGGAGCAA	0
CGCGGTGTACTTTCAATATA	0
TTTTACTACACACTCTACTT	0
GGATGGTTAGGCATAATGCA	0
ACCCTGGGCTCACTGAGAAC	0
TCCTAACTAAGGAAAGCAGA	0
ACCAAAAAAGCGGAGCGCAA	0
CTAAGTATCATTCTTCCGTC	0
ACGGGCGCGCGAGGTACCGC	0
AGCTGTGTACGTGAACAAGC	0
AAAAACAGACAGATCAGAAA	0
TCATATCCATGCTTCCTAAT	0
GAAGATATTGGCAACGAACA	0
TCCGATACTATAAGGTACGG	0
ATATTATTAAACCAATTGCG	0
ACTGAGACATTAGATGCTCA	0
CAGATACCTAGATTCTGGCT	0
GATAAAAGACTATTTGCAGC	0
GTTTAGGCAAATTATAAACA	0
ACCTAGTAAGGACTCACCAT	0
AAGCCGGGACAAGTTATCAC	0
CAATTACGCGTTCTACCAAG	0
ACTGAAGCTATCAGATGAAT	0
ACAACTCGTAAGATTGTACC	0
ACGTTTGTTAAATTTAGTGC	0
AGGCAGCCCGATCACATTTG	0
TACATCAACCCCCACCCTAA	0
GATAGGAGTAGCATACGCAG	0
GATGGGCTCTGGCGATCGTT	0
GACCGGTCCAAAGTCGCCAG	0
CAGATAAATAAAGACCAGTT	0
GGCCTTGGTGGTGGCTCGCG	0
CTGAAACGGAGATACACGCA	0
CTTTACCTTGCTATTAAACT	0
AAGGAGGCAGCATGGTTTGC	0
ACACCGCGAGGCCTATCAGA	0
GCGTAGATAGGGTCCCGCTG	0
TATACTAGGAGGAATTCGAT	0
CGTAGATTATCTTGGACTAC	0
TTATCTGAATGAGCCTAAAC	0
GACAAACCTGAAAGTCTACG	0
TTTATATCTATACATCAGAG	0
TTCCGAACGCGGCCCAAACG	0
GGAACTTTGAAAAGCGAAAA	0
GAGGCGCAGAGATATCTTGA	0
AAGCGCCAGCGATTCAATGG	0
TGCTACCCTCGATTCTATTC	0
ACGACAAAGGCCGTGTTGGG	0
TTAAAATGCAGACATCACCT	0
TTGACAATCAATCACACCAC	0
CTCGGAAATTGTCGAGATAA	0
TTATTACTATCGTGTTGACG	0
GTAGAATTTCGTTTTTGACT	0
GGGCACGAAAATTGCTCCGC	0
ACCATCGCCCCCGGTCCGCG	0
CGACTGCACGATCATAAAAC	0
CAATCCACGCTACACGCCAT	0
CGTATTTATATAATCACCAA	0
CTCAGTTACACTAGCCGAAG	0
AAACAAAGCTCCGCATCAAC	0
GCCCACACACCTTCCACAAT	0
ACAAAGTGAGCGTGTTCTTT	0
CTGTAACCGCGACCGGAATC	0
TTTGCAGTACGAAAGTATTC	0
GAATAGAGAAGCATATATAG	0
GCTCGTCCGAATTAACTGAG	0
TATTTCTCTCCGGTTCAGTC	0
AAGCACACGAGTTAGCCCCC	0
TGTTCAGGAAGCGCATTATG	0
CTAACATAAACGCCAATCGC	0
TTGGGTGGTGCAATTTTCAG	0
TACCTCGACAACCGGAGAAT	0
AATGAGGAAGCCAAAAAATG	0
GTGACTTCTCAGGACCAAGC	0
CCGACCACCCCCCCCAACCG	0
CTGGAAACACTCTTAAGATG	0
TACGAGCTAATTTCCTGAAC	0
AAAATAGGAATAGTGAAACA	0
ACATAAAACCGGCGTATTAA	0
AAGTGACTGTTCACCATGGT	0
GCCGGACCGCCACCGTAGAC	0
TTTCAAATTCGGTGACACCC	0
CATGCTAAGCGCACCCTACG	0
AGATCATCAAAAAACACATC	0
CCATCAGATTTTTCGCCCAA	0
ATCAGCTCATTCGAAGCGCG	0
ACGGAAGATAGCATGTAAGG	0
TTAGCCAAATTAAAGTTATG	0
AAACTCCCGTCGCTCTCGCG	0
TCATAGCTAAAGTAATAGCT	0
CCTGGCCGGCCCTGAACTGC	0
AAGAGGCACCTGCGTGATTT	0
GCAATATACGCATCCAAAAA	0
AGCCGTTGGGCGGTTCGAAT	0
CTGATGAAAGTTAAGGGAAA	0
CCGTCATCAACCCATATTAA	0
CATCCCCACTCGTGACACGG	0
TTGGGGATACAGTACTGTTG	0
CACAACACTCTTCAACGCGG	0
CAACACCATCTTAAACTATA	0
CTCGAGTCCCCTTCGCCCAA	0
TACAAAAATTTTATACGATG	0
ATTTGATACCCGTAGCTTGT	0
CGCTGGACCGGTAATAGGTA	0
TGTGATAATCGTAGCCTGAA	0
AATATAGCGATCTCTAAACT	0
GTGTCCCTGCATCCTTACGC	0
TTATACAATACAGTTTAAAT	0
TGTAAAACTTCCTCGTTGGC	0
TTTAGTTGAAAAGTGTCAAA	0
ATACAGTTTACGCCAGTGAA	0
GCAAGCTATGTGAAAATGAC	0
CTGAATGGTCCGCATATATC	0
ACCGAACGCCCATCCCTACC	0
CCTCAGTGAACCTTATTGCC	0
AACCACAATTGATGCGACCA	0
TATATGCAGATGTACAAAAC	0
CAATTCCGCCAACTTAATGC	0
AACGTTGACCGATAAACAAT	0
GACGAGCAATATCGCACTTG	0
TTTGAAACCGACGAAGAATT	0
TTGTATACTTGCACTCTACA	0
CTCGCGTACAAGCTCTGTTC	0
CCCATCGTATACAGAGTCTC	0
GAAATAACTACATTCAGCAC	0
CGTCGTAGTTTAAAGTTACC	0
ATAACGTGCACTACCTATCT	0
GTGCATAACACGCACAAGTA	0
TCGCATGTGACTTCCCAGGA	0
TTATCAGGTGCGATATCCCG	0
ATACAAGTAGGAAGCAAACG	0
ACAACTGACTTCGCACTCCA	0
TAGTGAAACAACCCCTACTT	0
TGAACGGCCATGACCCTGAA	0
AACCGCTAAAAGACTTGAAC	0
AGTCCAACGATAAGAGCATT	0
GTAGGCTACGTCGCAACTCC	0
CTGTCTAATTATGTCAGGGG	0
GCTAGAACGCAACGCTATTT	0
CATCATGCGCGTTGATACCG	0
TAAACGCCATAGGTGTATTC	0
CTCGTCGCGGAGAAATACCA	0
TCATAGTCGACACATGCGAT	0
TGCTGTTGTCATAGCTTTAA	0
AGTAACGGCACTGATACCCG	0
GTTTCTTAAGTAAGTGAAAC	0
TAAGAGATGGGAGACATACA	0
TTAAAATGCGCGGCTTATAC	0
TCCCGTGGGAAGGCACCTGC	0
TGGTGAATGACCTAGTCCCT	0
GTTAACAATGTACCGATCCG	0
AATACGAGACTCATTGGATG	0
CAGTATGCTCCAGCTCTCAT	0
TCGAATACAACAAAGACACA	0
CATATGATCCATGCCTAAGA	0
AAACTCACTGGTCTCATCAC	0
TCAGACTTCGGGGCAGAAGC	0
AGCGGTAGTCTACCTCCCTG	0
TGACGATATAACTGGGTTGC	0
ACTGCCATCGTCATTACACG	0
GCAAACTCGGCCTAGATTTG	0
TCCTACTGCAGTGGATCTTG	0
ACGAATTAATTAAACTAAGC	0
ATACGACGCTCACGCATAAT	0
ACTGAAATTGGTCTCAAATG	0
ACGCAGTAGTATAGGACCAG	0
TAGGGAACGAGAGATAATGC	0
CAAAGAACTCAAAGCGACTA	0
TTATGATTATATACTACCGT	0
AGACCACCTGGACCTACCGC	0
TAGGGATGTGGTCCAATGTC	0
AATATAATGCGAATTTCAAA	0
ATCTATGAAAGGCGCGCGCG	0
GACAATAACCTCCGCTGACC	0
CTGATAGTCGAGCAAATTAG	0
ATATGACATTATTGAGGCCA	0
GTATATCGCGGAACCGCTTG	0
GTTCATTTTAAAATATTTAT	0
GGAGCCACCGCTCTTTGGAC	0
ATCATTGGATCGAAAACTCC	0
ATTAGCTTACCAGAATGCAA	0
ACAGTGTAGGTGTCAAACCC	0
GGAACGAGGACGTGTCATAA	0
AATCTACTGATGTTGATTGG	0
AATTATCCTGCAAGTCCAGC	0
GCGGAACAACTGTCAACGCA	0
AAACACCCTAGCGCGGCTTC	0
AGTGTGTACCAAAGATGGCA	0
CACGTTCCGCGAATTTCCAG	0
ACACAAACAGCTTAAATGCA	0
AGGACCTCGGATGCATGGCT	0
TTCTGGGTTCTACCATATGG	0
GTACAGATATCGGTTAACAA	0
CACCCTGAGCACACCAATGA	0
CACATATGTGGGGAAGAACC	0
GACTTATAGAACGCGAAGGC	0
GGATTACTGCTCAAACTAAC	0
GCACTCATGACCGCCCCCAT	0
CCCCAGAAACTATGATTAAC	0
CAATTTTTTTAGACGAACAC	0
GCCGCAGCAATAAACGCGAC	0
CAATATGGCACAATTACTGT	0
AACTGATGGATGCCCTATTG	0
ACGTGCAAGACAATGCAACC	0
CAACACGAAATCACTACACG	0
TAATGTGATAAAGTAAGACA	0
AGCTACAAAACAAACAGTCC	0
ATCGCAGGACTCAGCATGTA	0
AGTGCAAACAACATATCAGC	0
AGAGGTAGATTACTTGCGTC	0
TTTAATATACTTGAAATAAT	0
TCGACCCTAGATTGATGGGG	0
CTAACTCTTGGATTGATGAC	0
CCTCTCGCTGGCGGTGAGTA	0
TACTTTAACTGTATAAAACT	0
TGAGGTTGACTGGAACATAA	0
GCATGCCTGTGCCATAACAT	0
AAACCGTATCCGATATATGC	0
TGCACATTCCACTTACAAGA	0
ACCAGATTCAATTGTAGCCA	0
ACTTATACGTATGTTATGAA	0
CGTCGCGGCAATGCAGGCTA	0
TGCACATCCTATGAGTCACT	0
ATCAGACCAAGAGATGAGCC	0
GAACCTGGTTGCTCTCTAGT	0
ATCTCTGACGACTTATAAAT	0
GGATGCGTAGCGCCATAAGG	0
TGCATCACTTCCGATAGCCA	0
TGCTGCACTGGCTGGGGGTT	0
TTACCCTTCCGATTACACTT	0
TTAGTTAAGACTCGTTCGTT	0
GTTAAACGCATTATGCGTAA	0
ACTACTGCTTAGCATGACAC	0
CTGTGTAAGAAAATTAAGGA	0
TGGGTGTTTTGTAAATGGGC	0
ACTGCTTGTTGTCCATCTAT	0
CATATAGGATCGGTTCGTAC	0
CAATCCTATCCCAATCTATA	0
TACACGTACATTGCCATCGC	0
GGTGGAACGTTCAGATACGA	0
AATATACGGCTGTCATTGCA	0
CCAGCGGGTCTCATATGCTA	0
GAATACCTAAACAGGTACCT	0
CTAGGTTTGAGAAGCAAAAA	0
GATCCTCCATGAAATGCTTC	0
AGCCTTGATAAAATAATCGC	0
AATTAATGAAGCGTATTTAA	0
GCGCAAGTAACAGGGCGTTG	0
TAAACTTGATATCTGTGTGG	0
CGATAAAATCGCATTTAACT	0
ACTCACTCTATAGCACACGC	0
TCTGTTAAAGTAAACAAAAG	0
CAAAACACCACCTACTGACA	0
ATTCCGAAAGTAGACACCGC	0
TAAGCCTACGGAGCAAAGAA	0
CGTTTTGGGTCGACAGGAGC	0
CACGGTCTCTCACAGAGATA	0
ACTCAGACGTCGTACAACGT	0
CATTCCACCGCCTCTAGCTT	0
CGACACACGACAACCCACCG	0
GAGGTTTGCGCGGTCAGAGG	0
CACCTACGGATTCCAAAAGA	0
AAGAATCTGAAATTGAAAAT	0
CAGTGCGTTACGGTGACTTG	0
TTTTTACAAAAGGAGAAATA	0
ATTTCTCAGCGGAACTTCAG	0
GCTTTAAGACCTTATTTTTG	0
TCGCACCACAACACTCCCAC	0
ACACCAAAGTATAATAAACG	0
CCCTCACTAACAGATTCTAC	0
AAGCGGGTGCCCATGACCTT	0
ATAGAACCTAAGAACACGTC	0
GACCCATGTTTCTACTATAG	0
ACGTAACTACTGCAGACCGC	0
CAATAGTCCCCTGAACGACA	0
AACTTAGGGTCCGCGTTTTA	0
GAGCCCATGGCAAGTGTACA	0
CCTTAACCCCATCGACCGTG	0
AGATAAAAACTCCGTATAAG	0
GAAACTCTCTGCACGCCAGG	0
CACCCATACCACACGCACCC	0
ATGCTCAACGCCAACTAGGG	0
AGCCGTAACCAACACCAGGT	0
CACGAAATTCTAAGATCGCA	0
ATTCCACACGCTGATACTGC	0
CATGAACGCCTTCTACCGGT	0
TGTGGCATCCTGGCCCAGGG	0
ACTCCGGAACCGGATTAATC	0
CGTTTGGGATACCAGAAGAT	0
GACCTTGACATGCCACCCCT	0
GTTGGTCCCGCCTTACACAA	0
AAGTGCTGGAAAGCTGCTAA	0
TAGATAGTAGATAGACGATG	0
CAAGTAGTCGAGCATTCTCG	0
TCGAAACGTAAAACAGGTGG	0
ATGTCTCGCTAAACGCAGGC	0
ACCGTATAAGCACGTTATCC	0
GGATTATGTTCATTTTAAGT	0
TACAATTTTATTGGGCTTTA	0
AGCGAATTACGCCGACTTGC	0
CCCACACGGCCCTGCCAGCC	0
ATACCGCAAAGCCCATCGTC	0
TCAAGTCAACGGCTAAGGTA	0
CGATTGTCAATATATCTTAT	0
CATACATATCCTGCACACCC	0
AGGGATGACCCTGCTTGGCG	0
ACGACGACTTTTTACTTTGG	0
GCACGCGAGGCATTTGCTAT	0
ACGATCCAAGGCTATCATGG	0
GAAACTCGCAGGTATTGTGG	0
ATTACCAAACAAACCTCGAA	0
TGCAATAATATCCATCCACG	0
TCCATTGCTTATGTAAGTCC	0
AATAAATGTCATTTATGCTG	0
AACGCCCCCAAAAACCAGCC	0
GATTGTGTAAACCTGTCCCC	0
AATGACGAATGATTATACAG	0
TTCGAAACATACGGCCCACC	0
ATTATATCCAACACGTGTGA	0
TATTACCACCCTCCAACCTT	0
TGATTAAAACCATGTTGCGC	0
AAATAAAAACGAATGGACCA	0
CTGTAAATAAACGGACTGCA	0
AACCCTAGTCCTTAAGGAAC	0
CTCTAATCTTAGCTAAATGT	0
TTAGAAACAAACGACAAAGC	0
TACACGATAATCATCTTATG	0
CGGATCACTAGTTAGATTTT	0
CCCCCGAAAGAGCAGGCCAA	0
AGATAAAGCAAGTCTCTTTA	0
GTGTCCCCTTATCTGCAGAC	0
GCCATATGTAACAGCCAAAG	0
TAATACCGTATACTTCAAAC	0
TTACGTACTAGCAGCTGGGA	0
AATAACGGACTTCATAAACC	0
AGACCCACAGAAAATGCAAC	0
GCCCGATAGTAAGCTCTAGC	0
GATTACTCAAATGATTAATG	0
TTAGACAACCACCATGAGCA	0
CACTAACGCCGGAAAGATGC	0
TGCTAAAAGATGGCGTCTTG	0
TCGCTCTGCAGCTGGTAAGC	0
CAAAAACTAGTGTAGAATAG	0
AGGGTTTGCAACTATAAATA	0
AGTTCGCGGAGACACGGCAA	0
CGGAGGCCAAGTGACGAGGT	0
CTCCCGCCCAAGCCCACGCC	0
TAACAGAGATGGTGAATTAT	0
GATGCTAGCGCGCGCCCAAG	0
CTACGCGAACATCAACAGAA	0
CTCCTAGCACCCACGAGCCA	0
AACGACAATTCCTAGCCCGT	0
TAAGACATAATATACTTACT	0
GCGTACAGGCAGGCCAGACG	0
AACCTGAATCTACGCGAGAA	0
CCAAGTCGTAGTAATATCTG	0
ATTGGTCAGCCCATGTGAAA	0
GAAAAATACTTACCGACGGT	0
GTGTAGAGTCGTTATTAGTC	0
CTTTGTGGATCAGACTATGT	0
CACACTAAATGCGACAACAA	0
ACAAGATAAAAATTTCCCTC	0
TTTGCTACCACGACACCAGC	0
TCACCCAATAGATGGAAACG	0
TTTATTAGCGCTCGAGCTGC	0
TAGGAAGCCTAGAACGCTTC	0
AGAGCACTGCAGTCACAACG	0
ACACATGGCAAACAGAGTGA	0
GCCTGAATACAAAAGAAATT	0
CTGAGACACCCCACCCTGCG	0
CGGTGAAAGAATGCAAATTC	0
TCATCGAGCTAACGCCACTC	0
CCCACCACGCAACAGTGTAT	0
TAATGACGTAGAGCATTCCA	0
AAAAAATACACCACATATAC	0
CAACCCGTGCATGGCCCGTA	0
TCTCGCTGTAAAGTTATCGT	0
AAGATGAATGATCAACTTGG	0
TGATATAACCGACCCGAAGC	0
AGAGTGTGTATCCCTGGGAG	0
GCATATTTAGAAATGGCTTT	0
GGAGACTCTAAGTATTACCC	0
GAGCCAACCCAGGAATCTTA	0
TGATGACAAAACACACGACT	0
CTGGCACCACCTAAGGTTAC	0
TTTGCTATCCACCTTTATAG	0
CGTGATAGCGTTATTATAAT	0
TCGGGCTACGTGTAATTAAG	0
GTAAGTCCAAATACCTGTCC	0
AAATATGAAAATCGCACCCT	0
TCTCGAGTGTAGAGTGGGGG	0
CGCTCCGTAGGCTCACACCA	0
AACAAATCATGTATCAAGTC	0
GTTTACATGGAAAGCATGCA	0
TAAACTCGTCCAGCGTGACC	0
CAAAGCGTGCCACCGTTTAG	0
TACTATTGATTGGCAATGTT	0
CAACAAGTTCGTTGCGATCT	0
TGCGCTTGTCCCAGTATGTG	0
AACGCGTCTGGGTATTGGAG	0
TCGTACCACGGGGACCTACC	0
ACCAATACAAGCGGAACTAC	0
GTTGCTGATTGTCTTTATAG	0
CCGCAGGATCGGTACATCCC	0
TCAGTGGTAGGGAGCCCCAC	0
GTTATATTGCCACAGTAAAC	0
GGCTGTGTCTATTTAGAGTA	0
ATTCACCCATAGCTCCATAG	0
AAGATATGTTTCAATTAAAT	0
TTTTTCATCGTAATGCACCC	0
GGTTAACTTCTAAATTGATC	0
CATCACTTAGTACAACAATA	0
GCTCGAGATAAATTTACCGG	0
CGCAACAGACTACATAGCGT	0
ACAGGCCTCATTACAACGCC	0
TGGGTCCACCGTAGGCCCAC	0
AACAAAAAGATACTGGAAAC	0
CCCGACATGACCGCCGACAT	0
GGCGTAATGCTTTTGGCTGG	0
TCCCCTCCTCTGTCCGCAAA	0
AGCGGGTTTGGCATTCCTGC	0
AAGAGAATTACAGGTTAAAA	0
TTGCCAGATTGTCAATGCCG	0
CGTGACATATATCTCATCAA	0
AAGCTCGCTGCGTTGCATAA	0
TTTGGGAATGGTAAAATTAA	0
CCAAAGCGACCCCACTTGGG	0
TGGACTATTTCCCCCGCCCA	0
TCTTGTCACGTTCTCTTGAA	0
TAAGCACGTGTTAGCCAGTT	0
ACGAAAGCTATATTAAGTAG	0
GCATACAATTCAACAAACAC	0
AAATAGTAGTAGTCAGCGTC	0
AGGCAAACATTGTGAGATAG	0
TTAGAGGGGAGTCTAGTCCA	0
TTGCCCACCCGCCCGTTAAC	0
AACGATATACAGAGAGCTCG	0
ATGACTGATTCCAGTGGTTG	0
GCGCCTTAACCCAATCCAGG	0
ATACCTATAGTCGAAATTGT	0
ATGGGTACACAAAAGGAAAG	0
ACACATTAGACCTCACCATC	0
ACTTATTCCATCCTGAGTCA	0
GCTAACCACATGTACTAATA	0
GCATCTGCTTTAAAACCTTG	0
AGTTACTTAGGGTAAGTTAA	0
AACTGATGCACACTGCTCAA	0
CAAAGAATAAAAATCTTAAA	0
TAACGGTCCCAATGATCAGA	0
TAAGCCCACCGGTACGTAGC	0
ATCAAACTATTACAAAACTT	0
AACTGGTGAAGGATACACCA	0
GAAATTGGCTCCAGCCAAAC	0
TCGTCACCTGAGGACGATGG	0
CGTTACTGTGAATGAGGCCA	0
CTGTGACCCATTACCTTCCC	0
ATATTAACTTGACACACCCA	0
ATGACTTATGCTAACAAACA	0
TCGCAATCCCGAAAATCGTT	0
ATTAACAGCCTCCTAAACCC	0
TATATTAATACAAGAATAGC	0
AGAAGAAGATCCGCAATAAG	0
TAATTAACATGTCGTATAAG	0
CCACGCGGAAGCTTACCCTA	0
CTACCGAGAGCATTTTAAAG	0
GCCGGAGGGAGAGTTACAAC	0
TGGTAAGTGGTCAGATCCGT	0
AATGTAAGGAGAAGACATCT	0
AAACAATCAAGTATTTGATA	0
TATAAAGAAGGTGGGTGTAC	0
GAAAGCATCAAAGAATTAGC	0
GATCATCTTGCACAAACTCA	0
GTCAGATTATGCCTGAACTC	0
CCACGGATAAAGGGCCACGA	0
ATGTCAGTTGAATCCGCATG	0
ATTGACGGGAATGTCCCAGG	0
TATGAGCATTTTGAAAGTGG	0
CCCTCACGACCCCCGCAGTA	0
GCAGGGAAATATCCTCATGA	0
TGCAGCAATCCAGGAGGATG	0
TGGTGCAATGTAGTCAAAAG	0
TCGCTTAGGCGACCAGATGA	0
GGAAAATAACCCGTTCGGAA	0
TTGCATGATTCATATTAGTC	0
AACAAACGAACTTCTTTGCC	0
TACGGGCGCTTCCAAGCTGC	0
TATACCCAGCTAGCAATAGG	0
TCACACAACATCCGCTTACG	0
ACTAAGTGTAGAAATGCATG	0
AACTCTCTGGAGCACACGAA	0
GCAGCCAGTATTGTGGGAAT	0
CATGCCTCTTCTCATCCCAT	0
TCGTAAGAACTGCTAGAAAA	0
CCACCTACTACAACGCTTAA	0
TGTTACCAAAGCATGAATTG	0
AACCCCAGCGTTAACGTAAG	0
ACACACTCGACGCGCGGGCC	0
AGCTGCACGGCCTTTCCCGT	0
CAAAGATGGTGCGGACCGCT	0
AGAAACAACACCAATACGTT	0
TGCCCGTTTGATGCGGAACC	0
TCAACAAAATAACCGCCATG	0
GAAGTTAGAGTGTCAAACTT	0
AGTACCCATAAAATGTCAAC	0
GAGTTCGAGACGAGCGACCG	0
GTAACCTGAGGTCCGCAAAA	0
CAACCAGCCTCTTTAACACT	0
GATTATCCAATACCTCATTT	0
TCGCATGCCCGAAGCTCCAT	0
GTGCTTGCTAGGACAGACTA	0
TACCGTCCGACGGGTGTACG	0
TTGGAGAGGACGACCCCTTT	0
TGTGCCATGCCACTAGACTT	0
TGCCAATATGGTTATAAGCT	0
AAGCTACGCGTTGTGCCTCA	0
TGCGATACCTAATACATCAG	0
ACTCTAGAGATAATTTGCCT	0
AGTAATCTATCTATTGCTAG	0
GAACGATCCAGATATCCGAA	0
AACGCAGCTTTAGGATTATC	0
AGACAGATTAAAATCAATAT	0
ACCTGCTACACTATATTCCT	0
GAGTGCGCAACGTCGAGCCC	0
AAAAGTAGAGTCTCCCACAC	0
CGTAAACGACTAACTTCTGG	0
AAGATCTAAACCGGAGCTTA	0
TGGTAACGCTAGAACGACTT	0
GCAGTGTGAACAGAAAGACT	0
CCGGAAACTCCACCGCCTCA	0
GTCAGGATGCATGACCGTTC	0
ATGAGCCAGCCAATCTGTTC	0
TAGAAAAGAATGCCTCCAAT	0
ACACACCGCCTATCCCGGAT	0
AGTGGCCACAAACACAGCAG	0
GTAAGCCTTTGGACGACCCC	0
GCTGACAAGGCCCAGCTACA	0
GTCATAAGTCGAGAATGCTG	0
AAGGAACTCATCCGCACCAG	0
GTCTGAAAAATCCGAAAACA	0
CGGCACCACTGCCGGCGGCC	0
TGCTACGCTAGGGAGTGGGA	0
GCATTCTTGGACTACCCGTG	0
CAGCTGCACCGCAACCCTGC	0
TCAGACATATTGATCACAAA	0
GTGAAAAAATTTAAGAATGG	0
GGATCAAAAGTTTTACTCAA	0
CGCTTAGTAGCTTCCTACCA	0
CTTATTCGATCACAGCCTAG	0
ACGTATTAGTATTGTAAACT	0
TGAATATAATATTTGTAGGT	0
ATTGCATAAACCATTACAGT	0
GAAGATAGCCAGGACTGAAT	0
GTGCCGGGTGCGTACTTTGA	0
GCTTAAAAAGCCAACGGTCA	0
AAATACCTCTCAACACTATT	0
GAGTACAAAACGCACATTAA	0
TCGAAACAAAGTCCGCTGTA	0
GAAACGCACGATCGATTGAC	0
AAGAAATCTACAATTGCAAA	0
TCACTAACTCAAAATTCATA	0
CTGAGCGAAGGGGACTCGCT	0
TAGCGATTTTACAGGATGCT	0
CTTGATATGCAAGAAATCCT	0
AATTTTGGATAAGGCAACTC	0
GAAAAAACTAATAAGTAGTG	0
ATATCGTCACTTAAATTGAC	0
GACTCCCCTCGGTATCAACA	0
ATTAAAGCTCGCGCGCGTGC	0
GTACGCCAACAAATTCGTGT	0
CAGTAAGCGACTGCCACACT	0
AGGCAACGCAAATGCCAAAT	0
TCCACGCCTCCAGCTGGCTC	0
GACCAAAAATAACCGAGCGT	0
ACTGGGACGTGTTTTTGGTT	0
GAAAAATTATCGTTCACACA	0
CGACATGACGATTTGCCCGA	0
ATGGGTAAGGAAGACTTCGA	0
GAGATTCGGTTACGATGGTC	0
ACCATGCAATGCCATATACG	0
GAAATGAGCATATAAGCAAC	0
ATAATCTGTCGTGTAAAACG	0
GCAAACCGTAACCCTGGAGC	0
GGAGATATGCTAAACCATCT	0
ACAGTTATTGCCTACCACAC	0
TTCGTGTCACAAGAGGTTGC	0
AACTCGTGGTAATGAAATGA	0
GTGGTTCTCAATTGTCCACG	0
CGCAACCACTACAGCTTGCA	0
TTCAAGAAGGAAGTGTCTCC	0
AGAGCTCTACTCCCCAAGGC	0
CTGTCCATAGCCCGGAGGGA	0
TGTGAGTTGAACGCTATGTC	0
CTGGATCTTACACTGACCAA	0
TCCCCATGCCCTGAGCAGCC	0
CTATCTGAAAGTGGTGTAAA	0
GAAAGGCTTGCTACACGACT	0
ACAAATCTGGTATTACACCT	0
AAAGTTTCTCTGCCTAATGC	0
AAGAGATCTTGGGCAACACC	0
ACATGACATAAATTTTTGAG	0
CGCCGGACGACGTACGACAA	0
ATATCCATAGTCCCTACACG	0
GACAGGCCACAACACCTGCA	0
AGACGCGCACGCCATATCGA	0
ATCATGTCAGTACCTTAATT	0
GGTCCGACCATCGTCAAACC	0
AGTGAATCATACGTAACTGA	0
CATACTAAACGGTAATGTAC	0
GGAAATAATAGTATAAGTGA	0
AAGCATACTTGTCATTTCAT	0
CATTTCCGACTTCATGATCT	0
ATAAAAGCCGTCCGACATAA	0
TCGAACACCGAACCTTCACG	0
CGTTGAAGAAGAACGGGGAT	0
ATAAAGCCTAAGGATTGTGC	0
ACAAGTTGCTATACCAGACT	0
GGAATCAACCAGCCAATCAA	0
ATGCAGAAATTTTAGGAGGA	0
CACGCCTCAGAGAAAATGAG	0
CCGAAAGTATCTGCCACACG	0
AAAAGTTGTGCTGAATCATT	0
ACGACCAAACTGGAAGAGAT	0
TCTAAGCATAGAGTGATGTC	0
GAGAGCTAACACTAGGCTTG	0
GTGAACGTAACCGTGATACG	0
TAACGAATAGAGTCACTGGT	0
ATAGTGACCTACTACCACTA	0
TAAACAATAGGCTGCCAGAT	0
CCTCAGCCGCCTACCCAAAC	0
AGCCCATTGGATAATGCTCG	0
TGTGTGGAAGGCAGCCCGAT	0
GGGACCGTGTTGAGACCACA	0
CCGCGAATTGGGCTGTAAGT	0
GGTGTCAGCCATCCAAGAAA	0
TAGAAAGTCATAAATTCAAC	0
AAAGCTGCGGGTCAAATGTA	0
CTCTCGAGCTCTAGAGGAAA	0
GTTGAATTATAGAAACATGA	0
TGTGGATCATAGTCCGAAAA	0
AAAGCGTAAATTACCACGAC	0
GAAGTGTAATTGACAAATAA	0
ACTCCACTACCAGTGCCGAA	0
AATCATAAGATGCATATCAT	0
ACCCGAAGTTGGACTTATGC	0
ATCCTAATGCAAGGAATATA	0
GGAGTGAAGCAAATGGCGAG	0
ATTCTGACCACACGCATTTG	0
GAAGGCTGTATATATCAGAC	0
GTCGAAGTATGACGGAAACC	0
ACACCGGGGTAACGAATCCC	0
CTTTACTCACTGGTTCGAAA	0
TTGGAAGTAAGACATTACCA	0
TTACTAGCACCTGCTGCTAC	0
TTGTTAAGCAGTGTAAAACC	0
ATTTAGAACGCCTCCCTGCC	0
AGAATACCACGCAAGAAGAA	0
TACGTTATGAGCAGCGTTGA	0
AAATTATGCAAAAGATAGCT	0
AGGGTTTGCCGATGGGGACT	0
ACTCCTCGCATATAGTCTGA	0
ATACGCGAGTCCGATTAAAC	0
GTCCTCTGTCCGCGTGCCCG	0
ACAGTTTAGACGAGGGCGGG	0
GTAAGATTACCATTATTATT	0
ACCATGATAAGTACTTTAGG	0
ACAAATCCATAAGATACGTC	0
TATCTTGTGTAGACAAAGAG	0
GGGTATACCAAGAATCATTC	0
CAATAAGGCTCGATGGAGTA	0
TACCGGCAGGAGTAAGAATT	0
CAGGACCTTGCTGATGAGGC	0
CCTGCCTAAACTTATAGTAT	0
CATCGCTACAAACGAACCCG	0
TTCCAACCTTTATTACCGCC	0
ACGTACTTCTGGGCCATTAA	0
GAAATGTCGTAATTGCTGGC	0
AATGCTGTTTGGGGCATACG	0
CGCTATTTCGTCTGCCATGG	0
GATAAACTTAGGAACAAAGT	0
AGGTCACAGTATAGGAATCT	0
GGTCAGATGTAAATGACGCT	0
TTAACGACCTTACGTACTTT	0
GATTCTTCCCTTGTGCCAAT	0
TTGTCCCCAAGGCCAGTATA	0
TAACCAAAGAGGCTGAAGCA	0
AGGTATGGACTACCTTCAAT	0
AGAACTAGCAGCGTTGACAG	0
AGCATGTTTTAATTGCACAC	0
ACGGGTGGTGTGAGGTACAG	0
ACCAAAACCAACCACGAACT	0
CATGACACTACAACAATGGT	0
CGCCTACACATAGGTGTAGC	0
GTGTCCCACTGCTTGTAGAC	0
CAAGAACTCAGAAAGGTATT	0
ATTTTCATGATACCGAAAGC	0
ACCAATATAAGAACCAAGCG	0
TTCACGTCGATGATTTGCAC	0
CACCTTCCACTTGATGCCAA	0
GTTCGACACTATAAAGAGGA	0
GGGCCTACATGATTAAATAA	0
TCCTGCTTAACTGGCTCAGC	0
CTAGACGGATGAGTATACTC	0
ACGAGCTGTAGCCGGGCTTC	0
GCCTTCTAGAGATTAATGTC	0
GGGCAATACAGTGTAGTTAC	0
GTTACGACTCTATGGCACCC	0
GGAGCGAACAAATTAGATAC	0
CAACGACACACACTATACGC	0
TATGTGTGACGCCTTTAGCG	0
AATTCACGATTGGATAAGAG	0
CCGCTTTCAGTCTGATAATT	0
TCTGTATCGTCCGTGCCGCA	0
GGTGTGGCATGGTACTCTCT	0
CGCGGCTGTGCTCCACCGTG	0
TTAAAAGGAGCGAAAGCTGA	0
TCGAAACTCAGCCGATATAG	0
GCCGCTTGCCGGTAATATAT	0
GAGCAACACTTATAGAGTAC	0
GGAGCCGAATAAAAATGGAG	0
CGACTGCTAATTTTCTAACC	0
TCTTCGCCGCACGCGCGGCA	0
ACGTCTATTAGCTGGCCTAT	0
GTGGGACTTACTCTTACACA	0
GCGGATTTTCTTTGCAATGG	0
GAGTTGCCTTACACGGACGA	0
CTCCATAGTGACTGACCTAC	0
GGTCAGACCACAACCATACT	0
AGAATACAGTCAGGCTGTAG	0
TAAGTTAAACACCACTAAGC	0
GGCTAAGAAAGTCCATTAAA	0
CGAAGAGAAAACATGTAAAG	0
CGAGGATGAACAATAAAGCA	0
GTACTATGATAAACCGATGA	0
CGATAAGATCGCCGCCATCT	0
GTGTCGAATATACGACAATC	0
GTTAGCGGACATGAGCAAAG	0
TAGCTTGTTTACCTGTCGTG	0
ACTAACGCAAAGAATTACCG	0
ATGGCGTGAATCACAGTTAG	0
ACCTAAATTTACACCGTACC	0
GCGCGAACGACTAATAGACC	0
TGGCGCAATACAGATAGCCC	0
GTGAGTTTGTAGACCAAAAA	0
CCGCTCATGAACACAAAAAA	0
TATCGAAAGCCGATCGCTCC	0
TGGTTATAACCGGTAGGTGG	0
ACGCTGACAACCCTTTTGGC	0
ACTAAGCCGATAGTAGGTTA	0
GTATACCGTATTGAGGCAGG	0
GCCCCCGTAATACCGGATTG	0
TGAGCTAATTATACCATGGC	0
GCTTAAAGATAAGCGTTTGC	0
TACGCGTAGGACCTGGACCC	0
CAAAAGTAATACGAGTACGC	0
TACAAAACGTGATGAGTTCT	0
GCAGATGACCCGCAATCCGT	0
CAGAAGTAGATGGCCGAATA	0
GCGACCGACTTCTGGACCAG	0
ATTAACTAACTGTGATGACT	0
TGGCCATGGTAATACTGCTC	0
ATATAGTCAAGAAACTCCTG	0
TCTCCAATCAAATATTTGAA	0
AACTACGGAGGCCGAGAGCC	0
CTCGGGCACACTCCAAAATT	0
CAAGATTAGCGCTTATGTAG	0
AATTAACGCCAATAATTATT	0
ATTTTCCAAGGTAACCACCC	0
AGTCGAGTCTGGATTCATGC	0
ACAAAGGGAATTCCACAACC	0
TATTGCATTCCATATTAGTA	0
GTGAGTAGAGCCGCGCTATT	0
TTAACTGTACCAAACAATCA	0
GATGTTAACTGATAGAAGCA	0
CGCAGCACCGACAACGCATG	0
GCCAATGAGAAATATTTCTC	0
CTAATAGACAGGGTGTGACA	0
CAGTGCCGGCACATGTCCTC	0
AAACTCAAACGTGCAAACGT	0
GCACAAAAACACGGCACATT	0
GAGAGACCCAATACTAGAAA	0
TTTGGCAATTGCGACTCGAT	0
TACCGAGGGATATTCGCGCA	0
ACGTGAAGTCCGTTAAGCAC	0
TGCTGAGAGAAGAGGTGAAC	0
CTCAAGTAACTCAAGAGAAA	0
CATAACCTGTGGCCTAGGAT	0
GCTCCATCCCCGCGAGGCCG	0
AGAGTAGTAAACTTTTTTAT	0
TCATAGAACCTAGACCGGTT	0
AACTGCTAACCACCCACACC	0
ACGCCCATAGTTTCCAATGA	0
TCTACAGTGTGCTTATGTTA	0
CTCTATAGTACTGGGACTCC	0
AAGCCTAGTCATTAACCTTT	0
CTCGAACTGGACGCATAACC	0
TGGGACAGTTGTAACTAACC	0
AACTGTACCTACCCGAGTCT	0
AGGAAAGCCAATTTAGTATT	0
TACTTCATCGTGTGTTGACG	0
GTTGCGTTTAACAAGCGTTC	0
TTCCAAAAGTTCGCGAAAAT	0
CATCATAGCGCCAATCAAAC	0
TGATACCAGCGCGGCACATT	0
GCCATACCGTTCACAATTCT	0
TACAAATCATACAAGTCAAT	0
AATCCAGTACACCACCACAT	0
CTGCGTGAAAGAGTAACTAC	0
CCGGCCCGCCCCTCGTATAC	0
AAAGAAAGACTACGAGCACC	0
GCATTGCTAAACTTATGAAG	0
ACGATGTATATACGAACTCC	0
AACAATAGGATAATAAAGAT	0
ATCAAAACTTTCCAAGTAAC	0
GAAGAATAATGCGACCCACA	0
GCGGTAAACTCATTCGGAAA	0
CTGCTCATTTTGATTGGGCT	0
CGAATAGGGCGACGCGATAC	0
TGCCACTCGGAAAATGACGG	0
GCAGCTGTCACAAGCGATTT	0
ACAACCTAAGACACGATAAT	0
ATTAAGGATAGATCACTGCT	0
AATAGAAATATTAAGGGACC	0
TGCACACTTCACAGAATTCC	0
TCTAGAACCGATACTCCCCA	0
GGTGCAGCCCAAGAAACAGC	0
ATGCCAATAGTAATTTGTTG	0
TGACCTACAGGAAGGTCCAA	0
TGCTACATATCCAGACCACC	0
CATCACCTAAGTTCCGCACA	0
GTGCACATGACAATCTATAA	0
CTTGGTAAGCGATCTATGTG	0
AGTCACTACACCAATCCATG	0
GCCCCGTGAGACATATCGAC	0
TGGATCGCCCCTATGCCCCA	0
CATAATTGTGATCCACCTCG	0
GGAGCAAAGCGCAACAAGGT	0
CACGATAGTCTGCGATCGCT	0
GCAACCCCTACGATGTTACC	0
AAAGGAATAATAAGGAACGA	0
CTGTAACAACTGGGACTGCT	0
ATACCAGTGGGTACGGCTCT	0
AGGCATCGCTTACGGTGCGT	0
GAACAATTACAAAATCAATT	0
CTGTAACTGAGAAACACAGT	0
TCTGAGATCCAAACACACAA	0
AATGCACATAAGCACAAACG	0
AAGCTATCGTGGACCGTGAA	0
AATTACACTGGATATATATC	0
TACAAGCCCCACGAAGTTAA	0
AGTACACATGAGACAGATTT	0
TGGCATAGGCATCATGGTCG	0
ACGACAACGGAGGCGTATCC	0
CTCCCCGCTTCCTGCTTACC	0
AATTATGCCACCTAGTACCG	0
GAAGTCCGTAGACGATGTGC	0
ATAGTGAAAAAGCAGGGTAT	0
CGTTAAACCCGCTATCACCG	0
GGAAATTTCTGCCAACGATC	0
ACATACATATTAAAGCATGC	0
ACAGTGCCTTCAACCATTGT	0
ATCTAGTGCGCTGGGAGGGG	0
TCGAATAAATTTGCATAATA	0
AGCAGCGTAACCTACCATGT	0
CCCAAAAGCACTAAGAGGAG	0
ACTAAAACTTATCTAATTGC	0
TAAGAGATTGCTTTATGTTG	0
CTTGACACAGGTAGCTGTGA	0
ATAAGTAAGCTGCACAGCCC	0
AACGGTGTGATAAGTATCTC	0
ATGGGTAGCTATCATCAGGT	0
GCTTATTAGATGTTTGAAAA	0
TAAAATATCAATAGCGACCA	0
ACGCCTTTGATAACAAATTC	0
TTACTTGAGTGCAGAGAACG	0
TATACATGCAGGCTGCCCAG	0
AGCGAAAAAATTTGATTAGA	0
TAGAGATACACTCACAATAT	0
GAAACCTATTGTAAACCGAA	0
CCGAGCTGCGCGAACGTATG	0
TCAGCAAACGAGGTTCCAGC	0
TATAAATGTAAGGTGATACG	0
ACAAACCCCAGTTGCGGGTG	0
CTGGATACTTGGCAGTCGAT	0
ATCGGCATGAAATACTTGAG	0
AAGCCGCAGTAATAGCTTTA	0
AGAAAGACAAACTAGAACGC	0
GTGGACTAGTGCTACTCGGC	0
ATCAATATGCAAACCGCAAA	0
CCGAAGACCTTTACTGTTTT	0
TCCTTAATTCCCGCTCACAC	0
GGGAACTGAGAGTACGTTGC	0
ATAATCCTACAAGTTCGGAT	0
TCAAATCCCCCACGCATCCC	0
CAGCACAATGGAGGAGTGGT	0
TCCACGGGATGGAATGCCAT	0
AAAGAAAATGTAATGTTCTT	0
CTAAGTAGATATGTAAGACG	0
ACTCGGCAGTACATGACCCG	0
ATCAAACCTAACGAATAGCC	0
TCTTCGTGCCGCTCATACAC	0
TACTCAGCTTTATTGATCCG	0
CGGCCACCAAAGGTATCGTA	0
CCTACCCCCGCCGCAATGCC	0
TAGAAAAAAAAACTGACACA	0
GCGTCTAACGCGCTAATGAC	0
GTACTAACCATGGCGGTGGG	0
TGTTGATGCTGTGCGCATAG	0
ACGAGCGTATCCAGCTCTGG	0
TGAGTAGTGGCAGAAATCTA	0
AAAGAAGAAAAATCTTCCAT	0
ATTATGTACGATTCGCTGAC	0
TTACGGCCTGACCTCTGAAG	0
AGAGCCCGTTATAATCGAGT	0
CTCTACGAGAGAAACGCTTG	0
GACCACAGACTATGACTTAC	0
CGAGTTTCATTTCGTAGCGA	0
GCCCCCAAGCGACCCGAACG	0
GCGTGCTTTTCTTGCAGAGA	0
TGACGGTACTAATTGCAAAA	0
GCGCCACGCGGCTCAAATGA	0
CGTAGATGTATGTAGGTTAG	0
ATTGTGGGCGATATCTCCGC	0
TGTGGTTAACACGCGAGTAG	0
AAACAACACTCATCTACGAT	0
TAAAGAAGCAGCTAGTAAAT	0
GAGTTCAAAAATTAACCCTG	0
AGAAAATTTAAAACGGTTGC	0
TGATCGACGCAACATTTCTT	0
ATCCATATAAGGACGTTACA	0
ACCAGTAGAGGGCGACCCGG	0
ACAATTTACGACCCCAGCAC	0
AACCCTACGTGACTTGGACC	0
GGGAGTTTTATTCCTCACGA	0
GGCATATATCGAACAAAGCG	0
TTTATACTTATTCACCTGGC	0
AGCACGTATTTTCCCAGTGA	0
GAAATTCTGCGCACGGCTAC	0
TTGGACACGATACCAAGTCG	0
CCTACAACTCCGTCGTTAAA	0
AAACCGACGTGGAAGATCCA	0
CGAGTTGCTAAGCGATTTAT	0
TATTAAGCAGCAACTAGCCC	0
GGAGCAGCTGTACTTTGGGT	0
GGCAACAATGCCCTGCCTGA	0
ACGTACTAGGTTACTATTGC	0
AATTAAGGTAGGAAATGTCC	0
TGATTTGGCCAATTAAATAT	0
CGCTCCTCGTACCTATCCAA	0
AAAAACTCTGTACATACAGA	0
TAATAGTCTCTGAATTGATG	0
TAAACGATCACGGTTAATTG	0
GTTAGAAAGATATCCCATCT	0
AACGACCGTAGTATCGGAAA	0
GAAGCAATGCATCAATGTAC	0
TGTTACAACATGGCTAAACG	0
GCGACATTATTATGATCCTA	0
TACTGAAACAGGGGGTACGA	0
ACGATAGAACCAAATGGGGA	0
TTAATAAGTCGGATTAGAAG	0
GACGTAAATACGTCGCACGC	0
TACAACACTGGCTATAATAA	0
TCTACCACACATGCCTCTTA	0
ACTTCACGGGTCGATGTGGA	0
TTCACAACTACCACATAACC	0
TGCAATCCCCCCCTAGTACC	0
GCATTTATAAATCCCCATCC	0
ATTTCGCTGTAGAGCCATCC	0
GACACGTGGCAAGCGCGTAT	0
GTATGACAGCTGACCCCTTG	0
GTAAAAACTGACACCAGGGC	0
CCAGTTCTGACTCTAACCAC	0
CAACTCATGCGGCGTCTACA	0
TATTTGCCCTTCCCAGCATA	0
ACTGCGTACGTATGTACAAA	0
GCGCTTGGAGGGAACCTGAG	0
GAAAGCCCGCTTACCTTGTC	0
ATTGTAAACCCTTAAAAGCG	0
ATCTGACGTCGGTCACATCC	0
TGCGGTCACATGCATGTTGA	0
ATGCATCCTTGACTTTTCCC	0
ACTGTGTAGGCTGCGTACGA	0
GAATAACAAGCTTCCTAAAG	0
ACAACCCATGCCGATCTAAT	0
AGGTTCGAATAGTAGATAGT	0
AAGGCTGCGACTATGATAAC	0
TACTGCGTAGAATCGAGCCG	0
GCCAACTTGTCCCTTCAAAT	0
TTCAGAGTGGGGTGTGATAC	0
GACGCAATTCGAGGCTTACA	0
ACTGATATTCTGTAATCTTC	0
AAATCACACATTAACGTAGA	0
TATGTACTGTTACTCCACTC	0
CTATCAATAAAAAAGGAACT	0
GAGAACCAATAACCGACAAA	0
ACAACGACTCACTAGCAATC	0
GTCCCACGTGTGATGACACA	0
GTGACGCGTTCTACTAACAA	0
GCCAAAAGGATCTATTGTGT	0
GCCTAGACCCGCTTATATGG	0
TTTAGAAGGGTGGCGTCATT	0
CTCTGGCTTTAATTACGTGT	0
ATCTGCAGTTATTGCACCCC	0
TAACCAAATCATTACGCTAA	0
AGCCAGGCTGTAACCTAAGC	0
CCGAATGGAAGAGGGTAACG	0
CACTACCGGAATGATCCGTA	0
AACCGGGTCTAAAGTCGACA	0
AAGCAATGAACCCCTTAACA	0
GTTTTGATACAGGCGTCCCC	0
TTGCAACGACATAATGCTGG	0
CACGGAGATGTCATAAATCG	0
ATGAGAACAAAACGCAGAGA	0
GAACCTAAGAAGGGCACTTG	0
TTGATCAGAAACTCGTGAAC	0
ATCCTATAACGCCAAGCGCC	0
TCTTACCCCGATATAAACGT	0
TAAGCCCGAAAACCACTGAC	0
GAGTGTCTAAGAGGTAAGGG	0
TAGTTAGAAGACATATAGGC	0
AATATGGTGCGAATTCATAC	0
CTGTGCAACTGCCCGATTCA	0
TCCTCGGTACCCGATGGTTC	0
AAAAAGAAAAGCGAACGTGG	0
TAGGGTTAAACGGCGGTCAT	0
CTTCGATAACGACGGTTCAA	0
CACAAACCTAGCGCTCCGCG	0
GTGTCACATAGATACGTAAG	0
GTCCGCAAAGGAAACATAAC	0
AGAATCAAGCATTATTCACA	0
TATGTAACCACAGAAGCAAC	0
TTGAAGGAACCAGGAAGCTT	0
AAGGATCCATAAGCCAAATC	0
CAGAACCTACCCTTCTTGCT	0
TGCGCAATAAATTTGATGTA	0
AATTATCTTAACCGGCCCAC	0
CACAGTAGTCTCATGTACTA	0
AAGGAGATTTATAAGTAATT	0
TGTACCCCACGACAACCCCA	0
CCCCAATAACTGCTCACTAT	0
ATCAAGATGTCTTCGCGTGC	0
CCGAAGAATGGCCACTTTAG	0
ATAAGCACCCAGCGGATAAA	0
CGATGCGTGCAACTGTCATC	0
CCTAAGCTCTGCGTACTGCC	0
ACTTAATGCATACGTTAATC	0
ATCACATCGCAGTTTTCTCG	0
GTAAAACGTAATGGGCTAAA	0
TAACTTCGTATTAAACTAGA	0
GAATATAACGCACTAATTCC	0
CGGCTGCCACTCACGTAAAG	0
AAATAAGCCGTCATGCATGA	0
ACTGCCCTACCCGCCATGTC	0
CCGTTCCCAAGCCCATTGGT	0
CACCTAGATGGCTTCAGCCG	0
AGTGGACTCAACGGTTGAAA	0
GTCAGCAATTAGGGAATATC	0
CATCAAAAGATAAATCCAAC	0
AGGATAGCACAATTGACTAA	0
TCAGTTCTCAATTAGAGGCC	0
ACATGAAGGTAGCCGGCATA	0
GTTATCCGATGGATGCTACA	0
CTATAGCATCAGAACTCCAA	0
TTCACGAACAACAGTACAAC	0
TTGCTGCTTCACGACAAGCC	0
TGTAAGATTGCGTAATGAAA	0
TACCACGCGGAACGTTCACC	0
ACAGGAAAGCATTTGAACCC	0
CCACCGCTAACTGGCACGCC	0
ACCTAAAACAGGGCAGGGAG	0
AATGAACGCGCCAGCATACC	0
GAGATGTAGACGGCTGAACG	0
GTCCCTTATATCACCTAGCG	0
AGGATACCTCTCCTATAAAC	0
AGCGAAAATTGGGCGTTACA	0
AACCATGTGTAAAAGTGTGA	0
GCGTGCTGAACACCCGCTCG	0
ATCCACTCCGATCCATGGGT	0
ACCCGTCATAAAGGCTGATC	0
CGCTTACCAGAGCTTAACGT	0
GCTACCTACCCCTATGGACG	0
GCCAAATACTCAAACTTGTA	0
ACGTCACCAATAGATAAATG	0
TACCGAGTACCAGTGGCGAT	0
AATGGATGTGGACAGTCAAT	0
TCCGGCAAATCGTATCCCGA	0
AAAAGTGCAAACTTTGCGAA	0
CTTGGGAGACAAGAAATATT	0
ATTGTTTCATACTAGAGGTC	0
GGGGGTCACACCAGCAATCC	0
TGAGCAGCGTGGATTTACCA	0
GCGCATTCCACGCAAATAAA	0
AAAGACAACGCTGCCTTGTT	0
ACAGGCGAGGGCCTAGGAAG	0
TGTTACTCTGTTACACGAAC	0
CCCTTCTTCGGGTGCTCTAC	0
TAACCAAACGCTTAATAACC	0
CATTGAAATCGAAGATAGTA	0
GATTGGTCAAGACTTCCACC	0
GTGAAAGGCTTTTACATAGT	0
ACGTGGCGGATCAACCAGAA	0
CAGGCGATGAGAACTAGCTT	0
TAGACAACGGACGGCTGGTT	0
TAACCCTAGAAATACCCAAC	0
CAATTCCCAATTGCGACTGC	0
AACTCGGTACTTTCCATCAC	0
ATTGCTACCACCCTCAATAA	0
TTAGCACCCTGGATGGGAAA	0
GCAAATCCCTATATTCTACG	0
ATTTGCCACGGACCGTAATT	0
TATAGCGGAACACAAGCGAT	0
ATGGTAAAGGTAAATTGAAG	0
GAACATTGTGTTAGACACGT	0
ACGTACAAATGCCATTACTT	0
CTTTACGCTAAAGCTCGCTA	0
CGCCCTATTCGTCATATGAA	0
GTTGGCTAAAGTAAATAATA	0
ATTAGCGGATTGCATGTTCT	0
CATTATCCCAGTTTCCTACG	0
ACGGAAGTACGCATCTAAAA	0
AACTCTGACCCTAACTCTCA	0
ATAGAAGGCCACTCCCTGCC	0
CGCTATCTGGCTTATGCCAT	0
GGAAAAAGTATGTGCACACT	0
GCATAGGGCATACAGTTAAG	0
CCGCATACGCGAATCAATAT	0
TTTACGTATACAACCAACAG	0
CGGGGTATCGAAGGAGATCA	0
ACTTCCGACTTTCGCCAGTC	0
TAGGGTGACTTGCACTAGCT	0
GTCAGTGAAGCACACATTAA	0
AAGTGACCATTTAACCGGTT	0
TGAAAGCGCAAAACAAATCA	0
TGGACCTGCGTGGTTAAACC	0
CGTAAATTCTGGGGCCGCAG	0
ACGGGGCAGGGTTCCGCCGC	0
TTTGTCACGTTGAATTAAGG	0
GATATAGTCGCATAACCACA	0
ATGCGCTCTAGACTGTATCC	0
AACTAGAAGATTGGATCTGG	0
GACAGAAACGGAATGCCCCA	0
CACAATTTTCCAATCGATTC	0
AAAGGATGCATTCACACGAA	0
TTCTTGACTGCAAGTGCCAT	0
CACAAAGCCGAGCAGGCTCC	0
TAACACCGCTCCCACCGAGA	0
AGACAATAGCGTCACAGGCC	0
GTTACATTCGCGCTGGTATG	0
GTGCAAGATTTCGTTACTCT	0
AACCCAACTAATAACCATAA	0
AAATAGTAAATAATGGGCCT	0
TAAAATGAGGATCAGTGAGG	0
GAGTCTCAAACCGCCAACAG	0
AATTACACTTGAATTATTGT	0
GCTGCTGGCAGACAAAACAC	0
GTATGCGAAACCTTATTTCC	0
CATGTTATGAGTGAAGTGAG	0
CATGACGAGTGTCGCACCCC	0
ACGATATGATTCGACCAGCA	0
TGTATAACCTCAATGACGAG	0
ATGAAATCGATGCTTTAGCT	0
CGACATTACAAGTTGGAGAT	0
TACCACATTCCGACACCTCC	0
GTAATGTGCCCAAGCACCCT	0
ACAGCTCATTACCTAATAAA	0
ATCCTTCCACAGACATGATA	0
ATGATGTTTCTCAATGGCAC	0
GACGCCGCTAACATTGCCCC	0
AAAGATCTTTACCACCTGTC	0
TGTTCCAAAGTAACCGTCGC	0
TCTATACAGTAACAGCGTCT	0
TGAATCGAGTGAAATAACAG	0
CTAAGACCTTTCCAGAACGT	0
CAGCGCGGAATCTTTATCGC	0
AGGCGCACCCAAAAGACCCC	0
TTTCCCACATCAAAAACCCT	0
CCCAGGTAGCTCAGAACTAC	0
CAGCAATGCTGAAAGATTGC	0
AAGCGTTACCCCAGGTCGAC	0
AGCCGGTTTTCTTTCTCCGA	0
ATACGGGACACATCTCGCTC	0
AGGCACACTGTGCCGCACTA	0
CTTTCGGTTTAAAATATACC	0
GTAATTATATTGCATTTGTA	0
ATAAAAGCTATGCATTGACT	0
CACATACCTCAACCTGCGAA	0
GTGCAAACATAGTACATAAC	0
TTCAATCAGATCAATCTTGA	0
AGATCACGCAATAACGTAAG	0
ATGGATCCCGCTTAATATGA	0
ATATGTCCGAAATCCCTGAT	0
AACAACAAGCAATTACACAT	0
AATGGAAGTTTTCGGAAACC	0
ACATCGAAGAAGCTCCATGC	0
CACAGAGGCGGCAGTCATAC	0
AGCCTTTCGCGTTTACCTTT	0
ATGGGCGCGCCATGCAAGCG	0
GCTACCTGTATGCCCTCCTT	0
GATTACGAACCGCTACCGCC	0
ATGTACCTATCAGCATGTGA	0
GTTGATGCACGATCCTATCC	0
CGAGATTCGATGACAATATG	0
AGACAAAGGTGAACCCCTTT	0
GCGTACTATCCACTCAGTGC	0
CGTAATCAATTTAAGCGTAG	0
CCTTAAGTTGAAACCGTATA	0
CCACATATGAACTGCCTTAT	0
GTTCTTTGATGTTCATATAA	0
CATATGTGTTTATAAACTAT	0
ATGAAATGAAAGAGAGATGT	0
AACCTCACCCATATTTCAGC	0
GAATCTTAATACTAACGAAA	0
CAATTCACGCACGGTCCCAT	0
ACCGAGATACGTACCAGCCC	0
ACACGTTAACGAAATAAGAC	0
GATCCTAAGGAAGTTCACAA	0
TTACCGTTTAAATACTAAAT	0
ACTAATAGAAACACCCCAAA	0
GCATGATTGGGAGTACGCAC	0
ATTTAGGACAGAAGAAAAAA	0
GTCCTATCACTTTTCTAACT	0
CAACGGTTAAGCTCTCTCTT	0
GGGAAAGCCCCATACCGTCC	0
CGAGCTACCTTATAGACTAC	0
GATCGAAGTCCATCCGTGCG	0
ACAAACGAAAATGGTCACCT	0
ATGTCCGGATAAGCGTACGA	0
AAAGTGTTAATAAAAGGTAC	0
ACAGGCGCGACTTGCCCCAG	0
CTAGAAAGGAACCAGTTTTC	0
CAAACGGAAAGAGGGGACCC	0
CTAACCCATACGTCCATACG	0
AGTGTGGCATTCCCGGCAGC	0
TAACTTAATTCGTAAATCGC	0
TAGTGAAACATGAACGCGAC	0
TAACCGTGACTTATCAACCA	0
GAAACCAAGATGAAAGTTGC	0
ATGCTAACGTAGGTTAATGG	0
TACAGCACTTCACGGCGCGC	0
CTGGCGTGTGCATCCTGTTA	0
ACTAAAACAGTTACTCTACA	0
TAGATAACCATGCATAGACA	0
AGTAAGAATATGGCAGGAAG	0
TGTTGATAATGATATAGGGA	0
GATTAACGTAATCCAATGGA	0
TCGAATTCCTGGGCGAGTAA	0
CTAATTGCCATGACAACACG	0
GGCGTCGAATATTATTAAGA	0
TTCAAGTGTAAGACCTAAAG	0
CAGGACTGTGCCGCGCATCT	0
CCGTAAGTCTTGACTCATAA	0
TAGAAAATCGCTCATTACAA	0
TATAGCTTTGCGCTGGGAAA	0
CTTACGTGCCCAAAGGACGC	0
AAGGACGCGAAAAACGTTAG	0
CACTACGGTCCTAAGGCTAA	0
TATGGGCCTAACATGGGAAC	0
TGAGACGAATAAAACTAAAA	0
AGATAGATCGGTTTGGTGAC	0
CATAAAGCCCTTCGCCGGCT	0
AGACATTCAGCTAAGTGCTC	0
CCCGCTAAGCCAGAGCCCCG	0
GGATATCTACATCCTTCCGG	0
CTTCACTACACTTTATCAAC	0
AGGACCAGAGGGTTACCAGC	0
AGGGTAAGTGACGCTGAAGG	0
ACCCGCTATACCCGCTAAAA	0
TTGACCGCAAATTAGAGCTA	0
GATAAATGGAGGATAGTGTC	0
TTGAAAAAGTTTGTACGGAA	0
TATACCTGAAAACGCGCTGC	0
AACGTGCTAGGAATGTATTG	0
TCGAGCGAAGAAACCCAGCG	0
CAGGCCGTACTCTCTACTGC	0
TTGGATTTAGTTAAGATACT	0
GCGCCTGGAGGTACCACTGT	0
TGGGACAACAGAATAAACGA	0
TGCATCGCCAAATCCCGAGG	0
GAAGGGGTGAAGGACGTCGA	0
AAAATTTACCTAAAAAATTG	0
CTCCAAATGATCGACAGTAT	0
GTAGTTCGAACGAGGAGAAA	0
GTGTGACGGTCAGGTGGCAA	0
TTTACAGACGCCACTTCGTT	0
GTCCCCTTCAATCACAAGAC	0
AATTAAAATATCTCTCCTGA	0
GCGATACGCTCCGACACTAC	0
CCGGTGGCTGTAACAAATCG	0
TAATGAGGTAGGGAAGTTAG	0
CGAATAACGCAGCTACACAC	0
GTACGTAATTAGTGACGTCC	0
CCCCTATCCGCACGACTTCC	0
CATTAACTGACTACTCGCAC	0
ATAGTTTATGGAAGTACCAG	0
CCTACGAATCCTCCTAAAAC	0
ATTAAAAAGAGAACTAGACG	0
CCAAGATATATATAGGTTTA	0
ATTGGAAACCGAAACACATC	0
TTATGAGCGCATGCTTACGT	0
ACAACTGAAGGTTACTGCAC	0
AATCATTAAACACTCTGTCA	0
AGGAATCGTATTTGTTGTAC	0
AGCATAAGTCCGCACGCCCA	0
TGCCACGATACACAATCACT	0
TTTGACTACCAGAGTTATGA	0
CCGACAGACCGTACGAGGAA	0
ACGTAAAACACCCGATGCCT	0
AAAGTAGAGCGCTCCGTCCA	0
TCTGTTATTAACTATGACGA	0
ACGCGACGGCGAAATCACCC	0
TCTTTTGAGTAATCCACTAC	0
TCTACTGGACGGGAAGGGCT	0
GAGAATGGAACGTAGAAGCA	0
AATGAATCCTCCGCTTAGCA	0
CAACCGCAACCCCGCCGGGC	0
CCGCCCATCATGATAAGAAA	0
GTCCGTTAATCCGTTGGATG	0
TTTAAGCTGAGGTTTAATGA	0
AGTTATAGGCTTTCGCAACC	0
TAGGCGCGCGAAGCATCAGC	0
GATGTTGGCTCGAGAACAGG	0
GTGATTACAAATCTTTCATA	0
GTAACACCGCAAGTTTCTAT	0
TTAAAAAGAGACCAATTAAG	0
TCGTAAAGAAGTACGCACGC	0
TTAGACACTTATGATCAATT	0
CACTATAATGCACGTATGGA	0
GTGATTCTGATCGTGTTACT	0
GCGTACGGTACCACATATAC	0
ATAACCAGAAAGCATCGAGG	0
ATCTAGCGGAGGACGGTACG	0
GGAGAGCCCCAAAGAAGACA	0
GGTTTACGCGCCCAGTGCAC	0
AGTCCCTGGATCAAGCTGTA	0
AAAAGAAGACTAAGATCAGA	0
GGCTGGCCTCGACCCCACCA	0
GCGCCAGGTTAAACACCTCG	0
AGCCAGTGGTCCGCACAGGC	0
TGTATAACGATAACAATGGG	0
TTCCTGCGGATGTCATGCAG	0
AGCGGGTAGTTACAGTTTAG	0
GTTTCAGATACACGGGACCA	0
TTTTCACGGATTATCTTGAC	0
CCTGCATCGATTCCAAGTGC	0
TGAACGAGAGAATAAAGGCC	0
CCAACGCCGGGAATGCTCCA	0
ATCCGTGCAAACAATAAACT	0
AGGCAGTATACTGCTTGGTG	0
GAGTGAAACGATAAAGGCCC	0
ATCCACATTCCGACCCAGTC	0
GTTCAGTAAACCAACTCCAG	0
GTTCAACCAAGGGATACTCA	0
CTCTGTACTCGAGATAAATT	0
ACTTCGAATGTCGGCTAGAA	0
AAAATTCTCAACGGAATCTT	0
AGTTATTGAGGATTTTTGCA	0
TGGTAATGTCCGATTTGCAC	0
AAATGAGAACCGCGCGGTCC	0
TAAAGAACAGCCGAAGTCAA	0
TACCAGGCAACAAGTACCCG	0
GCGCTGTACGCCTAAAATGA	0
ATCTCTCCTCATTAGTCCGA	0
GGTCTATAGTTCCCCAGCCA	0
TATGAATACACAAACCACAA	0
TACACTTGCCGGACAGCCCA	0
CAATGGATGGCAAATGGAAA	0
GGCGCAGCTTTTCCATAGCC	0
AAAACTACCTCACTGCCAAG	0
AATTTACCAGAGAACTCTAT	0
ATTCAAGATACACTGTTATA	0
TTCCACAGACCTATTGGCCC	0
TCGCGAGAAGACTAAATTAC	0
GCAACCTTGCGGGAAGTCAT	0
GTCAAATAAATGGCCGAACT	0
ATACCAACGTTAAATCTGAC	0
CTCCCGCTAGCAACGCTACG	0
GTACGTCAGAATACCTGGAA	0
CGACATAAACGGGCTGAAGG	0
TGGGTCTGTGGTAGACGTCC	0
ATCTTACCTACATGTCCAAA	0
CAAGTGAGTGTTTCGTGAAC	0
GTGGACGCCACCCATGGACG	0
TATTGGATGGAGTTGAGATG	0
AAGATATGGCGCCCCCTGTA	0
CGGATTACGAATTGTTCACG	0
AGTCTGCCTAAATTTAATTA	0
CAGAGGAGCGCGTCGAAAAA	0
CTAGGACCTCAAGCATACTG	0
GTCTTTCTCATAGACTCTGT	0
GCCGTAAAGCATAGGCGAGT	0
GTTAAACCGAAGGTCTCTAC	0
CTAAAGTTCGCCCCTGTACG	0
ACGTTGAGAGGAATTAAATT	0
CGTGTCATCAGATTGCCTTC	0
CTGTACAATCGAGGATATTG	0
TATTGACCGCGCCTATGCGC	0
AGAGTATCTGAACGAACCAG	0
CAGTAGGAAAAAATCCAGAA	0
CGGGCCCCAGACCACATGAA	0
ACCAGACGCAGCTGCATAAT	0
GCACCAATAGCCCAAACGCA	0
CGGCTGCCAATCACATCACC	0
AAGACCGTAATCATTAAGCT	0
GTACTTATACAGAGGGGCGT	0
TGCCGTATAACGCTACATCC	0
CACAACGTAACTTACGCCCT	0
CCTTAACCACTCATTTGCCA	0
GGCTTACCCACAACCCGAGA	0
AGCTATGTCGCCCCGACTAC	0
ACTGAAACGGTGAGCTACAG	0
CGTATGAATACCAGCAAACG	0
AACAAAAACTCTACCCTTTA	0
ACAAAGCGGAAAAAAAACCC	0
ACGCGAAAGGTATGCCAAAT	0
TGGTATTACATCGTTCCGCA	0
TCATCCCAACCTTTGTTACT	0
AGCCTAACGTAGCGGAAGGA	0
TTCCCGAACGTGGTCAATAC	0
CTACGCTACTTCTTTACCCT	0
CTCCTCTTCACGATACCACT	0
TCTTACAATAAGTTGTCCCG	0
GATTGACGCATTAGTCCTAC	0
GTACACTACCCTTACACTCA	0
TGTCCACGATCACCTCATAA	0
GCACGTTTGGGACACCAGCA	0
TGTGTTCACACAGGTGGAAG	0
TGATGTGAAACATTGGCAGC	0
GTGATAGCACAATGTACCTC	0
ACGTCCCGTTGAACACATTG	0
GGTGTGGCCACCTTCCGAAA	0
AGAGTGATGCCGATGACAAA	0
ATTGAGCATGAGCTACTGCC	0
AATATAATTTAAATACCTGC	0
TAGAACGACACAGAGGCAGC	0
GTTCGATCCAAACATATCTA	0
CAAAGGTGGGCTCCAGAGAA	0
GTGCAACGACGCGTGATATT	0
CCTCAAATGGAGGATCTAGT	0
TTAGTTGGGCCGACTACTCC	0
CACCGAAATATGTACTTCCC	0
TAGGTCTGCGATTCGAGGCC	0
TCATAACCTGCCGCTCCCGA	0
AAGCCTGTTCGCTTGACGAA	0
ATGCAAAGAAAACGCGAATA	0
ATGGACTCAATACTTCGTGT	0
GGCTTCATACGAATAACCTG	0
AGGAAGCTAGCACGCTAGGG	0
GTCGCCTCTAACTCTGTTCT	0
CCGATTCTCTCCTCACCGAC	0
ACACACACACCACAGCGACA	0
CCGCCCTCGATGAATACACG	0
CTGTCAATCTACGGTTCGAC	0
AAATCGGTGGCACCGTTACG	0
ACCTGCATACAGGAATTAAC	0
ATGTCTACGAGGCATACGGA	0
AGTTATTTAGCCAGAAAAAC	0
AAATGGTAACTTAAAAACCC	0
ATCATTTTAGGCGGGTAAAA	0
TCCCAAATTCAATAAGGTAA	0
CTAAGCGTTGTGATTAGGTG	0
ACCCCCCATTGTCTCTTAAC	0
CGTAAATCTTAGAACAGTGC	0
GCAGGCGTTATAAACTATTG	0
CCGTCTCATACATTCCGAAC	0
ACCACACAGAGGTGAATTGC	0
AGGGGTAGAGGACACAGGTA	0
CACCCACCTGGAGGCTGCTT	0
AGAAGAGCATGAAAATACGT	0
GCAGCTTAATAATATTCTGC	0
AGGGAGGATCTAAATTAAAC	0
ACTCAGTCCCGTCGCGCTAG	0
AATCATTGTAGACGTAATGC	0
TGACTCAGTTTAAGCCTAAT	0
GCCACCCCCTGAGCGACTAA	0
CCATCTGTAGCAACAATACG	0
GCAGTAACCCGAGACTACTG	0
ATGTTTCTGAGAACCCATAT	0
GCAAGAGTAATAGTGAACAA	0
AAGAACTCGTCAAAAAATTA	0
CGCGTTATCCTCGTGCGAAT	0
TAGTCACAGTAGGTCTGACA	0
TCAACATATGCAGCTAGTCT	0
AAAGCTGCGTGAAACAACTC	0
TTACCGACTACGCCCAGAAC	0
AAACTGACGAAAGCAAGATA	0
TCCGAAACAAAGAGTTGGCA	0
AAAGCTCTATACCCGACCGC	0
CCCGATACGTGGGGACACTG	0
ACATGATACTGCACTATCCC	0
AGGGAGGTCATCGACATGAC	0
ACTATAGCGATCCATCTACT	0
GGATGTGTGAACCGTATAGA	0
AAGACAAGGAGTGTTAACTC	0
CATGCGTTACCTCCTCAACG	0
TCAAGACAGGGCACAAGATG	0
CACTCCATGCGGAATAGCGC	0
ACGCTAAACACAGATAGTCA	0
GATGTGACGATGTAACAGAA	0
AGGAATAGAATGCGAAAAAG	0
GAATAATAGAAAGCGAGAGT	0
AACCACCCGGGAAGCACTTT	0
TGATCGGGGGGCTGTGCCAA	0
ACCTGCCGTCCTTACAGGAA	0
AGTTCATCAAACGATGACGA	0
ACTAAAGATCCCAAAGTATA	0
AAGCAAACAAAAGTTACACT	0
TGTCTACTCAGCTTTCGAAC	0
AGGTATACGCAGACGTCCGG	0
ATTCTTTAACTAGGGCCCTA	0
CACATAAGATATATAGCCGT	0
GGTTGGGCACAGTACTGTGT	0
ACTTGCAAGTACTCGAACGG	0
GATCGTGGCCCGACAGCTTT	0
ATCTAACCTTCAAGTAATAC	0
GGGGGTAACAGAGCCTCACC	0
CGCTGCCACTAACCCCAAGC	0
TAACGATAACGACCTATATA	0
CCGGTTTTGATCATGCATAC	0
GCTACACCTTACAAGATGCT	0
TCGTTGAGAATTTGCTAGTA	0
GGTCCGATCACGCCAGTTGA	0
CCGCAACAAACTCAATAGAG	0
TGGGGGAGGTCCTATTAAAA	0
TCATATTATAGGGGAACGTT	0
TATAGGAAACTATTGAGTTT	0
CCTAAGGTAGCCGTATGTGC	0
TAGCACGGGCCTGACTAGAT	0
TGGGTCCTTAGACGCTAGCC	0
CTTAGGGAGACCTACAAGTG	0
CAGAAAGTTAAGCGTGGGAT	0
GGCGCTTCTCCAGGTCGCAC	0
GGCATCTACATCAAAACAAC	0
ACCAAAGGACTTGGTAGCAC	0
ATGCCCCTACCAACCCCTCC	0
ACTAGCATAAACGAGCCAGC	0
CTTAGCTACGACACCTCGCC	0
ACAGGCGCTACCTCGATACC	0
CGAAACAATATTTCGCCGAA	0
AATATGCGAAAAATGGGCAG	0
GACCATAGTACAAGGTCCCC	0
GAGTATGAGTTGACGCGCGG	0
ATTATCCGCTGTAGCACGTT	0
TTCGAACCCTGAGACCCCTG	0
AATGAAATACGATTCCATAG	0
CGATTCAGAAGAGACCAGTT	0
ACGGCTGACCTACAGTATAC	0
GTGAACATGTGGCGCCACAG	0
AAGGTATATGGAAGCGCCGC	0
GTGCCACATGATATCCCGAT	0
AACGGTCATTGCACAAGTTG	0
TACGCATACAAGCCAATTGC	0
ATCGCAACTCGGATTCCGAG	0
AAAAACGCAATCATGAGAGA	0
AAGATAACTGACAGTATTGT	0
GATAAATCTGGTGACCCCTC	0
TATGGTAATACGAAACACAC	0
ATCTGAAACTGAGACTAATT	0
ATCCTACTCACTGGAGAATT	0
CTGCTCTAACACAGGCGTTC	0
ATCCCAAAATGAACGACACT	0
TGTCTGAACTCTCACGTTAG	0
ATCGAGCGTTGGAGAACCAG	0
AAAACACACCCATACGCTAA	0
AGATTGTTTTAGTAGATAAG	0
GCACATACTCTACACATGTT	0
TGTCAACCCCCTTTGCAGCC	0
CTAATTGGTGACTGCTCTCA	0
CACATGTTACTGGCTGTACA	0
AATTATGCAATGGCTAGCGC	0
AGCCTTGGTAACGCGTAGGT	0
CGCCCTCCCGCGTACATACA	0
CAGGAATACCAATAATAGTT	0
CGATGACCTTGGGAAAAGAC	0
TTGGCATGCTATGGTACAGA	0
CGGCCGAGACGATTGAGACC	0
CTATTCCAAGAAGACTATTG	0
GCTCCCCCCACATTTGAAGT	0
TTGTATTGCAACAGAACGAG	0
CCTCCTAAAGCGCGCTTTAG	0
CGCAGGAACAACTAGTTGAG	0
AATAAGTGTTGGCTGATTTG	0
TAGATCCTGAAAAATTCAGG	0
GGAGCTGGTGCAGACAAGAC	0
CGTAACACGTACCACAGACC	0
AATAGTCATCCGGCCGACGT	0
AACCTACTTCCTTACATATT	0
TACTACAACCGCCTTATCGC	0
ACATGAGTCTCACGACATTC	0
AATAGCTGGCCAAAACAGGT	0
TTAGTGTACCATCTGGTACA	0
AGCAAATGACGGCGTAATTC	0
TATACAATCCGTGCGCACTC	0
GCCGCCGCTGCACACCGAGC	0
CTTGCGTGAAGCATATTTGG	0
AATTGCACGACTTGTTTAGA	0
AGCTGCAAAAAATTGCATTC	0
AGCAGTCCCTCGTATAACTA	0
CGGTTATTGATCCACTAAAA	0
TAATAGCGTTCATCCTCAGA	0
AGAGCAAGTAGTAACACCGG	0
CCAACCAAACCTTACAGTTG	0
AGACAAAACATGCACGTCCA	0
CGGCTAAAAGCCCTTACTGT	0
AGCTTGTACAGCATCAATTA	0
GCCTCTACATGCTAACCAAC	0
ATCTTTCACCTCAGCATTTG	0
GAATACATATCTTGGCATCG	0
ATATACATATAGTTACTTTG	0
ACAGGTTACCGAGACCAATG	0
GAAATGCACGTGATAAACTT	0
CCCTGAATTCATAAGGAAAA	0
CGCATCGGAACTTAGAATTT	0
GGTAATGTATACGGTGAACC	0
TCTGTGCACAACAATATTAA	0
AACGAGAACTACTAGATATT	0
GCGATACTCTATAAGAACCA	0
CTGATGATCCTAGATTCGAC	0
CATATGGAGTACCGTGTATA	0
AAATTTCGACAACTCCTATA	0
TGGCCATTGAACGTGAGTTC	0
TCACTACCAGAAGAAGACCA	0
GAAAACATAAAAGGTCCGAC	0
CAACTCAAAGTTACGACAGG	0
AGTCCTGTACACAAGGTAGA	0
GTGAAATACACGGGTTAAAT	0
TTTGCTACATCGCAAGAAAG	0
CCTCCCGCCCGGGAGTACAC	0
AAACTTGTATATTGCAACCA	0
GCTTCGTCCCCTAAGGGCGC	0
AAGTCTAGCGGTATGCCACG	0
CCCATAGTGGAAAGAGCTTA	0
ATAAATTGCTACTAGAATAA	0
AAGCCTGAGAGTATTCGTGA	0
ACCTATGCACGCTAAAGTGT	0
AATAGAGCAGCTATGGCATG	0
GTGAAGTCTGGACTTGACCA	0
TTCCTATAATCGATACCGGC	0
TAAGAAAAGATGCTCGCAAT	0
AACGGAGACGAAAATCACCT	0
ACCGTTACTGTCCACCTTAA	0
AGACGTACAGGAGATCTCAA	0
TAGGAGAATAAACTTGGAAC	0
GAGCCCAGTCAGTACACCGT	0
GTTGTGATAGAGCACACACG	0
GCAAAACTCCTACACAATTC	0
CGAAAATTAACAGTGAATTG	0
ATTAACTGCCAGTATCGACG	0
CCTTGCCAAAATTTTGAGTT	0
TTAATCAATTTGAGTTGAAC	0
GCCGAAATCGCCACCAATCT	0
ATTGCGCGCCGCAAAAGAGC	0
CACTAAGGACTAATCATCAC	0
TCCAGCCATAACTTCTATGA	0
AAATTCAAACTACCCGTCGC	0
CAAAGCGTTGAAGGAAATTC	0
AAATCGTAAAGGTATGCCTG	0
ACGGTAAGTCGTGAAACAAA	0
TTCAGTACATGCCGTAACAA	0
ACCCTGACTTACTCGCGCAC	0
TACCGTCAATCGTGAGACTC	0
GCACCTTGAAGGCCCAAGGA	0
AAAGACAATCGGTAAGTAAA	0
ATGATGGTCGCCACTGCACA	0
GAATTGAGGTATATGTCTGT	0
TGGAAATATTAAAAAGCGAA	0
AGCTCACGCTAGGCGGTAGG	0
ACACAAATGCAGCTCCACGA	0
AGCATGAGGGTTACGAAGCC	0
AGCCATTCACGATATTACCT	0
TGCTATCCGTATGCTGCCAC	0
ACTGGACAAACGCATCTCCT	0
CAGGCAACGTAGATAGTGAT	0
AAATCAAATAAGATTTAATA	0
AGAAGAGCTGCTGATTGACC	0
GGATCGAGGAAATACCAAGG	0
AAACTCACAAATAATAGCTT	0
ACCGTCCTCACGGTGGAACA	0
GCATGAGACAAAAGCCGGGC	0
AGCAACAGGTATGCCCCTTT	0
GGTTAGGACAGCATTAGCGC	0
TTCGATACGTTTCCACTTGC	0
GACCATTGATTACTGCTGCT	0
GTACCAGGTAACGGTGATTT	0
ATCCGATCGCTACCGATTAC	0
ATCCCTAGGCGGACGTTGGT	0
GTCCAGGACGGAATAGTACG	0
GAGTGTAGGAGAACCAATGG	0
AGTGTAAGTACAATGGGGAT	0
CAGTCGAAAAGAGGAGAGGC	0
CTTGTGGATGCTACGCGAGT	0
GTGAAGGTCTGCCCGTATGC	0
TAACATATCACGCCGGGTTC	0
AAGCAAAATTACCGAAAACC	0
AAATAAGGGCTCTAAGAAAA	0
GAATTCGCGATCACGCTCAG	0
GCCTTTACATAACTTAATGA	0
CATATATCTGAGTCTGAGAC	0
GAAAGTAGAACGGCCCCGAT	0
CAAACCACGAAGATACATGC	0
ACACTTTCTTTCCAACGCCA	0
ACAGGTGGCAGAATTCAGTC	0
CGCACCTCTCGTCCCTGATA	0
ACCATGAAAAGGAGGATTAT	0
CTGGGATGAAACGCCAATAC	0
TAAGTTGAAGCCTGTGCCCT	0
AGTGGATGAGAAAGATGTGA	0
ATGACGCACCCGGCTGGCGT	0
GAGTACATTTTCGGTTAACA	0
TAAATAAACATCACTCCACA	0
ACTCGAAACTATTCTGCTCA	0
CTCCTGAATAGTCAGTTAGA	0
GTAGACACGGGCTGGTGAAA	0
ACAGACTCTATACGAGCTTA	0
AAGGAAGATCTCTCAGCGCT	0
CGAGCTATCCGATCGTAGTC	0
CCGATATGTGCGACACTCCA	0
TCTTCCTGCGAATAACTACT	0
GGGCAGCGTCGATCCGTTCG	0
TCGAATAGGTAGGTGTTCGT	0
GAAAAGGTAATAAAAGTACG	0
CCAACACCGGACAGGGTGGC	0
GTGGCAGCATCAATTTCACA	0
GGTGGTGAAGAAAGGGCCGC	0
CTCACGCTCACTGAGTATGC	0
GAGAACATAAATGGCCGTGA	0
ACATGAATACCACCTTCCAA	0
TGATCTTAGACAGTCGGAAA	0
TCAAGCTTAGCAAGATAGAA	0
TAAAAACGCATGTCGTAAGG	0
ACTGTAAAAAACCCGCCCGA	0
TGCAGATGGTGAACTTATAA	0
CGTATATGTACGGAACTCAC	0
GCCTAAGACTAGCCGCAGGG	0
GTAGAGCGCTATTTTCGTAG	0
TCAGAGGTATGGGCGTTATC	0
AGGAATGCCCAGACAAAGGT	0
ACCTGGAAGTGCCGAGACAC	0
AAATGGTTAGCTTGGAGAAA	0
GCGTATGTGGACTTGTCTAG	0
GGTGCCGCAGCTTTCGCACC	0
AGTGATCACTCTCAATTTGA	0
GCTCCACGCAACCAAAGCTA	0
TACAAAAAATAAAGAAAATG	0
AGCGAGAAGGTAAATCACAC	0
TGGGTAATAACTATAGCAAA	0
GCGCAAACGTAATATGGGCA	0
TTTGGCTGCCCACCCACAAG	0
GAGTGTCAGCGACAAGGATG	0
GAAGAGGTACCCGACCAAAC	0
ACAATTGTTTGCCTGTCGCG	0
ATACTTCTACTCTACAATTA	0
TACACCCGCCACCCAAGTCA	0
TACGATCCTAGCGCTACCCG	0
GACGGTGCGCCCTTAGCGTC	0
AGACTCATCGACAGCCAGCT	0
TCAGACCATAAATGTGCACG	0
GCACAGGATCCCATCTCAGC	0
TGGGAATTGATTCAATATGA	0
AGTCAAAAAAGAACAACAGA	0
GAGAGGCACCGATAGGTGAT	0
GACCAAGAGCATTGGACTCC	0
ACCACCCTTACTACCGCTGA	0
TACTCTAGGTACCGGCTACC	0
GCGTGGCATCCCTTCGGCTC	0
AACGGCCAAACACCGCCTGC	0
CCATAATCCGACCGGGAAAA	0
TTTTGAGAGCGTAGACAACA	0
TCTTTTTAGCGGTCGGACCA	0
AAATTAAGCCACCCAACCAA	0
ATTGTGCCAGGCAACGCGAT	0
AACGACACTACCATCTCCCA	0
CTAAAAGCGACTGAGGATGA	0
CCGAAGAAAATGTGCACTCT	0
GTGAGGATTAATTAAGAGTG	0
TTAAATCACAACATCCACAA	0
AATAAAAAAAACCCGCCGAC	0
GACTATGCGGTTAGATAAAT	0
CAAACTTCACTGCAGGCAAG	0
CGCTATAGCGTTCACCAAGC	0
AGCTAAAGCTTGACATGACG	0
AATGGAATTCGTGAGATAGT	0
TGGTTGAACAAGGGCTAAGT	0
TGGAACGTGTTTTCAGGTAA	0
GGCTCCAGAGCACACGTTAG	0
GCCCACATGCCGCCCTGAGC	0
CACAGAACGAATGTCTTAGC	0
CAGCGCTTGGACCGAGTGAT	0
TCGTGACATTAGGCAGGTGT	0
AATCCAGCTCACCTTACGAA	0
CTCTTCCTGCTTTCCTTAGA	0
ATGTAAATCTTCAGCATTTT	0
CCGGGACGATTATGTTATAT	0
GTGTGCCCGAAAAAGTAATT	0
AACTACATAGTGAAAAAGAC	0
AAGCACTCCAGCTGTCAGAA	0
GACCGCGCCAGGAATTCCGC	0
AATGCGCATCTATCAGAAGA	0
ACATGTAGAAACATAGGTAG	0
TATAACGTGGAACAGTCTCA	0
TGGCATAACAACACCACCTC	0
CTGGTGCCCCGATTGCCCAG	0
CCAAACATTCGAGCGTACAC	0
GAAGAATGCAGTCTCTTGGA	0
CAGCGATCAATTCAATAAGC	0
ATTGACATTCTTCCTGCTAC	0
CATAAATTCGCAAAATGAAA	0
TTGAGTTGAGGGCGTGAGAT	0
ATCCTACTGGTCACACTACA	0
CCTCCTAGGTCAAAGATTAC	0
ATAAGCAATGTTATGAATAA	0
AATTTCAGGACCAATCCAAC	0
GACAGGTAGTAATCAAGTGG	0
AAATCAACAGATTGTAGACT	0
CCAAGATTAAGGGATGGAAC	0
TATAGTGTACGTGCGAGCAA	0
ATACCAGGCAAACATGAGAC	0
GGCTCCGTACGTGGCGAAAT	0
AAGAGCCATATCAGCAAAAG	0
TTGAGGTCCATTTAATTGTC	0
CGCAGATATACAATCTACCC	0
GCTGATCACGCGTCACTGGC	0
AACTAAAGGCGCCCTACACT	0
ATCTAGTTAACCAATGGAAT	0
CTTATATGAGCCAACTTTCT	0
CAGAGATTGACCTTGGACGC	0
CCAAGATGCATCCCAGCTCC	0
AGGATAATCCGCACACAGTC	0
TAGAACACCAGACTAGTCGA	0
TTTAAACTGAGAAAGACCGA	0
CATCCTATCGAACAATTAAC	0
GTGCTCGAAATTGCACGATA	0
TCCTACCGCATATACTAAAA	0
GCACTTATGCAGACGAAACG	0
CGAGAAAGCGATGATGAGCC	0
CGACCATCGCCACACTCACA	0
TGACGACAGCTGATTTGGCA	0
TGGGTACGCCCTCCACGCAC	0
TGCATGGACTTAATCAAACC	0
GCTTCCATGTTGGAGAATTC	0
TCTATGTCGCGCCCTACCAC	0
TGAGACCAGATATCACTAAA	0
ACAAGACCCCTTACATGTTG	0
CCAAACTTCTACGGTTATAA	0
GTGTGGATAAGTTCCTGTGA	0
GTTCAATCTTAAGTGTCGTT	0
ATGTCAGTAGAAACGAGAGA	0
GTTACTGGCTAGACGCTGTA	0
ATAAAAACTATCACTTTGAG	0
AAAAGCGCACGTTTACATTT	0
CCACGCATTAGCCAAGGACT	0
TCCTGCTAGACTACCTAGAA	0
CAAATGGCCCCAGATTACCC	0
GTACGGTATAGAGGCTTGCG	0
CTTCTTGACATGTGACACTA	0
CGTAGACGCATGTCTTATAG	0
TTAAAAACCACCTTTGCAGG	0
CTTCAGATTTCTGCTTCAAG	0
GCAACATCACCATTCCAGCA	0
TCGGGCAGGCCACTATGTGC	0
TAAGGTTATGGCCCCACAAA	0
TATCTTACACAGCCTGATGA	0
CCAAAACTCACAACAGTAGG	0
TAACTACAAAACACTGGAAG	0
CAGTCGGCATGTCTTCCCCC	0
AGTGAATGGGACGAGGTGAT	0
AGGTCTGGGACGGGAAACAG	0
GTCCTTAAGACTCAAACGGA	0
TAGGCAACAAGTAGGCCTAC	0
GCATATACAACCAGATCGCG	0
AGCGACAAAACTTAGAGGAC	0
ATAAGTGTTGTTTAGGCAAT	0
GTGTGGTAGTGCTGGGTTTA	0
GTTCGAACCCGGAGTCCTTT	0
ACTCCCTATGCTAATACCGG	0
ACGGACGCCTTGCTATATCC	0
TGGTAGTACACCCTGAAACC	0
TCAGACTGCCCCGATCGGAG	0
TCGAGGTGACTCAACATGAA	0
AAGTAATCGCCGATTAGCAC	0
TAGAAAAGTGGCGCGTAACC	0
CATAAATAATAATTTCGCAT	0
AAACCTAAAGTTTACATATT	0
CATAATCCCCACAAGCGCAA	0
TAGCAATATAGAGCAAATTC	0
ACAAAATGTATACTAACTAG	0
AGGGGCCAAAAGACACTCAG	0
TGCAAAGCATGATAACTAAG	0
GCCGTGAATCTATATCGTAC	0
TGTGGTAACTGAAGTCTCGT	0
ACGGGCATTCATCAATAGGT	0
AACGGCGTCTCCCAGCATAA	0
GCAAATAACGAGTAACGTTA	0
CGCAAAGCTTCGGGTCGGCC	0
GATGCCTGTAGATCTCTTCC	0
ACCCACAGATGATTAGCGGG	0
GGTGCTTGAACATGCGTTGT	0
ACGGAAGGGTGCCTGACGAC	0
AGTAATCAGTATATAGCTGC	0
TCCTGTCACAGTCACAGCAG	0
AGCATGTCATGCAAGATACT	0
GCCCTGTGCGTCCCAAAAGT	0
ATTTCTTACGTTATGGACCA	0
TTTTATATAAAGAGATGGCT	0
CTGCCAATCCTGGCGTAAGG	0
TGAGGAGAGGTCGTTGCACT	0
GGCTATTCGTAAGAACTCAC	0
ATTCTGTAGAAACCACACGA	0
CCTGAATCCTTAATATGAAC	0
GGCTAACCCTACCAGGTGAT	0
AAAGGAAGCCCAACTCTAAA	0
TTCGGTGCGGGAAACCAGAT	0
CAGTTACACCACGCATGATG	0
GACACCTCTCTCATGCTTCA	0
AGACCGTGCCCCCGCCGTTC	0
TACACCACCAGCATCCCAAT	0
GGGTTCTTTTAAAAGTTAAC	0
GTGAATATTAACTTAGGCGC	0
GAATTGCGGGCGTTAAATTC	0
ACTGTAGTGATAGCGGAGAC	0
ACTCCCCGCCAATCAAGAAC	0
GACAATATTGTACCTCAGCC	0
ATGTAATACCACGCGATCCC	0
AAAAGGTGTATCAGAAGTAC	0
AATTACCGAGACTGCGTCTC	0
ATAATTACCTGATGTGTGTA	0
AGTATCACAAATGTCCTCAT	0
TCCGTCCCGGCGGCATCGCA	0
AAGTGCAACACCGAATTACA	0
TGCGACTTGACTAGGTAACC	0
ACGATAAGCCCGCCTGCCCC	0
CGCGGCTTCAAAGTAGCTTG	0
AACAGTATTAGAGCAGGACA	0
CCCAACATACGAAAAACAGA	0
TACATAACCATCACAAAACC	0
ACATGGAACTTGAGCAATGC	0
TGGCAACGGAGTGCCGGAAA	0
ACATATAGCTGACCGGGAAA	0
TGCGACCGGTCCTTCTAGAA	0
GCTACAATAACCAAACTCCC	0
GATGCTAATAACCCAGTACA	0
GCACTTTGTGATTTCAGTCG	0
CATAATGTGTTAAGCGTTCT	0
AGAAAGTCAGACAAACGTTG	0
AAGTACATGGCCTTGGATGA	0
ATCTACCCTGTTTCCAAATC	0
ATTTTACACGCGTGAACCCC	0
TAAGTTATATCGCCATGCGC	0
GTTTCTACTACCATCTCAGG	0
GAGCCTGTCACCTACTCCGC	0
AGACATGTGGAGTTTCATCG	0
ATGATAAAGGAAAAAGCACA	0
GAAGAATTCATAGCATATGT	0
ATATTACTACCCAGGGTTAG	0
AAACAGGTCTACCCCCAAAA	0
TTATACGAAAAGAAGGATGG	0
GAATGTAAACATAATGTTGA	0
TAGACACATCGACCCCTTTA	0
ATGTTTAATTAACTAAATAA	0
CGCACACGTCAAGAGAAATG	0
TGATAAGCTGCGCGTGTGTG	0
ACACCCCATCTGTGGTATAG	0
GCGCGATTACCTAGGGTAAG	0
AAAAAACATAGTAAGATAGA	0
ACGTAGAGTTTACTCTGAGA	0
CGAGTATCTCCAACTGGTTT	0
ATTCCTGGTATACAAACCTA	0
AATTCCTCCGTAAATTAGAT	0
AACTACTGCAGACGAGTTAC	0
CCATTATACAGGAGGGTCGT	0
GCTGCACATCCATCTTACGG	0
ATAAATCCGCTTTGCCGCTA	0
ACGCGTAAAGTCCGGACGCT	0
GTGAATTCCAGAGCCCGCAA	0
CAGCGATCCAAGTCAATGTT	0
CTGTCCCTAATTGCTTGACC	0
TAAAAACGAGCACCAGATAT	0
AGCGCTTACATCCAGCCCGT	0
CACTGTTATAGCCTTGAAAA	0
AAAAAACACAAGGCCGGATA	0
TTATACCAAAAGAAAAGCTA	0
CTCTCGGATAGAAACCCCGG	0
CATGTTAACTATAACACCAT	0
GAAACTGTGGTTCTGCCGCT	0
AAAATAAGCGCACTTCGGCT	0
CCAGTCGATGATTATACGAT	0
AACATAAGTCCAGGATAGCT	0
CGTCTGAGAACGCGTGGAGC	0
GCGAAGAGCGTCAAAAAAAT	0
AGAACCGCACGAGCCTGGCC	0
GCCTGTGTGACGTACTGCAC	0
GTACGGTATGCACACACGCA	0
ACGCAACGTGCAAAGCGGCC	0
CAATTACCGCTTCGACCCTC	0
ACTCTTGCTGCACGAAATGA	0
TATTTCCTGCAAATCTGAGA	0
TTTAATGAGTCGCGCCGTGC	0
CCAATATAATCTAACTCCGG	0
GGATACCGAATCACCGCGAC	0
GAATGCAATTCTAGTGAACC	0
TTATGCCTATCCGCGTTTGC	0
AATAGGGTAAGCCTCAGAGA	0
AGCAATTGTCTAGATGTTAC	0
TGCGGAGCCCGAACGACTCT	0
CTTTACCTGCCGCCCTCAGA	0
AAAACAATATTAGTACCGCC	0
ACAAGTAGCACCGCGTCACG	0
CAAAGGTAGCAGCGAGTTTC	0
CACTAGCTAAGCGGGATTCG	0
TTCCTCGTTCAACACTCCCA	0
CCTTACAAGGACCCACACGC	0
TACTGAAAAAACATGATGCA	0
AAATCTGAATTCGCACTATG	0
TAAAATGACAATGGCAACCC	0
TGAAAGCAACGTGCTCGATG	0
CCAGAGCAAAACGCGGCCCC	0
GTACTTGCATACTCGAGAAG	0
ACCGTTGAAGGAGGGCAATG	0
GGTTAATGGGAACTAAAGGG	0
ACGCTCAGAGACAAGAATGC	0
GGCGTTTACACGCAATCTAA	0
TGTTGTAACAACTTTCAGGA	0
GCACGCCAAAGGTAGATAAA	0
GCTGAGAACGTGGTTCGAAA	0
AACCGCCGTCCCAACTAACG	0
TAACGGAGGCAAGCAGGAAC	0
AACATGTACACCACGGTGGG	0
GCACCCCTAGGCCGCACGCG	0
CGCTGAGCGGAACGGCACAC	0
TAGTGCGCAACGTACCACTT	0
GAAGGCCACCTACTCTTTTA	0
TGTTGAAGTAATACTTGTAG	0
CGTTGACCGAACTAGGAGTG	0
CTTGCTCATCGTAAGCGGGG	0
GGAAGCTAATCTTCACAATT	0
GAAAAACAAAGAAACTCCGA	0
GAAACGATGGGGCGCCACAT	0
GCTCTGGAGTGCCCCAATTT	0
CTCCCCACGGAGTAAATGGC	0
CGGAGTTCCCCCAGGTAAGT	0
TCATCCGCTATGCCAAATAT	0
AGACGACACTAGGGTCCAAA	0
ATCTGATACTAAAGTATTCG	0
AACGTGTCGCGTCGACCCTT	0
CACATGCAGATGAGATACCC	0
TCTAGTTTAAATTCCAAATC	0
GATATTCATATTCGTACCCC	0
ACTGACGACCGGAGCCGCCA	0
TGGGAAAAATAAGAGACAGC	0
CGGAATTAACAACCAAAATG	0
AACAACGATCCACAAAGCAA	0
CATCGGTGGGGGGACCTAAT	0
AAGCAGGCGCATTTTACAGC	0
AATTTAATACAGGTGGGGCG	0
AACTGCTCACACGATATTAC	0
ACCGTGAAAAACTACAAATA	0
ACTAGTCCTCGTGCGCGCTT	0
CTGCTAGGAGACAACGTAAA	0
GTTGCTACAACGCCCGCAAA	0
ATGAAGACTGTATAACGTTG	0
GCGACGTAAGCTCCCACAGT	0
TCCAGGTGTCACCAAAAGAT	0
GAAACGCTGTGAAGAACCGC	0
CGATGTAACAGCATGACAAC	0
GGCTATGATTTGATATGTTG	0
GGCGAAAGTACGCTCGAATG	0
ACGCCCACTGTCAGTGAAGC	0
GGGGTTAAAAAACGCCGAAT	0
CAATCTCGAACAACTCATCC	0
TAGGAACTAACACCCTGAAT	0
TATGAACAAGCGCGGTTAAC	0
AACCTCCCACTCACGTAACG	0
AAACTATGAACTGCAATTAC	0
AACACTGCCGCGACGCGTTG	0
TGAATCACTAATCGTAGGCA	0
ATATTCCTGCTGGATGACCA	0
CAACAGCTCAAACATATAAG	0
CCAGACAAGAGGCGCTCAGA	0
ATAACCGGACCTCTAGGATC	0
TTTGATCTGCCCTTCAGCCA	0
TGGCACGTACATCCCACTGC	0
TAACATGCCTACCATTCTAA	0
TTCTTGCGTACAGGGCATCA	0
CATTTCTCATAAAATCCACA	0
CTAAGAACGAACTTCACCCG	0
GAGCTGGCATACGCATGGAG	0
ATGTCACCCTGTGTCACCGC	0
GAGTAGTCCCGTATGCAATT	0
GAAGTCCTCGCGAAAAGTGG	0
ACACGCATACTCACCTGATC	0
GATGAGAGCACCACCGCAGA	0
AACTCACATAACAGCAGTGC	0
CCCTAGCATCTCACGGGTTT	0
CAAAATGTAGCGACTAGTAT	0
TCGGACAGAACAATGACGCG	0
GTATATGGCACCAATTTGAA	0
GTATAAACAGGCTGCCATAA	0
TGAGCTTATCTCAGAGCCCA	0
CCCACATGACGTGCCAACTT	0
CAAGCTCAAACAGCCTGTGC	0
TACAGTAGTTTCAGAACACA	0
TAAGTTAGAACGTACCATCC	0
TTGATGCCGAAACGGTAAGG	0
AGATATTACGGCCGCTACGA	0
GCTACTAGCCAAGCAAGAAT	0
TGAGTAAACTACATTGTAAA	0
GGAGTGGCGGAACCTAAAAT	0
AGCAATAAAGTATCATAATA	0
TCATTAGCCAGCGGCGTAAA	0
ACAGTACGTGAACAAACGAG	0
GCGAAGAATACCTACACAGT	0
CGATACCACCCCCATACAGC	0
CAACCAGTAAGCAAAGGGCA	0
ATATATAGGATAAGGTAGAA	0
GAATAATGCGGCGTCAGAAC	0
TTAACAACAATCAGGGGTCG	0
GCATCGGACGACCAGTCCGA	0
TTGATTAGGAAGGTTCAAGG	0
AGCGGATTCGACTTCAATTT	0
ACGTTTCCAGGATTGAAAAC	0
ATCACAGTTATTTTACCCGC	0
CACTATGAAAGGTATAAATG	0
AGTAGAAGACGACTGATTTG	0
CCAAACATCCGCAAACCACC	0
CACAATACCATGCAGTCAAG	0
CGGTAGCTAGCGAGTAGCGA	0
AAATAGCCAAGCTTGCCATA	0
GTGTGCTATCGATCCATCGA	0
ATAGGGGCAGTGCTTTCGAG	0
GTTGACTAAATTACGCTCTT	0
AAGGCATGGTGCAGGCCAAG	0
GTTTATCATGGCTAATCTCC	0
CAATGCTGTGAAGCAAATAT	0
GTTTATGCCTTGCCATGTAC	0
CGGGTGGAAAAGACCACTGT	0
CTAACATTATACAATGAGGC	0
CCGCTCAGCGTAACGACATA	0
ACCACTCTAACACGCACAAC	0
TCGAAGGGCATACGGTCATA	0
GCGAAGGCCCACTCTCCGCG	0
TAACACAATTAACAGATTTA	0
ACCTTCTATCAAAGAATCAT	0
CATGATGCAGATAGGAAATG	0
AAAACATACTTATGATTATA	0
CGTGTGATTCGACCCTACGT	0
GGCTAATCAACCAATCTCAA	0
GTATGACAATAACGCTTAGT	0
GAAATAAACACCAAGTGTCC	0
AACAAGAGAATGTTAGTCAT	0
GCAGCCACGATACACGTCGT	0
CTGACACACCCACCGATCGA	0
TTAAAAGCAGAATGACGTCA	0
TCGTGGATTCATATTTGCGA	0
GCGATGTAGTAACCACCGAC	0
CTACCGCGAAGCATTTTTTT	0
TCCATGCCGACTATATTAAT	0
GGGTCACACTAACAGGTTAA	0
AGTCGAGGCCGTCTCAGTCT	0
AAATCAAGCCTTGATTACGG	0
ACTTCCCTACCCTCCGATGA	0
AACCGAAAGAGGCAGAGTAA	0
GCTGAGGGAAGCAGGTTTAC	0
ATGGCTATCACAAAAACCTA	0
AAGATAGCGCCACAAAGGTG	0
GTGTGACCTGTAAAAAATCT	0
TGCTCATTAGATTGCAATGG	0
AGGGACGTGGAAGGGTATTT	0
TCCATCAGAGGTGTGGCATT	0
TTGGTATAATGTAAACGAGA	0
GATCATGGTTTCCAAGTACG	0
GTAGACAGATATTCAATCGT	0
ATCGAAACCACCGGTCCAAA	0
TCCCTCAGGGACAATTTATT	0
TGACAGCGAGGTTACTGATG	0
TTTAGAGCATAACCAGATGG	0
CGCGTAGATGAACCGAGAAT	0
GAGTGTTACTGTACACCTGC	0
TGCTCTCACCCCGCCACTTA	0
TCCACTAAGCCGCTGGCTCG	0
TGTCATTCTATAAGGAAACC	0
TCACGTATCTCAAACGCGCA	0
ACGGCACTCAGTAATAAGGG	0
CCACCCCGTCACCGCCGGGG	0
CATCGCGTACCTAAGAGATC	0
GAAGCTAGGGAGATCCTTAC	0
AATTGCTTATCGATTTAAGG	0
TTGCATATCATCAATTTCCA	0
AGTACAAAGAGGACCCCAGT	0
AGGCAAATGTTTTTGACACA	0
ACGGAGGTCATTGTTGTAGT	0
ACATACATAACAGCCCTTTA	0
ATAAAACCACCGCGTTATTA	0
ATACACATTCTGAATGCATC	0
CAGATTCATACGATTGAACG	0
GCTAGATGATTCTTCTTCTA	0
ACAATACCAAGGAAGACATA	0
CCCATCATTAACAAGAACCA	0
AAGGCTAGCCCCGCAGCATG	0
AATACAGATGCAGCCGCGTG	0
AACCGTCTGCATGATTTCGC	0
ACAGACCGATATTTTACTAC	0
GGATGAACTACGAGAAACGA	0
ACGACTACTTTATTACCAAC	0
TGACAGAGTTGCATTTTGAG	0
TCTGACAAATTAGCTCACTG	0
AATGAAGCCTTGAGGTAGCA	0
TTCTTCGCCCCCCCCCCTAA	0
TACAGCAATGCACGATATGC	0
ATTCCACGAAAATAAGTAGT	0
AATTGAGTAAAACCCACCTG	0
AGGCAAAGATTGGTAACGAT	0
TTTCGCCAAAGTAAACCACA	0
TAGCACTGAGAGCAACCCGC	0
GAACCTTTAACAAGGGCCCA	0
AATGGGTCGAAGTATGCGTA	0
CAGGTCATAGGATTTCACGG	0
CCTGAGCCGTAAATTGAAAT	0
GCACAGTATTGGCCTGCATT	0
TATAAGTAATCTAGTCCATA	0
CGGGAATTTATTAACATCTT	0
CTTTTCGGCTGGGATCCTTT	0
TATTCACCGTTCTCGTTTAA	0
GTGTTCCATGCCAAACATTC	0
GAGAAATTATAAGAGCGCGA	0
GTCTACCGATATCACCTTAA	0
GGGCTGAGTAAATGTATGCT	0
CCTGGTCGAGGCAGCTCGTA	0
TACGACAAAAGCTTATGTAT	0
TTATAACTGGAAAGCTAAAC	0
AAAACGGAAAACTCTAGAGC	0
CTGTGGAGTGCGGCAAAACA	0
TGGCGTATTCGCCGTTAGAT	0
CTCGCGTTCGTCTTCTTTAT	0
GAAACCGTCGGAGGCCGCCA	0
AGTAATAGGCACGTATATTT	0
TTGCGAGACGTGACAATAAA	0
AGGCCACCGAACCTGATAGT	0
CATATGAGCATAACCCACAA	0
CCCTAATGATATTGAGGAAC	0
ACCAAACCCTAATAAAATCG	0
CCGCGGTATTCACCCGCCAA	0
TATTATGATATGCCCGCTAA	0
CCGAAGAAAGCACTCAGTTT	0
TTCTATCTTGATAGGAGAGC	0
AACCGAGGAGTAATTTATAA	0
ACGATTAGCAAGAGGGTACT	0
CTGCGTTGCAGAGAGCGAGA	0
TGACGGTACATATCAATGCT	0
TCGGAGGATTACGAATTCTT	0
GTCTTAATGAGTTCCAGAAT	0
AAACCTACCGTAGGTGCCGA	0
AAAAAACGTGCTTGATGAAA	0
CTACACGCCCACTATCCATC	0
ATGACCCAACCTGCACGCTG	0
CATCCAGGATCTTCGAATGA	0
TGCTCCTGGCTAAAACCCTC	0
ATCCACTGATCGGTGCTAAC	0
AGATCAATCTATGGATTGTG	0
CCCAAAGGAGCACTGCTTGG	0
AAGTAGAAACTACGAATATA	0
ACATTATTGGCATTCGTCAC	0
AATATAACGTAATACTTTTC	0
GGGCCGAGAGACATCTGCCG	0
AAAGTGATCCATCAAACCTG	0
TGATAATGCTTCTCTCACTA	0
TAATTAGATGCGGCCATAAT	0
TATGACTCATCTTCGTACCC	0
GTGAATTCGAATAACCACGG	0
TCTATAATTATCATGGGAAC	0
AGCGATGTAAACACCCGGTG	0
TATTGAATTCCATCAGTTAA	0
AAGAAGAGGCAGACATTAAC	0
TTGGTGGTGCTTCGTGGCGG	0
AGCCACAAGCCTCCTCAAGT	0
CTTGTCTAAGGCAATAAATA	0
TGCGAAGACCTAGCAGGCTT	0
ACATACCCACTCCATACATC	0
ATATGCTGACCTGAACGGAC	0
ATCACAAGACACTCCGACGT	0
ACCGAACTTTATCGCATACA	0
ACCTCGGAAGAATGATCTCG	0
CTCGAAGCCGCATTGCGATC	0
CTTAAAGCTGCATGCGGGCC	0
CTCGAGCCAAGCGCGGGTTG	0
ATCATTGATCCGAGAATAGT	0
TTGCAATGGCTGAACTGTAC	0
AACAGACTACGTAGTCGAGA	0
GTGTACTAGAAAATACACCG	0
GACGACTAATGGCATTCCTT	0
AAAGAACGAAATGGATACCA	0
GATATTTCGAACACTGACGT	0
GGTTCCACCTGGTAGTGCCA	0
GCGTGTTACATTCACGAATT	0
AACACTAGTACACTAGGGCA	0
ATGTACGCCTTGAAACACAG	0
GGCACCACGTCGTCCGCACT	0
TGAGCGTAGCTTGGGTAAAA	0
TCTATCGCAATCCTGGGCAC	0
CGACATATCCTCTCTGAACA	0
GCAAGCCCGAGAGTTGAAGA	0
CCAAGTCCTCGCTCGCGGGT	0
GGCAAGGTAACTAGTTCAAG	0
CATATTACGGGATTCTTTAT	0
ACGTGATGTATCCGCGTTAT	0
AAGCGGTATTTGAAAATGTT	0
AGGGCGACAATGTGGAGATT	0
ATGAAGTGTGAAACGAACTC	0
CCTTCGTGCCTCTTGGCTTG	0
GCACGTCAAGACACCCTTAA	0
TGCTGGAAAAAATATAATAA	0
CGTATGACCCACCGCCATAC	0
TATTCATGACCGTTGGGAGA	0
GAAACACTAAGCCTAATTCT	0
CTACTGCCCTGTCCGGACAC	0
AGCTGACCGCATCCAGGACG	0
GTAGATAACGCGAGCACTAC	0
CAAATACACGTTCGCATGAC	0
ACCACGCGACCACGCGTCGA	0
GCAGGACACGGAACCTCGAT	0
GCTGTTAACTGCAATTGTAG	0
ATCAAACATACCTTAAGATA	0
ACCCACTAGTGCTCTTATCC	0
TGAAGCGTCACGCATTTAGC	0
ATCAACCTTGCATTTCGCAG	0
AGGCTTCAAACATAGTTGAA	0
GCCACACGCTTCTTCACTTC	0
CGAACGGCAGTCGCAAGTGG	0
ACAGTGAAACATTGGTTGAA	0
CACCTGATACCCGAGTACGT	0
ACTCATGAACGCATCATTGA	0
AATAAACAAACACGAAAACT	0
CACGAATAGCGGCCACGGCC	0
TTTCCATCGGTAGAATACCC	0
CAACGAATGCCGTATTTACA	0
ATTTGCTATTCCCGATTACG	0
TCTATTGCTCCAACAAGCAA	0
CAGTGAAGTTATATACCCCG	0
TAGTTTGACTTATCTGTAAC	0
AATTATTGCGAGATAATATC	0
CGAAAAATATGACTCCAATA	0
TGAATATTTTACAATCCGAT	0
TACGATTGAAGGGGCATTTC	0
TTTCCATGTAATGCTCTTAA	0
TACGGCACAAGGGGGTCGAG	0
CGCAATGGAAAGATTTGATT	0
CGAGACTAGAAGATTACAGA	0
GGAGTGACCGTATCGCGCCT	0
AAAAACTGTAGGGGCTCATA	0
TTGAAGTGACAACATATCGT	0
GAATTATGGAATTGCCACCC	0
GACTTGCAATGGTTCTAAAG	0
AAAAATAGGCCTCTTTACTT	0
CGTGAACCATCAAGTGATGA	0
TTGCGCTTACAACACACAAC	0
CATACACTAGCAGAATGCAG	0
CTAGATAGCAATTACTCAGC	0
AACACCGGGTATACTCCATC	0
AACTCCCCCCGTGCGCACTC	0
TCACCTCCCTTACACGACTA	0
CACTTCGTAGGAACATAATA	0
GCAGGTTCGGCACACTATCT	0
GGTCCCGGTACAATCCAGCG	0
AATGTCATTGCCTGTGATAA	0
GCTTAAGATTAAGACATCAC	0
GTCCGGTATACTGTTAATAC	0
ACTGTGATGAAATATAAGCT	0
AGTGCGGATGCATGAAATTG	0
CATCAACGCGATTACGCAAG	0
GAAGCACATATAATGTCAAA	0
GAGTGCAATGGTCTCGTAGA	0
TAGATTAACAAACACGTCGA	0
CATGATTTGGGAACCTGTAC	0
GAAGTATATGTTTACCCGCT	0
ATGTTAACGAGATCACTTTG	0
ATTAATTTAATCCAAGTCCA	0
ATTCTACATCGTATCTGCTC	0
ATGCACAGATTCGTTCAGAA	0
AGTCAACTAATGTAGCTAAT	0
TATTATTGTGGATCAGCACA	0
CACAACCTTATAACCCAAAG	0
CGGGGAAATAATCCCAAACT	0
TGTAGCAAACAAACTGGTTA	0
ACTCGCGAAACTAAGAGCAA	0
TTCCACCCGAATACATTAGG	0
CAAAACTCGACAGCCAAACA	0
CTGGAGGGTTATATTAAGCG	0
AGGCTACTAGGTAACATAAC	0
CCTTGATCTGCTCTTAATGA	0
AAGAACATGTTAGCAACCTC	0
ACGGGGATGTAGCTGCAATA	0
GCGTTGTCCTAACACTCCCC	0
GTCAACAATGTTCTCTTATC	0
AAGCTCGATTGAGACGCCGT	0
ATCACATGAGCATAACTTAT	0
GACAAAGGACGTACCGGTCA	0
TCTGGATGACCACCACTCTC	0
GATTCCTATACAGTATAAAG	0
CGGTGGGTACACCCTAGCAC	0
TCGCTATCTATACGAGAACA	0
CTTAAATATGGGGAAGGGGT	0
ATCATTGTTTATAACGAGTA	0
CCGGCGACACACGCGTAAGA	0
AGCTCATGACACCGTTCCGC	0
CGCGCGAGACACCCCAAGAG	0
AATAATCGCCCCAATCCCTC	0
TGCAATTATAAGTGATAGAA	0
TACGCTTACTTCGAAGCTGA	0
TTAGCCACACCAATGATTTT	0
TCACGCTTCATATATAAGAA	0
CACCTATGGATCTTCTACAA	0
TCCATGAAGATAATTCTCAA	0
AGTACGTATCCATGAAGGAT	0
ACATCTTAATCTGTAGAGCT	0
ATGAACAACAAATGGCATAA	0
TTCGGTAGAAAGTCAGGTTC	0
AACTGCAACATATTTAAAAG	0
AACCACCAGTAGACAAGCTG	0
TTTAGAATTAAGCTTCATCC	0
CGCCTTGCAGTATGTTATAA	0
CTGAATTCGGGTGCATCGCC	0
AGTTAATACTCAACAGTAAG	0
TGAAATCGTAAACGCCATGG	0
AGTTAAGACAGTCGCACTCT	0
AGGCGTAATCCGGCGTGGAC	0
TCAGTACCCACCGAGGCACT	0
GATTCACAAAGCGCGGCGAA	0
AACCTGACGTTCACCTTGAA	0
ACCCCATTAACCCTGAATGA	0
TAAGAGCCACCATCGATTGA	0
AGATTATTTCCGTAGAAACC	0
GGTAGCCATATGATGATTAC	0
TTCTAACGCAATTCCAAGTT	0
ATACCGCAAACCAGATCGAC	0
TTTAGTGGAGAGCTCTATTG	0
TCCAGCATTAGAGCTAGGAG	0
TGTCCGAAGCGTAAATCGAA	0
CACCTGGAGAGAAATGGGTA	0
GACAGAACGTGTAGGAGGCC	0
CAGGTGTGCCAAAGTAAGTT	0
TATAGCAGGAGATAAACGAA	0
ACCTTAATAGCAACGTTAGG	0
TATAGTCGACACACGATTGC	0
AAATGTCATATTTTCGAACT	0
CGGATGACTGATCTCACACA	0
AGCTGAAATAAACAAGTGTT	0
GTCCCTATATCTAACCCTGA	0
TACCCGCCCGGACCCACTAG	0
TAAATGCGAGAAACGCCGTG	0
AGCCTCACAAAAAGCATGTG	0
ACTATATCTCAGATACCGCG	0
TGTTCTTTAAGACCGCTTTT	0
TCTTTAGGAACACTACTACA	0
TTTACCAGTTGAAGAGTAGG	0
CGGGTCGAGACCATCAACGA	0
GATAAAATACAAAACCGCCC	0
CACAACTTAAAGGGAGTTAA	0
AGACACCTAGTAGAACATCT	0
TGGACGACGGCCTGTGGATA	0
CGCCCATTAAACAAATATTG	0
CATGACTTCTGTAAGCAACA	0
AGGTCGTAAAAAAGGAAGGC	0
TGGGTTCGAGATTGCGAATT	0
CAAGTTTCACGTTGTAAAGA	0
ATAAAATCGTGAAGGCCTTG	0
TCTTGGCCCGATAAATAGCT	0
ACATATCTCTGTTCTCAAAC	0
ACCCAAGCTCCCGTTTCGCC	0
ACTTTTCAACCTCCACCCAC	0
CTCGCACTCTGCCATCGAGC	0
ATTGACCTGAAACTAAAGTT	0
TGTACACCATCTAAGTGTGA	0
TAGGGCCATCACACGGGAAA	0
CACTATAAAAATCTTGACCA	0
CGCCCCCCAATCCACAGCTG	0
GAACCTTTGATCAGCTGGTA	0
CATGACATCGCGGAAACTAA	0
TTAAGAGACCTACTTTAGCC	0
CCATATGTGAAACCCGGCGC	0
GCGCGACCATCGTCTGAGAC	0
CACTCACTACGCCTTATTCA	0
ACGTATAATTTTTGGGTCTG	0
TACATACTTCATAACTCTCC	0
GTACAACTATCTAAAACTAA	0
GTCACCAACTCATTACGCGA	0
GAGGTCACGCTGCTAGCCAG	0
AATATCTGCTAAAGTCTTCC	0
AGATATGTCCTTACCACCGA	0
AACTCTATGTCAGCTTTCTC	0
TTAGGATCTTCAATCTAGTT	0
TATATGTCAAAGCCAGCACA	0
TTAATCAGTCACTGAAGTCA	0
CCCTCCGTGGCGGAGAGTAG	0
ATGTAAAGTAGCACGCGCGA	0
TGACCCAACCACCCAACCCT	0
GCAAAGTGTCCTGGCGACCC	0
CTGTATCACAGGCCCACCGG	0
GATGAACAAAGACTACTGAA	0
GATCCAATTTTCGAAAAGAC	0
GAAACCAAGTCTCACTTTTC	0
TTTGAGCCCGCACATAACTA	0
GAGCCCCCCGTCCGCGATCC	0
GGTTTGCTAAATATATCACG	0
CCGATCACTCAACTTACACA	0
GCGTCGCACGCGCTAATGAT	0
ATAGCATTACTCTGTTCAGA	0
TGGACCCATCATCTAATTTG	0
TTACGACGTCCATTGTCGCG	0
ATGACGCGCTATAGTCACAG	0
GCGATACACCTCCAAGATAA	0
GCACGACCCAACTTTTTACG	0
GACTTGAAAAAGTCATACCC	0
CGAGCCAAAGTAAGCACAGC	0
GCCTGCAAAGGACTTAAGCG	0
TCCCTCGTTTTAGCTATTGA	0
TGGGCAATTTTTTCATAATG	0
ACCACCCTTGCTAGGATTAA	0
CGCTAATCCGCCGGGCCTTA	0
CTTATCCATACCTCTGAACC	0
TGCCATCATCTACACAAGGC	0
ATTGCCAAACGATCAGTTAT	0
TTTAAATCTACTGCCGCGTG	0
TGAAAATAACACAGACATGA	0
TGCCCGTGGTGGAGATATTG	0
ATTTGGCTGACTATCTATCG	0
GTAAACATGACCTATACCAA	0
TTCTACGGGTGCAAGTGCCT	0
GCCCCAATTATAGACGTTCA	0
TGATAATGCGATGGAACGTC	0
GGGTACCCGGAAGCAACATA	0
GGCAGTATGATTACTCATGG	0
ATTGCAGTTGCAAAGCAATT	0
GAAGCCACGGAGCAAAGCGG	0
TGCACGAAAGGCGCCCCACG	0
AGCCGCTATACCCAAGCGCG	0
GCGAGTTCACGTAAACTACC	0
GGTATCGGAGCTACTGCCAC	0
CTGTCGGTTGGTGATCATCC	0
ATGATCTTAATCCTGAACAG	0
ATTTCACTGTTCGGGAAGTT	0
CTAAACGCCATATACACATA	0
ACGAGGGGGGACCTATGGGC	0
GTCTTTTATAGGCGCTATGT	0
CGATCACGTGTGTGTAGCAT	0
CTAAACGGGATTCACGACAG	0
GCCACCGCTTCCAACAGGCC	0
GAGCTTATGATGACTCACCT	0
AGGCGTAATAATCCACCTTA	0
TTTATGAAGTGCTATCAATA	0
CCGCGTAAACACCTTGTATC	0
GGGTTAGGCCCCCTCCACGT	0
AACCATTTAACCGCATGTTT	0
CTCACGTTCAGAAACCGCCC	0
ACGCGAGACTTCCCAAAACA	0
ACGTTCGCTAGAGGAACGAA	0
ACTTATATACAAGTAAGTTC	0
AGCACAAGTTTGCATATTCG	0
ATGCATTTATTTAGATTGGT	0
GTTCCCGGTAGAAGGTCCCC	0
TCAACAGAGTCATGACCTTG	0
GGATCAAAGTGCATACAGTG	0
CCCCGCGTACTACAATCACG	0
TGAGGTCGATACTCTTGTGT	0
TGCAAAAGTGAATATTGCTG	0
CACATGCTAGGGGGACCTGA	0
CCAAGAGCTACGCAGTAGGT	0
GATTAATCGGCACACACCAC	0
CCCGCGGCGTCACCTGTTAT	0
TAAGAAAAGCTCGCTTGCAG	0
ATCCCACCCTGGCAATATAT	0
TTACAATGCATCTTAAGCGC	0
GAATTCAAGACCCTGTAAGA	0
CAGCCCATGGGCAGGCTCCC	0
GGCAGGTTATAAAACTCGTT	0
ATAATACGAGTATCCGAAGA	0
GAAATAGAGGAACAGCCGGG	0
TAGCTCGGATATTCGTCAAA	0
AAGCCCAAGCCACGCATGGA	0
ATAACTTAATACATAAGAGC	0
AACCCCGTTCATTGATAACC	0
TTGATCCGCGAATCCCAAGC	0
ACTAATACAGCGGTCATAAA	0
TAGAGATGAACCCTGATAGC	0
AAATGTATTCTAAAGCTTCC	0
GGCACTAAGCTTACGCGAAC	0
GAGTACTAAAAAAGCTGCAC	0
GCTTACCGGTTGGGACTTGT	0
TGATGGAGGCCCGGAGCAAA	0
CGATGACAATGTGTCACACT	0
GATACAAGTGACAAAATTCT	0
CGCTCCCTGGCCGCGAACGC	0
CTTGCAATTATACAGTTACA	0
TACTTGAAAACAAAAAAGAG	0
ATCAGAGTCAGCATAATCCA	0
GACCAATTAACCTGCACACC	0
AACGTAGAATATCTAGTAGC	0
TTAATACAAACTAAGTCAAT	0
AACTCTCACCTAACTCCGCA	0
TAACCGTAGGCGGGAACTTA	0
CTCCAGAGGTACCCCATAAC	0
CGCGTAGTGCACCTTAAAGG	0
ACAGACTACCACCAAGTAAC	0
CATCTGGGAAAGGCTTGCGG	0
GGCGGCTGCCATATCGTACA	0
GCGCTCTAGACAAGGAGCAC	0
GCAATGAAGGTCCAAGTGGG	0
ACACATCATTTTTCGTGGCG	0
CCGAAACGGAATACCCGGCC	0
ACAGGATACCACTAGTACAC	0
TAGTGGTACACTAGACACGT	0
ATGCTGCCGTTGTTGGTATG	0
ATACATGCCCCACCAAAACT	0
CCCACATACAGGGTTAGACC	0
CATAAGACAATATGAGTAAC	0
GCCCATTAGATACACCTATC	0
AACGGAAACAATTAACGCTA	0
TAAATTTACCGCCAGAGTTG	0
GCACGCAATCCAAGGACTAA	0
GATCTATGGATGGTTCCAAC	0
CCGCTAGGCCTCACGGCCAG	0
CTGATAGTAAAGCAAGTCTA	0
CGACCGACGGTTGGCACGCC	0
GATAACCATATTATTGTGTA	0
GAAAAAAATACAGCAGATAC	0
CGAAGTAAGGATTGAAACAT	0
AAAAAGACATGCCCCACGGA	0
ACGGATAAAGTGTATTCTAT	0
AGGCGCAGCCCAGACCACAA	0
TCGCCAATTTGAACGCTACC	0
CGCGATACGATGTACCTCAT	0
AGTAAAAATCATTTCAAGTA	0
AGGTCTATAGGTAAGAAAAG	0
CTATCCAGTTGTGAGAGCGC	0
TTTAATGTGTCAATTCACCC	0
CACGCTCACCTCTCCTATGC	0
ACCCTGCTAGACAACCCTAC	0
GCCACCAAACGATTAACTAA	0
GAAAATACACGAAGTGGAGT	0
CTCTTAAACCCAAGAATGAC	0
GAGTATATTAAACAGCAAAG	0
ACGAGCTACAGCTCGGCAGT	0
CAGGTTGGACTCTTAGGGAT	0
CTACATTATGGCTGAGGACC	0
TCATCGCTTATATAAAATTC	0
ATTCCGTGCTCGCGGAAATG	0
CAATAAAATTTCTTTTCTTC	0
GCCAGGGGCTGCGCAACAAC	0
ACCGTAGGATGAACTAGGAA	0
GCGAACTCCAGTAACGGTCA	0
AATTTACGACCTAATCGCTA	0
GCTCAACACCAGTGAATCTT	0
TAACTGCAAGAGGTAGAAAG	0
GGGGTTGGAAGCGAAGCAAT	0
ACCTAAGTGCCTCGAAAATG	0
TGTGTACCAGTCCCACAACT	0
GTTAGCATCTAGACGAAGCG	0
TGACCAGGCTAATGGACACG	0
GTACATTTGTGACACTAACG	0
GCTGTAAAGTGCTACCATAA	0
GGGTAAAAGCCGGATGAACC	0
ATAGTTCATAGTCCGATGGC	0
GGTACTGCCAACCACACCAA	0
ACACGTCTCACTACTCTCGC	0
CCATCCATAGCTATTCCTGC	0
CACTGCCTGTTCACCCCCTC	0
GCATCCATGGGAAAGGCGAT	0
CGTACGACTACATGTCGAAC	0
GGTTAGAATGCCTATGAGTC	0
GAGGTGGTATCCACCTAACT	0
TATCAAGCTATCGCTAGGCG	0
TCGATGCGTTAGGCGAGGAC	0
GCCCCTTACTGCAGCCGATG	0
TAAAAAACAGGCCTCTAAAT	0
CCGACCCGTCTATACCGTAC	0
TTCCCTATTAGTTACGTAGT	0
AAAGAACCTTTTTAACCTCT	0
TGTATTCAACGAGAGGTTTA	0
GTGTTACACGAAAAGTCACT	0
TTCCTTAATAGTCTTTGTTC	0
ATGCGGTGTCACTATTTGGA	0
GCGTATATGGTCCGGCTAAA	0
AGGTTTAAAGATACGAGATA	0
AATCACCCAAGTACTTTGAA	0
TGCACCGGGACGCCTTACAT	0
CTCATATTCACTGTCCAATG	0
TATAAACCAAGCTAACGCTG	0
TGAAAAACCTTTCCGTTCCT	0
TACAACACCAGCACGATTAA	0
ATCGATAACGTGAAGTGAAT	0
CAATGTCATGACGGCAAACA	0
TTGGTCAGTTGGCCGCCGCA	0
CAATACGCCTGAAATACGAG	0
TCCCTCCCACGGTGTAGTCA	0
ACCAAAAACATTCGGGCATG	0
TTCCCTACGCAAGGCCGCGA	0
CGTACCAGTAATAGATCGTC	0
TTATCTACTCCATTGTGCGA	0
ATCTTATTGGCGTAACCCTG	0
AAAGAAAAGCTAGACTAGGG	0
GTTAGTGATATAACGGTAAC	0
TAAAGTGATCATTCTATTCT	0
ATATCACGAAAGCACTAAAA	0
ACACTCTTGCTAGCAGCAAG	0
CAAAAGAACACACGCCTCCT	0
TTACAAAAATTCCTACAACT	0
CACATCCACCAATTTCACAA	0
GCACACGATGTGCGAGGCTC	0
AACGCTTTGCAAAACAAATT	0
ATGGCTGAGATTATGGAACC	0
GTGGTCTGGTCGCAACTCAT	0
ACCACAAGGATCCTTATCGT	0
ACTTTTTTCCCACAATCCAA	0
AACCGTCAGACGATGCATTC	0
AGCACATAAAAACTTACGGG	0
AATCGACTTCCGGTCATACC	0
GCCCCCATTTGCAACTGTAC	0
ATGAACCTAACAAACAGTGG	0
AATATTATGACCAGTAAGAA	0
GTATAACTCAAGAAAAGCGA	0
AACACGGCCGTGATGTCACT	0
GCCGAGATTTGACCCGCTAC	0
TACTTGGAAATACAGTAATG	0
GCAAAAATGCCTAATGCAAG	0
CCGTCATTACCTTTTGCTCT	0
ATGTGGGTAACCTCCTCACA	0
AATGTACATACGGTTTCAGC	0
GGAGTAGTTGTCAGTTTTTC	0
GTCTTTAAGATAATTAGTAC	0
AGACTATGGACAGGCAAATA	0
TCTGAAATATAGAGATACAT	0
TCCGTAAAACGCATAACTCG	0
AAGTACGTCACGATATTACG	0
GCATAAATTCTACTCTAAAA	0
TGGGCTAGTCCCAGCACCGC	0
TTGTAGATTGACGGCCCTCC	0
ACTAACACCAGGCAGTCAAA	0
ACTCAGAATTGAATGTCCGA	0
TGAGTAAACAATATGACGCG	0
ACAGCCTACGAGTGTTAGGT	0
TACAACGAACCAATTAGACA	0
ACGCGACAGAATGGGGATAA	0
AGAACTGCATAAGTCCACAC	0
CCTTTGCCTCAACGCCTAGC	0
AGCGGTCATTCCGAATCCCC	0
CAGTGAGCATCGTAAATGTG	0
TCTCGTACATTTTACGACAA	0
TACGTTTATGCAGAACAGAG	0
CCCACTACCTCTAAGGTCAA	0
AAAAGAAGGTGCAGGTTAGT	0
TCAAGGTCTATTCTGTATAG	0
GAGACAAAACACCCCCTAGT	0
GTATTATTCCCAACCACAGT	0
AGCAACGGGGAATTGTTAAC	0
AGAAGAGTGCGGAAATCCGG	0
TACCATCCGTGCTGCATGCG	0
GTCTGAACGATTGAGAACGA	0
ACGAACGCAGTTAAAGAGGC	0
TCTGACTATCTAAAATAGTC	0
TCAGCGCTTTAACGACTAAC	0
ATATCATGTGGGTACACAGG	0
ACACGGTAAGTTAGAACTAT	0
GAATATACAGATTGACAAAA	0
ATGTCGTCCGTCCTGTATCA	0
ATCATAAGACGCTAAAGTAC	0
AACGCACTGTTCCTTGTAGA	0
TGGTAGACCAATTTTAATAC	0
ACGCGACTGGAACTGTAATC	0
TGGTTCAAACAACACTGACA	0
GCGATTGTGGTGAGACGAAC	0
GTCTATATAACCCGAACTTC	0
AAGCATCGGCCCGTGCCCCT	0
TACCATTTCCACGCCTGGGA	0
GAACAGCTGCGCCGGGCACT	0
TAGGTATGCACAGGTAAGGT	0
CGGCCGTAGTTGTAGTGCAG	0
CTTAAGCCTGACTTATACAG	0
TTCAACTTAACGAATCCCCC	0
TCCCCCATTCCCTCGCCAGA	0
AAAACTGTGAGTGATCGTCA	0
ATCCATCGTAGAACTGATGG	0
TGCTCAGAAATTTTATATAA	0
CTTTAGACTCGATTTGGATT	0
ATGATCGCAGCCGGAAACTT	0
GATGCAACTAAGTCCACCTG	0
GAACCACCCCACCCAACACG	0
AGACTTTCTTTACCGCGTGA	0
GAATTTAACATAAAACAGCC	0
CCCCTAAAGTCTCCGTCTAA	0
TAACCATACGTGATTCTCCT	0
TAAAGGGTATTACACAACGG	0
GCAATTCAGCCCGCTCGCAC	0
TAGACGTTGGATCAATTTAG	0
GGCGTGCTACATCCACAGGT	0
CCCAAAATAACAACGCGCCA	0
GATATTGAATAGTACATGAT	0
TCAACAGGTTCGTATTGTTT	0
GTACGCGTTAGGGGTCGGCC	0
GAAGTATTCCTAATAATAAA	0
AAGTGATCAAGACGAATTTA	0
CAGCTTACAAATGCAGTCAC	0
ACGTTGCCGGGCACACACAT	0
AGTTGTTCCGTAGATGCGTG	0
TCTTTTATCGTAAATTACCT	0
TATGGAATCTGCACACACGC	0
GCCGCATTCTCCTCACGCCG	0
ATGACATCCACGGTCACAAC	0
AAGAGCATAGGACGCAAGAA	0
GCTATCGGGCCCGGCACCGC	0
CGATTCTCTCGTGCTTGTAA	0
GGAGAAGTATAACAGCAACA	0
ACGACAGCCATATAAACAGA	0
ACCACCGGATGTTGTGCTGC	0
CAGCATCGACCATCAGACAA	0
ACCAATGCAAGCACAATTGA	0
ACAACCACTGTACTCCATCG	0
TAAGACGGGAACCCTCGCAC	0
GATAACGCGCCGAACCCACC	0
TGTGTCGTAAGCATCAAAGC	0
AACTAAACCTCGCTGGCTTC	0
GGAAAGCGAATGAAGCTAAC	0
CACCAAACCATCATCCCTTT	0
GAGTTAGGAGAAGGACGGTA	0
GTATAAGTAGACTTACTGTA	0
ACCGGAACAATCGACTATAT	0
ATAAGAGGGGTAGATACTTC	0
CCTGTTGCCTGTCCTCCTAC	0
GCAGATCGGATGAGATTCTG	0
GAGTAACGCCCGTAATAATT	0
GAAGATAACAGACCTGTATA	0
GCAATGCATTCTAAGCTTGA	0
GCACGAACACCTAGCGTTAA	0
CTTTGGACCCGTTTTACTTC	0
ACTATTGGATCGAATCCACT	0
ACCCACGTTACACTCCCTAG	0
GGGCAGACCCTCTAATAGTG	0
GAAGAGCCACGGAGCAATCG	0
AGTGAGACAAACTGGTGCGC	0
GGAGTGAAACAAATTCACGA	0
GACCATTACTGTCCGACCCG	0
ACAACCAAATGCTCACTTGC	0
ATGATATAAAAAAAGTATAA	0
AATGTTTAAGTTACGTGACT	0
CGGTAAGAGCACTAGGTCCT	0
ATATTTGGAAAAGGTGCTAA	0
AGAAAACTATATGGCCAACG	0
AAGGCTGGTATGGAGCCACG	0
AGGCAGAGGAAAATTACAAT	0
GAAAAATTACCTTTCTAAAT	0
TTAGATAACACCCCCCGGGG	0
AAGACACCTAAACTCCTGCC	0
AACAACTCTAAGCACTAGAA	0
CTCCCACAATTTTGATGTAA	0
GCAAAAAAAATGTGCTGCTT	0
GATTAATGCACATAAGTGAT	0
GGATCGAATATTCGACGATC	0
ACAATTTACACGTAGACCAC	0
ATAATGGTCGGAAACGCCTA	0
AACCGATATGCATGGCATTG	0
ACGCATTGGGGCTTCGCACC	0
GCCTAGCATGCCCACCCATG	0
TTGGCCCAAAGATCACTTAC	0
ACCGCAGGGCGCACAACGTG	0
TGTCTACCCTCCGCGCATAC	0
TAAAGCCCATGACACTCATT	0
AGTTATGCGGATCGTAGAAC	0
GTCCTGCAAACTGTGATCCT	0
AAGGCCTCGTTATGTGTAGC	0
TCCCCTTTTAACGACAATGG	0
TAAAACCCCGCAACCTGGCC	0
ATAAACATCTCTTAGTACAG	0
TGAAGCCCCCTGCCGAAACC	0
TGTATGTAAGAACGCCAGAG	0
GGCTACCCAAGTCGCGGAGT	0
CTCTATATGGCACTCTATAT	0
AAGGCCGCGAGTCCCCACTC	0
CTACGCCACCACTCACGTAG	0
TACATCCTTGCCCACTCACC	0
AAGAGCACAAAAGACCAGAG	0
AGCTTACACAAGCCCAGACA	0
CAAGAACTAAGCTGTAGGTC	0
CGCCGAATGTCGACTGGTGG	0
GGCTTTCGGGAGACATCCTT	0
CCGAATGGTTGGCACCTGTG	0
AACACGCATCGTTACTCCCC	0
AAAGCTTGTAGAAATCTTGG	0
CTAAGGTCAACCCATCCCAC	0
CAACAAACCCTCCCGACACT	0
CTGGTATCCATATAGTCGAG	0
CCTTATCTGGCATGGAGCAG	0
CTCGCACCTAAGGCATGTTC	0
AGTGGTTCTCAAAAATGTGA	0
CACCCAGAATAATGCATGCA	0
AACACATCTACCAGCCTATC	0
CGGAAAGTGCGTTCCGTAAT	0
GCGTTATTATAGCTGATGAA	0
CTAATTACTAGTGATTTACC	0
TGTCATCCCGGGATCCATGA	0
GGTGAACCTGCCGGAGATGA	0
AAGCCCAAGTAACTGATCAG	0
TGTTACCCGAACAATGGTTT	0
CTGAGATGAAGTAGACAACT	0
ACAAGTAAAGTAAGTGCTTG	0
AGGTATATTCAAGATAGAGA	0
CCTTCCATAGCACTTGGCCA	0
TACATTACCCTACTCACCCA	0
ATTTTTTTATAACTTCATTT	0
ACTGCGGTACGTGCATACGG	0
AATAATTGTAAAATTGCCCT	0
CCCATTCAAATGGCTGGCCG	0
AGACATCACCACGGAGCGAA	0
CCTTATACGCTTTACCCGAG	0
ACTCCTGAAAGGCCCGCCAA	0
TTGCCCTGCAAGTTTCCCCA	0
CCTGTAAAAAAACATTGGGT	0
TTAGCGCCACAGCCCTGTAC	0
CCAAACCCCCTCATTCCCAC	0
CTAGACACCGATGCCCACAG	0
GGTATAACTACACAAATAAA	0
ATGTAAAAGCGCGGTCAGAC	0
GACTTGAGCTAAATCGAACA	0
ACAAGCCGGTTAAGTCCCTC	0
CGTCCCAACATTTGGTCCGT	0
ACATATGGGGTAACTCGTTA	0
TAAATAAAAGTCACTAGTCG	0
ATGCCATCTACGAGAAAGTG	0
GCATTAGCAACCGCGAACTG	0
CCACTATAAACAGCGCGACC	0
ATCATAATCTTTAGCTGATC	0
ATTGCAAACCTCTTGGAGAA	0
CCTGTGAACTGAACGGGCGC	0
CGGTCGTGAAACCAAAAACG	0
GGACAGGTAAACGATCACTG	0
AGAGTGATCCATCCACAGGT	0
GACAATATGGAGCCCATGAC	0
AGCAGTTGGACCATCATACC	0
TTGAAGCAGCGACCCCAAGA	0
CGCCAACTGAGGTGTGAAGC	0
CCCCAGAAACGTGCAGTCAG	0
ACAGTATATCCAACTCAGCT	0
TGCTTGCCGCAAAGCTGCAC	0
GTACCTCTCTGTCGTCCTCC	0
TAGGTGGTAGAGGCACTTGG	0
GATGGCCCTCATGTAACAGA	0
ACTAGCTAAATTGATTTAGC	0
AAATAGTTATGAAAACGGAG	0
GCACGAACTATGGGCGTTTA	0
ACAAGACACGAACCGCGTTC	0
TTCGCGATGATTAGGGCCCT	0
TATTAACTGCATCCCACAGT	0
TGCGTTTTCAGACCAATAAG	0
ACTATCGCACGTCGTCCTGC	0
CCACGAGCGAGTTGCTAAGC	0
GAGCTAGATGTCTCTTAGAC	0
GGTTCCACTCTTACGCTAGG	0
ACATAATAACACGTTATGGG	0
ATACTGATAGGCTTAAAACA	0
TGAACAGTGTTCAAAAAAAT	0
CCGCATTTAATGACTATCAA	0
GTGTCTCGATGAAGTCGCGA	0
ACCGACCTGGAGTAGGTTGA	0
TGAATCTAATGCACATTCAC	0
GTGTACTAGGTCCCGGATCT	0
GGCAGGTTTTACACGTTCGA	0
AGGTTAGCCGCCATTGATAT	0
TTGGAAGACTAATATAGTTC	0
CTATAGCAAATCGGGGTTAG	0
CTCGGTAGTTAAACATAAGA	0
ACAATGCTTGACGATGCCAC	0
ATCCCAACGTGGTAGGTCCC	0
TCACCCCGCGAGTTAACACC	0
CAATTGGGCTCAACAAGAAG	0
GACAGCTATCGTTGGATATC	0
TTAAACGACGACGACAAGAT	0
AACACAAGTTAACTGGCTAC	0
TGAAAACATGCGCAACGCAA	0
GTATGGGGACTCACGGTATA	0
TAAGTATCAACGCCTTAAAG	0
TGATTACTTAGGATATGTTT	0
GGCACCGCACCGCAAACGAG	0
CAAACCGCTCGAGCCCGTCT	0
CTCCCAAACTCACTCCAAAG	0
ATCGGCAAGTGGGACATGAA	0
ACGCTTTGGACCCAGTACAT	0
CTCACACCAGCCCAGTTCGC	0
CTGTGTCCCGCAAGGTTTAC	0
ACAAATTTCCGAACTAGGGT	0
TAATCCTCGGAATACCTTAC	0
CACAATGTCTATCCTACCCC	0
GGTATACTAGAGGTGAGTGC	0
TGCACACTAGAAGTAAAAGG	0
ATGGTGGCAAAAAAACGCCG	0
GGGTCCTCTTGTACAGCCGA	0
GACGCTTCTCTGCCATCCAT	0
TTGGCGAGTTCAATGTAGAG	0
GTGCGTAACCTACGGGTGTA	0
CTGTTACGCTTCTCCTCTTG	0
TATAGCTATTAAACTCTTCT	0
GAGACCTGATTGACGGTGCT	0
ATATAACCCTGATCCTCCGC	0
TACCTAAAAGCTGTCCCGTA	0
CTAAGTCCCTATTTAAACCT	0
GACTATGCACCTCCTAATGA	0
AGTTGCAATAAAAATTACAA	0
CTCACCCACCCCATCCGCGG	0
GTCCTTTCGCCCAACCTGGC	0
AGAACTTATATAAGTCCTTT	0
CAAGTCCCAGATAACAAGCC	0
CGACAGATTTCGCTAAACAC	0
TCGTGAGGAACCTGCGTGGA	0
GAGAGATTAACGCCTAGACG	0
AACTACTCGTTCGCCTTTCG	0
CCATCCATAAAGATAACACA	0
TATGATTTACACTTATCACC	0
CTGGCCCCACAAGTGAAAAG	0
CGCAAAGGTTCCCAAACCGT	0
ACAACCCTACCACAACGCGC	0
GACCAAGACGTCGATGAATT	0
ATTGGACTCAGGATAACAGC	0
TTTATTAAATGAGCCCGTCT	0
ATACAGACAAATCATGCACG	0
ATATTTAATAAGCTGTAAAA	0
TCCCAGTCCGCACTAAATGA	0
GGTAATTAAGGATCAATAAC	0
AAGAGCACTTCCGTCACCCC	0
TCTCCAGCAACATGTTCCGT	0
GACAGCTGGGCCCCATAAGG	0
CAGGGCTATAGTTGGCGTTT	0
GCGTGATAAGGTCAGTGCGG	0
CGCTTCCGGAGTAAAGACTG	0
TTTAATTTGAATAAGTTCGA	0
CATCGAAAAGGTTAGTTTTG	0
GAGTACGGTGGTTACCACCT	0
AGACACAAGCCATTAGACAC	0
GAACTCACTATGGTGGGAGC	0
GCTAGCTCGGATGAATAAAG	0
CGCAATGTAGTGTAGAAGGA	0
ACACCTCGGGCGGGGGGAAT	0
TATGAGATGATGTCCGAGGC	0
AGAAAAGGGTCACTGGGATA	0
ACCGCTTACCCGCCCATCCA	0
CAACTGTTAGGACACCTCCA	0
GAATCCACAGCGCAATGCGT	0
TGCGAACTGTAAAAACATTA	0
TTTAAATCATTTAGAATCCT	0
ACAGTCCTGATCCAGTGCCC	0
CGATATCGTAGATTAGGCGA	0
CAAAAGTTCATTCACTCCAC	0
AGGTAGATTCTAGTCCATGT	0
TACAGCAGGAACTTAAGAAA	0
GTGCTCAGGCTACTCCTCAC	0
TCGAACGTGCATATTCTAAC	0
ACGCGAGCTCCGCTTATCAG	0
TGCATCCAGAAAATCTATCT	0
TGTAATATGTAAGGAACAAG	0
AGCTGGCTCGAATTGGTATT	0
TTATAATCGGGACCGGGCGC	0
GAGAAATCGTTTACAAGTAT	0
AGTACTACTATTGTGTCACG	0
GGTGAGAAGTGCAGAAAGGG	0
ACCGTTTCAGACTGCTCCCG	0
GAAACCAGACGGACCTTAAT	0
AATTGCTGTCCAACAAAGAC	0
CATTATGCGGACTTCCTGTG	0
GCAAATATAAATGTTCTCAC	0
AATATTCATGATCGTACGGA	0
GTACAGAAGTATAAAAGTTA	0
ATTGGTTGGACCCCCATTAT	0
CGCCACCATTAGCATTCCTA	0
GTTATGCATACGCGGACACT	0
AGAAACCCACAATACTGCAA	0
CACTCTGAAGGGAAAGGGGG	0
AAGTGTTATTGGAGCAACAT	0
ACGTGGGAATGATAACCATA	0
GCAGTAGAACCCATAGCTGC	0
AAACAATGACGCTAGGAAAT	0
TGTCAGAGGATACAGCCAGG	0
GCTGGTTTCGGGCGGCGTGT	0
CAAGGTTGCACATCGGGATA	0
AATTACAAAAGCAAGGCAAA	0
AATACCTACTTGGGGAAAAA	0
TCTTACATGATCTAGGGATG	0
TGCCTACCATATCGTCGATA	0
AGTACATCCGAGCAATACAC	0
AACTTTTACAGGAGTTCCTG	0
ACACCGTTGTGAGTAGCCAG	0
AATGAACAACATGGACACTG	0
AATAAGTTAAATGAAACTCA	0
GCGAAAACGAATACTATAAA	0
GCACTAAGTAGACACTAAAC	0
GGATCATATTGAGGGCTCCA	0
GTCAAATCTTAAATTTTGTA	0
TCTCAAGTAGGAGATGTAAG	0
CGCCTTATATTAATATCCAC	0
TATAGGATGCTAATGTTGGC	0
CGTCTATTTGAGTACGGCGA	0
TCACAGTTCTCAGGGATCAG	0
TCTCGCAATAAATAGGTGGT	0
GCATAAGTACCGCGTGCCAG	0
AGGAGGGACAACACTCTAGG	0
TTGTAAAAGACCAAGGATTA	0
ATCTTGTAAAATTTTTACCC	0
CCACACAAGTAACAAATCTG	0
AGGATAAATATAATATAAGG	0
GCTGGTAGAGATTCCAACGA	0
CGCCCACCTGTGAACAGCAG	0
CTGTAGCAGCTGACTTCAGA	0
CAGACCCGTGACTCCAACCA	0
GGAATACTTTCTCTCTCTAG	0
CAACTGTATCGTATAAATCA	0
CGGGAGAGAACGTCGCCCCG	0
AAGATTTCAATGTACAAAAG	0
TCGTCCAAGCCCCACTTCCT	0
TTCATTACACGGCGAGAAAA	0
TGACTTAGTATACGTACAGA	0
TTCATCTGAGGCTGGATCTC	0
TATCGTCATTATGCCATCCG	0
TGTATAACTCAGCGGGGCTG	0
CATAAAACCTTCAAAAGGTA	0
AGCTACCAAACCTAGCCGAT	0
CGCACCCCGCGTGTGCAGTC	0
GTGGGGAGACCTACAGTTAA	0
ACAAAGTAAGTGTAGGGGAA	0
CACCTACTGCAGCAAAATAG	0
GCGCGAAAAGGCCATCCAGG	0
TTTATCAAGAACGACGGAAA	0
TAAGGCTGGTTGAAGACGAA	0
AAAGGCTGATTACTGCACGT	0
CTGGTGTACCCTAGTCTCTA	0
GGGCTGTAAGGGTGCTTATG	0
GCTCAGGATGCTGATATACC	0
TGCACCATAGTTTCAAATAT	0
ATGTCCAATTGGTTCGCCCC	0
CGTAATGTGACCTGTTCCAT	0
ATCTAATTTGTGTTCGTTAA	0
ATCAAACTCTGTTGCTCGGA	0
GACAGCGTGGCCTATCCGTG	0
ACCTCAGATAATTACAAGTT	0
ACGCGCAACTAGCGCGTTAT	0
CACGATTCCAATTACAGTAA	0
ATTTATAATCGAGATTGACT	0
TGTCTTTACCGCTGCGCCAC	0
ACTGGTGATAACATCCACCG	0
TGAGGCGTAGAGCCCAAATT	0
GCACCTGAGACAGTCAAGCC	0
ACATATAGTTCAGAATTACG	0
CACTCACGGAACAATAACCC	0
GTAGTCGATTGGGGTCAAAT	0
ATTCTCCGGACAATAGCGTT	0
ACCTCCCTTCGCGCCGATAC	0
AGAATCTTACGGAATAGCAA	0
AAATTTGCCCTCCAGGGATC	0
GTGTGCGCTCCCCGAACCGG	0
GGCGAGCGTGCTTTTTGATA	0
GTCTAACATCATTTGCTCTC	0
CAATATTCTTATCTACTAGC	0
CTAAAGCATAACACATTGTG	0
GACATCCCAATTTCCACACT	0
ATCCCACTTGCAAGGAAATA	0
ACTGTGAGTTTCACAAAAAA	0
ATTTATCCGAGACCCCAAAC	0
GAGAACCTTATAGTGTGGAC	0
GCTGTAACTTGGGTGAGCCG	0
AGCCAACGTACGGTATTGAA	0
CACAACAACGGAACGCCGCC	0
ATAGCGGAAGGCTAAAATTG	0
TGAAGCTATGCAGAAATATA	0
ATCAGGATAACAATGGAAGG	0
CCAACTCGCAGGGAGATGGC	0
CGATTGGTAAAGCTGAGCCC	0
AAAGTAGCACCTTTGAGGCC	0
AGGTAGAAAAAGCACGTGTT	0
GCCGTTCGTGCTTTGGGTAC	0
TGATATCGGGCGCTTAATGC	0
TATCAACAATCAAGTTTTAA	0
GCGCCAAACAGCCACTCTTT	0
TAGCGAGGGAAGACGGGAAT	0
CACACAGCCACTACATCCTA	0
GAGGTGGGAGAGGGCAGCGA	0
GGGATGCTGCACTATGAGCC	0
CGTGACAATAAGGGGGGGCG	0
TAAATTACAGACTCCCATCA	0
TGAATGAGGGCAACGGGTCT	0
GAACACATATACGCGCATAG	0
ACGACTTGGCTTGCCGTGAA	0
GGGCTCACTTACCCCGACAT	0
CCCCACATGAGCAGGTTCGA	0
AAGTACCCGAAAATGGGTAC	0
ACGTCCGCGCTGCCTGCCAC	0
ATCGCACAGCGACGTGGACA	0
GGATGTAATAAATCTATCGT	0
CTGATAATCTGCATCGGAAC	0
GTATCATGCTCTTATTCGCC	0
GATTGCGCAGCAATTAATGT	0
GGAGCTCCGGCCTCTGAACT	0
GAACGAGTGCTGTGAAAAAA	0
ACATCTGACCATTGATTCTA	0
AGTATAACTTCGCTTAGCTT	0
AAGCGGAGTATCAGGGTTAT	0
ACAAAAACCAATATCTACGG	0
AACTATTCTTCCCACAATAC	0
CAACCCATCCTCACTCCCCT	0
CTCAAGGGCCCGGATGTAAC	0
ATATGGTAGGTCGGTCAACC	0
GTGCTAGACATGCAGTAGAC	0
CAATAGTGTCAAACGCTACC	0
ACCGATAGCGTAAGCAGTTC	0
TGCCCTATCACAACTGGACC	0
CGTAGTGATCCATTAGGGCG	0
TTCTATAATATCGCGTTGTC	0
TCATCGTCCTATCGCATTTA	0
GAAGCAACGTAGCATAAGCA	0
CACCCATCTCACTCACCACC	0
AATTGCAGAAGTGACAATAG	0
TCTAGCGCCATATTAAAGAC	0
ACGACGTCTGTAATTGGCCC	0
CTGAGGACCGAGTACCCCTA	0
AATTAAATATTCGCTGACCA	0
CCTTGATTGAAAAACGGCCC	0
ATTAGACTGAAACAATCGCT	0
CGACGCCTTGGATCGTTGCC	0
TAACGAATTGGTCCCTAAAT	0
GGAAACAGGGATCCAATTAC	0
CCACCGCGTTTACTACCCAA	0
AACTGAGGAATAGGGACCCA	0
ATTAAGTGACATCACAAGCA	0
GCAGTGGGAAAATAACCAAC	0
CACACATGCTGAGCTAACTG	0
GGGATCTGCAGGGAATTGCG	0
AACGAAGCATAGAATTGAGG	0
ATTACAGTTTTCGTGTAGCG	0
CAAATCCCGAGCCTTCCGCA	0
TATTCATATAACCAATCTGG	0
TCTAAGTCCTTGAAAAGACC	0
AGGCGATTCCATGAAACTAG	0
GTGTAATGAGTAAGAGAACA	0
AATCAATCAAATGCTGGGGC	0
AGCGACACGCAGCTCTATCA	0
CCAGAGACTAAGCTTTTGGT	0
CCCAACCAACAATCCCCAGT	0
CAGAATTCGAGTTATTGCCC	0
AAAAAAAAAGTTAACCTGAG	0
GGCATACGGAAGCTAGATTC	0
TTGGGCCTCGGAGGCAAGTC	0
AGTCCGTCTATACTAATTTG	0
CTCGTATCGAGGGACAGGAC	0
ACCAATATGTTTAATGAAGC	0
CAATCACGAAACGATTTATC	0
TAGCTGTCTGATGAGCCGAA	0
TCTTGCGGCCTGCCGGACCT	0
AAGGGGCCACTGTGTATACG	0
AAATGAACTCTATGAAGAAG	0
TGATTTGGAGCACTTGAGTC	0
CCCGTCATCATTGGCACACC	0
TACCTACGAAATCTTTATAG	0
GTGGCAACGAGTAAGTAAAG	0
AGCGTACAACAATAGCCCTA	0
AGCTTAACTTATAGGCCATG	0
ATTGTAGGTGTTGTATTCTA	0
CACTCATTATGGACTTTTCG	0
TAGCGTTGAGGTAAAGATAA	0
AATGATCCAGAGTCACCTTG	0
ATAGCCTACATTTTAAAATA	0
TACTAAAAGTTGGAGAGGCC	0
ACTCGTTAAACGGCAAATTG	0
AGTCTTAGCTGTTCTCAAAA	0
GACGTCTTCAATATTAAGTG	0
TGCATGTGTTCGGTTTGGAT	0
ATAATCAGTTGGACCGGAAA	0
TCACACTTGGAGTGTACAAG	0
CTGCTGCACAATTTTGAATA	0
ATTTTCTCGCGTGACAAAAC	0
ACGCGTCAAAAGGGCAATTA	0
TCGCAAACGTATCCCTGACC	0
TGTCATAAGCAGTACATCCT	0
ACGCTTTGTAATTCTTGCAT	0
AAAGTCCGGTAACAGCTGAG	0
TAGCATACATGAAGGTGCGA	0
AAAGCCCATCTCAGTCCACC	0
AGTGAAATGGCTTCGATGAA	0
ACTGGACCTCCGTGATGAGC	0
ATAGTTCCGTAGACGAATCC	0
CAATGCAACCAGTGCGCGTT	0
CCTTAACGCCTTATTATAGA	0
GATGACATCGCGAAGTTACT	0
CACACACAGCACCCTAAGAC	0
AGCGGATATACTGACAGAGT	0
CCGACCGCTTACCACGCAAC	0
CAACTAAGAGTATGTAACAA	0
GTCTAGTAAAAGAATCAGTC	0
GTAAGCGCAACACAATTTGA	0
ACGGAGCTAATCAACGGACA	0
CAGAAGCACGGCCCTACGTC	0
GGATCAGTAATAGGGCCAAC	0
TAATTATAATCTAGTAGCAA	0
ACCAAACCCTGGAGCCACAG	0
TGGTACTGCGGGAACTATGA	0
AGAAGTCCCAGGTTGAGTCA	0
ATTATGCTGTTACACGCGCA	0
GTAGCATAGAGGTAGAATTA	0
TAACGTAGGGTGTAAGAAAT	0
ACTAAAAAATGGTAACTGTC	0
CTACCAGGAATAAACAAAAG	0
ATGGTAGCGCTCCCACCACG	0
ACGATTCAGTAACTGCCCAC	0
CGCTCCCGCAGTATTTGAGC	0
TGTACCCCCTCCGCATTCCC	0
ATACATGGCACAAGATCAAA	0
TCATTGTGACAAACGTACAA	0
AGAAAGGACCTCGTTCCCGG	0
CTGAGGACTTTGAATAAGGA	0
CAGTCCTAACGGGTACAAAT	0
TCCCCAACATTGTCACGTTG	0
CAATTAGCCAATAGCAGGTT	0
ACCACAACGGATCTATGGTC	0
TCAGTGCGCTAGTGATAAGT	0
GCATGCGAGACCAACCAACG	0
CTTGACCAAACGCCTACAAC	0
AGTCGTGCACGTCTCATAGA	0
AGACCAAAAACGGACAGACC	0
GAGACATTTCTAACAATCTC	0
GCATATACCTAAATTCGAAG	0
ATAATAAAAGTGCAATACGC	0
TGCGTAAGAGGACGCTTGCT	0
CCGGACAGAGCTTCATCCTA	0
AAACCTCGTGTCGTATGTAA	0
AAGTTATAGTTATCGAATCA	0
AACCACCGTACTTAACCCCT	0
AGATCAGTCGAGTTAGAATG	0
CCTAGGTACCCAGCGTATTA	0
ATCTACCAACAAAACGTCCG	0
AGCAAGTGTAGTACTAGATG	0
TACACCTTTATGTACATCCT	0
GACCGAGCTACACAACTAGA	0
CGAACCTTGCCCAGTGTGGT	0
GGCATTTAATCAACGGGGGC	0
AGCACAAGATATTAACTTCG	0
ACGCGTTCAAGTTGCCGAAA	0
CAGGAACGCATGTGACTCAA	0
GCCAACGGGAGCTAAGCGAC	0
TGCGCAAGTTGACGGTCCGC	0
TATGGTGGAGGACATGGATA	0
TCGCGTGCATGTACACATCG	0
CGGACACGAAGTATTAGTTT	0
GCTTGCCTCGCGGTAAAGCC	0
AATTATTCCAGATGTGGTGC	0
ACCGACATAACACGGGGACG	0
AAATCAATTGCAAGTCTTGC	0
TGCCTAATTAAAGCAGCGCC	0
ATGCGGGGTTTCAACGTCCG	0
CACCTCTATTGCCATTAGCT	0
GTCGACCAAAAATTGAGCGG	0
GCACTACGTGAGACTAGTAA	0
GATTGTAAGAGTAAGTTACC	0
TGTTTCTAGCAGAATAGAGA	0
CTATATAACATAGCTACCGA	0
TCCGATAAAAGTCTGCCCCC	0
GCACGACTTCCCCACCACCG	0
GGTGGGCCCCTGGCGGCCTG	0
CCTCTAGATGGTCGTACTTA	0
TTCTTCCTTAACATGCGTCG	0
CAGTCAGAACGTGTACGAGG	0
ACCTTTGAATGACCCCGGAC	0
TCACCACACACTTAGAAGCA	0
CCCTACACACGCCAGATCAT	0
AAGACACAAGGTGCTGCGAG	0
AATGTCGCGTTAACGAGGTC	0
ACCGAGTGTGCTAAAATATA	0
TGCATTTGGGCGGATGCCGT	0
GCAACCCCCTAGTCCAACAC	0
ACACACTGACGACCACTACC	0
GTATTTTGTCTTCGCCCGTC	0
AATAGGTCCAATTCTTTTGT	0
TAATAATCAGTGCGCCTTAT	0
ATGGTTCATTGTCCCGTTTT	0
CACCACCGTCATAGTACTAA	0
GACCTCATACGTGGCCACCG	0
CTCGTGAATGAAGCGCCACA	0
ATATGTTCAACCTATCCTGT	0
TTGTAAACCGCGCACTGTCA	0
GAAGAACTTTTCGTGACATG	0
TCGATAGAACAAGATTTTCA	0
CCCTGGAGGACAACAAAGTT	0
AAACACAGACAAAGGAACCC	0
CTGCTGCATCCCTCGAACCA	0
TAAATTATCTGGGGATAGGG	0
TGTGAAAGATGCTCGGTCGT	0
ACGCAATAGCGGAAGCATTA	0
CACTGCTCATGACACAAAAG	0
TACAATTGGGTACGCCATAT	0
CGAAATCGTAATGCCTCCGC	0
GACTAGATTGCATACAGAAG	0
ATAAGCATCAAGATTTGAGA	0
ATGGGTTGACCATATATTTA	0
GTCTCCACGACACTTAAGAA	0
CCTGAGCAATTTGACCACGC	0
ATATCGTCAAACGTTACCGC	0
TAGCCCTAAGGAGTCCTACA	0
ACTTAGCTTCACCTACTCCC	0
TACATCTTAAACCGGAGTAA	0
CATAGCTTTCGAGACACGCC	0
TAGGAAGTGGATATCCTCGG	0
GAAATTGGTAACGCATAAAA	0
ATCTATTCGTCTAACCGGCG	0
GCTAAATGTAGGTGCCACCG	0
TCGCCACACAAGTGTGTGCA	0
CAATCATCTACATTTAAACC	0
TTGCCCTGTGAATGGTCCGT	0
TCCCCCTCGTCGGAGCCAGA	0
TCAAAGTGGGGTTTGGTTGC	0
ACACTCTAACTTGAACCGTA	0
GTTTGAAGCACACAGTCTAC	0
TAAGCCTCAGCGATACCTAC	0
ATCAATCTAAGTACGCCGGA	0
TCACGCTAAGCGCCACAATC	0
AGTGACAATGAAGTCATAAA	0
GAATAGATTAAATACGTAGT	0
ATCCGACTTTGTTTATCAAT	0
GTATGCATATGCGGACATGT	0
AGAACTCAACTGTAAAAGTA	0
GAGTCCAATCTCAACAAGAA	0
CGTATCATAAGTTATCTGAC	0
TGGAAAACGTAATTCCATGC	0
TAACTCGCAAAAGTGTAATC	0
TACAGAAAACTATAAATGAA	0
GTGAAGTTGGTGGAATTAGG	0
GAGGGTGTCACTGCGGACAA	0
TATTGGTAGGGATGTTGCGT	0
ATTAGATGAGGCAAGGTTGT	0
GGGTAAGAACTAAACAGTCC	0
GAGTGTACAATGGATCAATG	0
CTGTGATTGCTAACAAAGGA	0
AAAGTCTCTTAGCGTGAATT	0
GAGAAAAACGTTAAAGACGC	0
AGTTGCTGACTAGAAATAAA	0
CTATCCCAATTTTTAGAAGA	0
CACAATATCTACCTAATTAC	0
TCAATGTTAAGGCGTTGGCG	0
TGCCCAACGAATGTTCTAGG	0
ATAATATTAAAGCCGGTCAA	0
CATGCAGAACGGTGTGAACC	0
TCAGCTGGTACCTCATGGAT	0
GCGTACACCCACGCGCTTCC	0
CCGCACATGGATAATTGGAC	0
TGTCTTACCTAACTGATTTG	0
TACTACAATACTATGTTTGC	0
GGTGTAGCCTTGAAACCTGA	0
TTGCTAATTGTAAATCATTT	0
ACCAATTCGTATACACACGG	0
AACTAATGTCCTAGATTCAG	0
ATGAAGCGGTTTCTTTACAA	0
ACACTAGAGAGTTCAAAAAT	0
TAAGGTCCGTGACAGAGGTG	0
CCTTGCCACCCAACTAAACG	0
AATTGGAGGTAGTCCATGGA	0
AACCGCCACATACTTAAGTA	0
AATTAACTTTATCTGCGTGA	0
GGTTTGACTGGATTTTGACC	0
AGGGTTATGGCAGTAAGGAT	0
TAAGATTAAAGAATATAGTA	0
TCTTTAGAGGCATGCTACGT	0
CCACACAAAGGGGTTCCGCG	0
AGCGTATTACTAATCCCGTG	0
AACAAAGTAGAACTTTTCGG	0
CATTAATCAATCACTACGAT	0
AGCTAAACTACGACTGCACC	0
GTCCGGTAGCGGGCGAGACT	0
TGGTGTGGTGCAATGTTTTG	0
CCCCACAATGTCTCTTACAT	0
GTATGTTATAACCACCAAAC	0
TGCGACGATCAAAGGTGCCT	0
GTCTTCTCTAGCCCTCTACA	0
CTGCGGTACCACCTACATGG	0
AACCTGGTTGGGAGACGTAT	0
GATGTCCCCCTTTTAAAATC	0
CTACATGATTATGGAAACTG	0
GGCTTCACGCTAGAGAAAGC	0
CAGCTGCCGGAGCGGCGCCA	0
AGTCCATCTTACCTCGAAAC	0
TGTTACTGTACAAATTGAAA	0
AGCTCTACAGTTGTAACTGG	0
TGTGCACCCGCAAATACGCG	0
AAGCAAACGAAAGCCCATCC	0
TCTTCCAGGACTCGACCCAG	0
ACCAAATATGCACCTGGCCC	0
ACTAGTTAGGCCACAATTTC	0
TAGATCCAGCCCGCATCGTC	0
TCCGTGAACCCCTCAACCAT	0
AACATATATCCTACCTAGTA	0
AGCGGCTTGCAAGGAGGGAC	0
GAGCATCCGTCGTACACGTG	0
TAACCGTCGCAACCTGTGCT	0
AAGGGATGACGGGGTAAAAC	0
AACCGCCGACTCAAGATGTG	0
TAAAGGAGATCGCAGACAAT	0
CTAGAAGCTTGATAACCTGA	0
GCCCTTTGAGTGTACCGCCC	0
AGTAACCACTATCATTCACA	0
TAACGTCAAAATGGTGAGGC	0
ATCAGCTGCTAATCAGGAGT	0
AAACTTTTTATGAAAACCGC	0
ACATTGATAGAAGTAGGCAA	0
CTAACGACTTTTGAGACGAT	0
AACCGGGCACACCCCTAAAG	0
ACATTCAAGAATCCACCGAA	0
TCGCAACCCCTGAAATAAGG	0
GGCCGAAATAAGAAGGCGTA	0
CCACTGGTTAAACCTATACC	0
TTATTGGTCAATTTCCTAGA	0
GACCACGATAATGGCCCCAA	0
ACACTTTCGATCTTCTCTGA	0
TCAGGAGGACCGAGCTGTTT	0
TAGCAATTCAATACGTAGAT	0
CTGATGTTACAGCCGAACAC	0
ACCTGTCCCGCTCACGCAAG	0
ACCTTCTGATATACACTGGC	0
CTCCATCGACAAGCATCGGG	0
CACACGAAGATCAACCCAGA	0
TGACGAACCACGTAAAACAG	0
ACAGTGCAAGACATTGAAAA	0
CATGAACTTAGATATGATAG	0
TGGCTCCCATGCTAGGTATC	0
TCCGTTGTACGGAAGGCTCC	0
ATTTTGGGAGCAAAAGTATC	0
GAAAAATTAAAGCGGTGAGT	0
AGTACCATTTATGGGAATCG	0
CGTGACAGTTTATGTTCCGC	0
CCACAAAAACCGCACCCCAA	0
ACCATGTAAACACCTTGACA	0
CAAACTTAAGCCTAGATTTA	0
ATACTGAGCACACAGTAAGA	0
GACATCTGGAGCTGATCCCA	0
ATATTCTCGCTGAGCATGTC	0
AAGGCGCATAAAAATGAGGA	0
CGTCTACTTTCGATGAGAAC	0
ATACACATAATTAAAATTAG	0
AAATACTAAAGACTGATAGA	0
CACCGTGCCACCCAACTAAT	0
GTAGCTGAGTGCTATCTAGC	0
GGTGGAGAATATTAGTGCAC	0
ACGACAAGGGTACGGAATGG	0
GAGTATTCGTATAAAGAGAC	0
GTACGGCGCCCGGAAATTAC	0
TTTGGTTTCTTGAGTGAGGG	0
CGTGCACATGTATACACATC	0
AACAGCCATAGACTGAAACA	0
CGAGGTAAGACGCAAAGATC	0
ACGAGGTGTAATCAATAGCC	0
CAAAAAACGTGTGAAAAGCA	0
GGGTAGAAGCTTGTTGAGTT	0
AATAGACCTAGAATATAGTG	0
TATTCGGACCACAATGTCCA	0
GAGGAGGCAACTCCTACCCA	0
TATAAACACGTTCTTCACGA	0
AGTGGTCCGTATGCCTGACC	0
ATAAAAAGCAATAAGAATTG	0
AGCGCAACAAATGCTCCTAC	0
CCAAGGAATTTCCCTTTAGC	0
CAATGGACTTACACACTACG	0
ACGCACCAGCACCAAACGCA	0
GTGGGTCTAATGGAACAAGC	0
ATTAAGTCAGTACTTACACA	0
TCACCAAGATTCGGATTGCC	0
CTGTGATTTAAAGGAGCAAG	0
GGCTACAAGGTATGTACAAG	0
TCCTTCTGTCACATTGAGAG	0
ATACCTACCCGTATAAATTG	0
GACTGGTACGCCTAAGCACC	0
ATTGGCCTTAAGAAAACGAA	0
ACAGATTGAGTGAGGCAATC	0
ACTGATTGTTGTTTAGCCAC	0
AAATTAGATGGTTTCAAGAG	0
CAATTCTTCTCACTGACCCA	0
AGAGCATTGCAACAACCATG	0
AATAGATTGAAGAACCGTGC	0
TAGGGCGTTCACGATTAGTG	0
ACACTAGTGTGTAACTTGCA	0
AAATAGTCACCCCAGACACC	0
AAGACGCAGAGAAATAGTAC	0
GAACTACTGCGTATATCTAG	0
AACAGCAATGAGTGTGCCAC	0
ACGACGCTGCTGGAACCCTC	0
TCCAGCGTAGGCCCAGCCAT	0
AACTCGCCCATGCACTCGAA	0
CAAATTCAGAGTAACCATGA	0
TTTATATCTTAAGCGCAAAT	0
CTTTTTAAAAAATACTAGTT	0
CAAAAAAAACGCCTGTTAAC	0
CTACCATAAACTACAGCTGG	0
ATTACCAGTTACCGGACACC	0
TAATATCTGGAAACGGTAGT	0
GGGGAGTGACAACTTTGTCC	0
ATTTTACCATCACCGGAGCA	0
ACACACGGCGTGGCCCATGA	0
GCCGCGCCACCTGCCAAGTG	0
CATCTCTGGTCAAGAACAAT	0
AATGAACAAAAGAAGTCGAC	0
GTTTCTCACCCATCTGTGGC	0
CCCAACTCGCTTGCGTTGCA	0
GTGAGAGAGCGCGAAACAAC	0
AAACAAAGTCAGGCCCTATA	0
AAATGAGCATATTACCGCAG	0
AATTTCTGGTTTCGAGTATC	0
TAGAACTCCACGAAGAAGAC	0
CTTCACCTGCTGAGGTCTTT	0
AGTGTTGTGCGCGATAGATC	0
AGTCGTGAACAATCAAGAAC	0
GCTGAGAAACACACTTAGCA	0
TATAAAACCGCCGGCTAAAC	0
AGTACGCTAGCTAGGGCAAT	0
TCCGCGTAAGACTAGAGAAT	0
TGCCAGCAAAGTGATATTTT	0
ATCTTTAGTATTGCAATTGC	0
AAAACCAACGACGAGTCCAT	0
ATGGTTAAGCCCTGCGAAGC	0
GTGGAATCCTACTGATGCAA	0
GACCAAAGGCGCAAATGTTG	0
AAGTATGGAACAATGTAAAC	0
ATGCTGTATAGATGTGAGTG	0
AAACGTAGTACACTATTTAC	0
GTTGACCATGTGCCTTAAGA	0
CGCGTTGACGCTGATGACGG	0
CCGCACGCGTCTACCACGCA	0
AGTGTACCAACATATGGCAA	0
TATACAACGCGCTCTTCCCC	0
ACTATTAGTGGTTTGGGTAT	0
ATGCATAGAAGGGAGGTTTG	0
TAGACTATCAGTGTCTACAA	0
ATCCTCTAGCTGAACTGTAG	0
TTCTATTGCCGCACATTGCG	0
TTGCAGAAGGTGCCTTCCAC	0
GAGAATTCCTTACTGCACTC	0
CAATCCGTGATGCCTGCACA	0
ATGGCATTGACCAGATTTGG	0
ATGGATTTCGTTACGAGAAA	0
AAAGAACGATTACCACCGTC	0
AAATGAAACCGCGGTCGAGG	0
GACTGCCGGACGTTTTAGAA	0
GATGTCATCGAGGTTTATCA	0
CTGACTGCGAGCTATTGTAA	0
GTGCAGTACACCCAAGTAAG	0
GCGCATGGGTCGCGATCAGT	0
CCGCCTCTGCCCACCACCCT	0
GGACTGTTGTAGTCTGTTCC	0
TGCTAAAGACGAGCGGTAAA	0
AGTTGAACTATGGGAAAGGG	0
CAATGCTTGAGGAACTGCAA	0
CGATATCGCTATTAGCCCTC	0
CGGCAGCCGACCGGCGGGGG	0
ACCTATGGGTGTTCTGATGC	0
GAGAATGCTCGCGTTCCACT	0
GCATAGTATCAGCTGTGTGC	0
TAAAAACGCTAGGGCGTTAA	0
ACATTAATAATCAACCCCTT	0
GCTTCCAGACATAGTGATAC	0
GTATCTGGGAAAACCTATCT	0
TGTTGAGAAAATAGGGCGAT	0
CGAGACCCATGCCCACTGCT	0
TACAATGCAATCAAATCAGC	0
TGGCAGGGGTAGGAATGTTA	0
CAATCAATAGGATCTGAGAC	0
TACAAAGCAGCCATCGACCC	0
TGCCCAATTGAATCGGGAAG	0
GCGCTAGCCGCTTAACAATA	0
GATCCGATGTTACACTCTAT	0
GCCACTACCTATTATAGCAA	0
TAGTAACACACCGGTCATCC	0
GAGTTAAGCTCCACCCACGC	0
CCTGACGAAGACCAAGACCA	0
ATATGAGCTGCTAGTATAGT	0
GGTCACCACAATGTATCACC	0
ATAGAGTAGAATGTAATTAT	0
TTATCAGGTCGAAGTGGTGA	0
AAAGCTCAAAGGCGGAAACG	0
CACCCCCACATCCCGTCCCT	0
TTTTGCTTGTCGCCTTATCT	0
GTCCTTCAATGGTGCCAGCG	0
ACCTTAATCTCTGCCGCAGT	0
ATATGATGCATAATAATATT	0
AAAGACCCAACTCGCAGTGA	0
TCGATAACGTATCTTATACA	0
GCATCGGAGTACAAGCCCAC	0
AGGATATTGAACCAGCGAGC	0
GCGTACATTAAAAGGCCGAC	0
TTAGGTATCAGGGAATAGGT	0
CTTATGCATAAGAAGTAAGA	0
CGTCCGCTCTACCTGAATTA	0
CTCCACGGTTGTGTGCAATT	0
AGACTAGATAAACCAAAGCA	0
GCGCACCTAAGTGCGTAACG	0
AATTGTGACCTAACCATTAC	0
GACTGCTATCAGAATCCCCA	0
ATGACACCCGACCTCCCACT	0
GTCGCATCCATGTGCGATAT	0
CCCCAGTAAGCCTGCTCCTA	0
ACCAGGGGCCCAACTTCGTG	0
CAAAAGCGTGTACATAAGCA	0
TATTTGATGAGCTCGATTCC	0
TATCATACATGGGTTCCACT	0
CGTCGAACATTATCCAAGCC	0
TACGACTGAAGACTGTGAGG	0
TCAATCCTAGTCTTAGATAC	0
CATGGCAGGTCGTTCTGAAA	0
GGACGCGAGCCCAAAAGCCG	0
AGGTTCTGAATCCAAGGCAT	0
ACAGCGGACAAGATATACTT	0
TTCGTATGTCTCCCTTGCCA	0
ACTTTTACAACTAATCAGGC	0
GACGTAGCAGACATTGATCA	0
TGAAGCAAATAGCCCGACAC	0
CACTCTCTTGCCCCCCACGC	0
AACCCCAGTCTCCCGCGTTC	0
AAGGCTTGGCGTAGTTTGTG	0
CGTCATAGGCCGTGACTTAA	0
TCGCATTTCTTAGGGCCGAG	0
GAGTCGGACGACGCGTCCGC	0
TGGGAATCGAATTATCGTTA	0
AGACAAAGTTCATAGCGCTG	0
TCGGTATGCTGACACTGAAG	0
ACAGTCATATGGTTACTATT	0
CCTGCTCAAGTAATGAATTG	0
CTCCCCCAACCGGGCTTCCA	0
AAACAGGAGTAAATGGCGAT	0
ACAATCCCTACCCCTCCCCA	0
TCACCCGTTGAGCACCCACC	0
TAATCGACGCTTTATACACA	0
TCGAACGAAAGTGACGCTCT	0
TAACCTCAGATAAGTTCCTC	0
ACCCTACGGTGCAAGAAGTG	0
GACTCACTCAGCACCTAAGA	0
GGAAGACATGGTGTCAGGCA	0
CCGCACTGTAAGAGTGAGAA	0
CTGGTCTTAAACAAGGGGAC	0
AAAGTGACGCTCCCTAAGGG	0
CCTAATACATACAATGATTT	0
TGAAGGCCCTACAAGAACAC	0
CGCTTTACGGACTACAAACG	0
GAACATAGCTGTAAGGCAGC	0
TTATTTGCTAGAGTTTGTTA	0
CCGCCAGGAAGGTTTTCAGA	0
TATACCTTCTCCAGGACACC	0
ACAACGTGACAAGCAAAGGG	0
AGTGAGCAGTAATGCATATG	0
GCCACGAGTTCGCATACCTC	0
CATGACCAGAGACCATACAA	0
TAGACCTACAGCAAGATCTC	0
AAGGAAAGTCAGAAGCCTTC	0
CAATCTAGAATCATGTCTAT	0
GTGATATGATGACCCTAACT	0
CAGGGCACATAGTGCTAATC	0
AGAAGAGATTATTCAACATA	0
GGGCCGGAATCCGTCTTGCG	0
GACGTCTTACCGGAAAGATT	0
ACCGTCCAACTATGACCCCT	0
TGACGCCCCTGCATCCAAAT	0
AGACATTTGTACACTGTCAC	0
ATAGTAATTATTGGTGAAAA	0
TACACCGGGAACTGAGAAAC	0
CGAGATTTATAGAGAGGCCG	0
TATTTTAAGCTTGACCTCCC	0
CCATGCATGTGCCGGTTGGT	0
ATAAATGGGTCGCTCTAGCT	0
TGCAACCCGTCGATGCAGCT	0
CCCGTCTTACAAATACTCAA	0
TGGTAAACATCTGGTATGGA	0
GCAGTGACGACGGTAACATT	0
CCTCAATGCATGATCAGATT	0
GTGCTGTCACAAACGTATCC	0
AGGTTGTACTGATGTTTGCA	0
CCTACCACAACCCTGCCCAC	0
GGGTTCTGCCGGGATGCAAA	0
TTGCACTCACCAGTTTTGTT	0
TGTTCCCCGCGACCAAAAAC	0
AAGCTAGTTAATCATCCTTA	0
AAACCGTTTAACAGACTTAG	0
TTATACCACAGAGTACGGCG	0
ATATCTCATTCGGGTCAAAT	0
TTTTAAAAAGCGATGAAAAC	0
TGTCGAGCGTACGCCAAAGA	0
GCTACAGCTCCTCTCTTGCA	0
CCATGGGCAAATTGTTCTAA	0
GACAGAAGTCACTGGGCGAA	0
GCCGCCACACTCGCTTGATT	0
CAACGCTAGTCGACGAAAAC	0
CCATGTGATATGAAAATAAG	0
CCATTGACACATGTTATCGA	0
GGTACAAACACACCCCTAGT	0
TAATAGACTAACATATAACA	0
ACTGACGAACACAAGTATTC	0
TAAGATCGTTAAAGGGCTGA	0
GGACATTTTCAACTCACCGA	0
TGTTACTTTGTTTGTGAAAT	0
CTATTTGTAAAAACATTGAG	0
ACATCGTTGCGTCAATATAA	0
TTCAAACAACAATACTCAGA	0
ACCTAGCGACAACTATGACT	0
ACAGACAAAGCAAATTAGGA	0
TAGGGGTGCGATACACATAC	0
GTTACCAATACATTGATTAC	0
ATCAGCACAAGCAAGCAAAC	0
GGCAGAGACTAGCATGGTAG	0
GGTCCAGGCTGCTGTTTTCG	0
AGCCCTATTGCTTACAAGGC	0
ACACAATCCCCTAATAATTG	0
GTACTTTACAAAACCTTCGA	0
GCGCTTTGAGCTATGGTAAC	0
GGTAAACGTAGGGAAAGGCA	0
AGGGACCAGGACCCTACCAT	0
GCATCCATGATGGAGACAAC	0
AGTGATAACCATGGTATCAC	0
GTAAGAGCGCGCAATACGCA	0
ACACACTTCGAAGATAGGCG	0
AGTCCTGTCGTGTATACGAG	0
CCCCAGTGAAACAATAAAAG	0
GGCCAATAAAGAGACGTAGC	0
TTACAGCGGTACGTCCTCGG	0
CACGTTGTAGTGCACGTCAT	0
AGCTGCCGTTCAACATGGAC	0
AGAAAAAGTTTTCCTTCCTC	0
TGAGCGAAGACCCACTGAGC	0
CCTACTTACGTTAGCCTCTG	0
TCACACAAGTTCACCTGTGA	0
GTCCTGTTCATCTATTGGTT	0
TATAAGCATCCATTACCTCC	0
TGAGTGTTGGTGATCCTCCT	0
ATTAGCTTCGAAATAATCAA	0
GCTGGAAATAGGTAATACAT	0
TAGCCATTGGCACAACTCAA	0
ATACGCATTATAAAAAATTA	0
GACGTACAGAATGGAATTCT	0
GCAAACAAGGGCCTGCGAGT	0
AAAAAGTGAGGGGCGTATCA	0
CGCTTGTACAATCATGAGCT	0
TGTAACGGCGACAAGCCAGA	0
ACTGAGACGGGTAGATCAGG	0
TGGAGAAGTCCTATGGATGT	0
TCACATGATCGAGCCTAGTG	0
AGTAAAAGTACTAAGTCCAA	0
ACCTTGCCGTGGTCGAACTA	0
ACCCAGCGATCACTATACCC	0
TTACGCATAATAGATGTGGC	0
GATGTCGAAGACTCATGGCC	0
AATAATCTACAGATCTTGTC	0
TAGGTATTGAAGGTAATAAT	0
CGATATGGGTAATAAATTAG	0
ACATGCGGTTTAGCATAGAT	0
ATAATGCACGCGCAGTATGA	0
ATTTTCGACGACTGTAAAAA	0
AAAATACCACTGTCAGCGAT	0
GATTGATCTAGTTTCAATCA	0
GACTTATAAACAGCGAAGAC	0
AGGGAGCCTTAGCTGTTAAA	0
GCTCGTATCGAGACCGCTAA	0
AGTAACTTGAAAACGATTAA	0
ATATGCGAAAACTGGAGACG	0
CTAGACACACGATACGGCAC	0
TACCTGCTGTGCAAACGCTA	0
ATCCTAAGCACCCATAGTAA	0
AGTACAGGGCAAGTGAAGGG	0
GTAAACTGGAACCACCGAAT	0
CGGATAAGGCCTACCTGACA	0
AAGTGAAATGATCCGGCTGA	0
AGTTGTCGGTACGTGATAAT	0
CTTCCTCGGACTTCAATCAC	0
AGAAGCGGTACAAGAGCATA	0
ACCACGCCCCAGTACCGCCA	0
TGATGGGGCACCCTTAAATG	0
TTGTCATGACGTGAATAATG	0
ATCAGCAGAAGACTTAACAA	0
CAAGATTAGATGACGCAGAA	0
ATCTCGCCAAGCTTGCAAAG	0
TTCTGGTACCGACCCCCGTC	0
CTTGATCCCCGGACCTCAGC	0
CCCGGGGCGACATCTGTACT	0
GCGTTGCGAAGTAGACTTTA	0
CTTGCTGAACCCAAGGGCAG	0
TAACATACCAAACGAACCGC	0
TATGGGACGGCTTACTGGCG	0
TAGGCTGCGGCAGTGGGCGC	0
TATCGAGATATACCAGACTC	0
AGGTGGGCTACCGCCCAATA	0
ATTGTCATGGATTAGAAGTG	0
AACTTAATACTGAAGAAAAA	0
CAAGGCTTGTCCTTTTGTAA	0
CCGACATGGCCCCACTTGGC	0
ATCTTGTATCCACTCACCTT	0
CCATATGATGGCTGCCTGAC	0
ACGTTCCGGGCATGTTTAAA	0
GCTATTTAGTCACTTATGTT	0
GCCAGTCGCCTATAGACGCT	0
AACTGCTAGGCACGAAGAGC	0
AAAACGGAAATTCTTGTACA	0
TGGAGAATAACAACCACCAC	0
TCACACACGGTCCTTCTTCA	0
CGAAAAACTTACTCGTAACA	0
GTGTATACTGAAGCGGAAAC	0
GCCTGACTCCCGTAGTCCGA	0
CCTTGACAGTGGTACCTATG	0
ATACAGGGTGGATTGTAATT	0
CCATTAACAATTGCTTCTTA	0
ATACCTGTTTTCAATGTCTT	0
GCCTGTAAAGTTAGGTGCTC	0
GTCAGGGGCGCGTACAGAAG	0
TAGTCCCGGTGTACGCGCTG	0
CTAGCGAAACAGACCCGTAC	0
TTCATGTGCAAAAGCATTGA	0
CGTTCACTCAAGTAAGTTTG	0
ATACCCGGGTGCAATCGTTG	0
AATCACACAAGTTCCAGACC	0
CATTGGTTACTGGGTTAACA	0
GACACGCAAACCCGAAAAAA	0
AACGGTGGGGGACTTGTCCT	0
GGGTATGCATGGACCGTCCA	0
ACCACTTCAGTCACCGTGCC	0
AGGATAGCAGACGGTACAAC	0
GGGAATATGGGCAAGATCTC	0
AAACGGTCCCACTAACCCCT	0
ATCGACGCCCTAGATGGATG	0
AATACCCTAATGTGGCTGCC	0
TAGGACGCAAACTGGAGGAC	0
TATAAAACTTCGATTTTACG	0
ATTATTACTGCACCATTGCC	0
GTGAAGATATGACATTGTAC	0
GCTAGTTACTGCTAGGCTAG	0
AAAAAAATGCTACTCAAATA	0
AGCCTAAGTCACCGGAACTC	0
ATATAGAAGTGGCATGCAAC	0
TGTATAGCAACCTGGAATGA	0
ACATAACACGCAGTAAATAA	0
TACTGGTTACTACCTGAAAG	0
CCCATCCTGACTTTGCTCGG	0
ACCGTCACGACGCAATTGCA	0
CAATTTTACGATTGTTAATC	0
CCCGAAGCTGATATGTTTAG	0
CCAAACATTACACCTGACTG	0
ACTCCATAGATAGACAAGCA	0
GGACCTTAAAGGAAGAATGG	0
TAGGGATGGGGTTCGAGGGC	0
GGACCAAACGCACCGAGGCG	0
GAATCGGCGACGGTTCCCGT	0
AAGCCTACAGCTAAAAACTT	0
GTAGACGGGCTTAAAAGAGG	0
CCAAACTACGAGTATCACTG	0
TGTACCAACCACCGATGTCC	0
GATAGCATTAAGCTCTAACC	0
CGATAATACATGCTTAGGCC	0
AAAAAAGGGCATCGAAACTG	0
GTATTCCGGGGAATTTCTTT	0
GAGACGTGAAACGAGAACCT	0
ACTGGAATAAATTCGCAACG	0
TACGCTATAAAATTTTTTTA	0
AGCACAATTCATGCCTCTGT	0
TCTAGGCAATGCAAGGTTAA	0
AGCTACCAACTGAATATGAT	0
CACTATTTGCCCGCTCAGAC	0
ATCGAGACCCGTGGTCTAAA	0
CGATCCTAGAAATACATCCC	0
CCATACTTTGGGCACAACAG	0
GCGAAAGAGAAACAACCGTA	0
ACTTACACGCAATAATAATT	0
ACTTAACGTCTACCGTACAA	0
TAACGTAAGAGTTACAAAGA	0
GGGATAACTTTCCGGATCGC	0
GAATGCACTCAAATTTGGAG	0
AAGTCTTAAAGTCTAGCTTG	0
GACTAAGGAATCGACCTCAC	0
CTCAAACGTATAATCGTAAG	0
ACATTGTGCGTGGCCCTGAG	0
TTGGAGCCTTCAGTTTGAAC	0
ACAGTGCGGGGCTTCTTCCT	0
AATCTGGGAAGAACTCCGTA	0
AGACCTACTCCCTGACATAT	0
GTAGCATAAATCTGACATGC	0
ACTTAAACACAGCAATCAGC	0
ACGCATTGCAAAGGCACCAG	0
ACCACCACGCGCAAACGAGC	0
ACGAAATATAATCGGGAAGT	0
GTAGTTGATATACAATCCAC	0
GCTTATGCGCGAATACCACG	0
CCTAAATAGCGTACCCCGTC	0
GTATACCATGAAAGCTCGGC	0
TGTATCAAACTTAATCTTGG	0
TAGGAGTTGCAGGGTCAAGT	0
GCAGCCTCAATTCGTTTGAA	0
CATGAGGACATACACACGCG	0
GCAGATAGTTAGATTTGAGA	0
ATGCTGCCAGTCATGACGCC	0
CGGAAGATAAAGTTTTATTA	0
CAATGACCGGAACCGGTTGC	0
TCCACCTGGCAATCACCTAT	0
GCGCAGGACACTTAGCCATC	0
AAACAAGACACCGCGTCCTC	0
ATAACGCCAGCTGAACGACT	0
GTCTTCTAGTACATAAGAGA	0
CCAACAGGATCCACATGTTG	0
TCCCATAACCTCCCGGTTAA	0
TTTCAGAACACCTAGGATTG	0
CACGACATACATTCGATGCC	0
TCGAACCCCTCGCTACTCCC	0
TTGAGATATAGAATATTGCT	0
AATGCAATAACGAACACCTG	0
GAGGGTGAGGCAAGGGTGGA	0
CGAGTATACCACGCTCTGCG	0
CCGATTACACCGCCAATGTC	0
TATGTGCCCAAACACCCAGC	0
TAACAGCAGAGAGATAGTAA	0
GTTTCTTGAAGCGCTCATCA	0
ACAAGTTATACAGTTCCAGC	0
GCTCCTATTAGGCCGTAATA	0
GTAACTGGCTTCAGTACTCC	0
ACGTTTGACGATAAATCCGC	0
AATTAAGAGTTATGAAACCA	0
CGTCTTAGCAGTCAGTCCAA	0
GAGCCACCCAGACGTACCAC	0
AACCTAGCTCCATATCTGTG	0
ACTGGCGGAAAAATCGAGCT	0
ACGTAAACACTTCCCTAGCT	0
ACAATTTACCTTTCGCTCAT	0
TGACTGCGACACAGCCCCAT	0
GAAGAACTCAAAGTCTGCAC	0
TTTTCCCATGTTAGCGCACC	0
TCAAGGTCGACACTAGCACA	0
ATCCAGCCTAAACACGGCCC	0
CCAAGAGATTATGCCAAAAC	0
GAGCTTAGCCGCGCCCCTGG	0
TCTGAGACAAATCACTAATA	0
TACCATTCCCGGCACGACTG	0
GTATAAATTCAAGAGCCTAA	0
CCAGAACCCTGACCCAGTCC	0
TGATACATTGTACAGTAACT	0
CCTGTTATGCCGTCAGTTAC	0
TGAACAGAAGTTGACCCTTC	0
TGCTTCACGAAACAAGATAG	0
TACAATAGGCATGCGCAGCA	0
AAGACCTAACACAATCAGTT	0
CTCTTTTAGTATAATGGTAC	0
AAGCAGAGGTAAACCCTATA	0
GGCCATTAACAGTAATGAGT	0
GGAAATGAATAACACGACGT	0
ATTGACGTTACGAGTTATAG	0
AGTTAAATCCGAACACCCAA	0
TAAAAAAGATGCAAGATAAT	0
TTGTACTTCGTAGAACCGTA	0
ACGAGATAATTTCCGCATTG	0
ATCGACCCAACACAGGTGAG	0
TCGTGCGCGGAACGTGAATC	0
CAAGTAGATAAAAGTAAGTG	0
TAAGCACTAATATATGCGTC	0
CTATAGTAGTTTCAAATTAC	0
CGCGGACGGCTCGGCTTCCT	0
TCCGGCACAGCCGAACATCC	0
TAATCAAAGTTGTCTGGATG	0
AAAAGTCAAGAACCGGCTTA	0
TCCTAATCCCGCGGCCGACG	0
TATCGCTGTAACTAGGACGA	0
TACCCTGGTGGTGAGTTAAT	0
AGATAGTACAAAGTGCTCCG	0
ATGTTAGCAACGGTGTGCTT	0
ACGTTTCACACATCGCTAAA	0
CTTCAGTTAGAAGACGCGCG	0
GACTTAACCCTACGAGAGAG	0
TGCGATCAGTCGCGGCAGTG	0
TAACATCCACTCACGTTAAC	0
ATTTACCCTGCCCATATTTG	0
TTGTGCGCGTTAAATTGGGC	0
ACATAAAGCATGGCCCTAAC	0
CGGACGCGCCGCCCTGCTCA	0
AGAAAACATCCATGGTAATC	0
TATACACATAAAGCAAGCCA	0
CTTACCCGAGGGTGGAGATC	0
TCTTCTTTTCCTATAGGGGT	0
GAGCATATAGTGCATGCGTG	0
TACGCGTATGCGTCACGATC	0
TGAACGGAAAAAATAAGATT	0
TAGGCAACTTAAACGCTGAG	0
CAGCAGCATATGTGAATCTT	0
GCTGACTCGTCGGAGCATAT	0
GGTATAGCGAGTGCTTGATA	0
ACCGATCAACCTATCACAGT	0
TTTAGACGCCTCCCTGCACA	0
TAACATCATACAACACTGCA	0
CTATAGGAATTAGATCCAGC	0
GAAAAAACATCGTATGACGC	0
TATTATCTCTACCGTAAGAT	0
CACGCTCTTAGAATTCCTCC	0
CGGAATCGCTTACCAGAACC	0
ACACATACTTCCGAGAACCG	0
GCTCGACTGTTGTAGCCCAG	0
AAACACAAAGAAAAAAATAG	0
ATGTGAATACATCAAAATCT	0
CACAGCCAGCCCTTTATATC	0
TCCATTCGCTGACAATCTAA	0
ATCAGAAGGGCTGTTTCAAA	0
GCCACGGCCCTGCCACATTC	0
TTCAAAGCACCAAGATGCCA	0
CAATCGGCGCCATCCTAAAA	0
GCTCCTCATCATCCCGACTC	0
CTTTGCAAAAAAGTGTTCCT	0
AACCTTAAGTTCGATGACAC	0
GACGAATACGATATAACTTG	0
ACTGTTCAACCCCGACTGGA	0
ATGAGCACAAAAATACCAAT	0
GAGCCCGGGTTCAATCACCT	0
GCGGACATGAGGACCTACGA	0
CCCAGGTTAAATGAGTTTCC	0
GCGAGTGCAGGGTATAAAAT	0
TGAATTACGTACGATTCCTG	0
AGCTGGACAAGACTACACAA	0
GTCATACTAAAATCTTTGCG	0
CTGTATATAAGAGTACCCAC	0
GCACTCCGACTATCGGATTG	0
AAATTACCCACAGTTTCAAA	0
ATCTTAAAGGGAAGATTCAC	0
CAAGCATGTTTACTGGCACA	0
ATTGTTGGCCCCCGCGCACA	0
AATTGGAACCAAGAGCCTAA	0
GAGCAAACTATCCATTGCGG	0
TAAGTTCCCGGTTACCTGTT	0
CCAGGTTCTCGATCGGTTCC	0
TTTGTTACTTGTCCGATTGC	0
GACGCAAATACCCAACTAAC	0
TACAAAGAGCACCACGAACC	0
CACCTTGCAGCTATGGCCGC	0
GTACAACAGGGGCCACCACA	0
ACTTGAGGGGACAAACCCGC	0
GAACTTATACTCACGAGGGC	0
GCGCGATCTAGAACTCATTT	0
ACCAACTACTTCTCCCGCGG	0
TGAAATCATTCACAAACGTG	0
TAACCCTACATATTGTTGCA	0
AACAGTTTGATTCCCAAAAT	0
TAATGGCCGCCCTCCTGGAT	0
TTTTGATGGAGCAATCAAGA	0
AGCGTACTGCGCGCAAAGCG	0
AAATCAAACTAGATACCAAA	0
AATCGCGTTGAATGAGGGGT	0
ACGTGTGGGAATGAGGAAAG	0
TGGAAATAAACTAATTCACA	0
ACCAATGCAATTAGATTGTT	0
TATTTGTTCCGTACCACTGC	0
CACCTCCAGGTCAAGCCAAA	0
TTTCCATCACCGCGAAACCC	0
ATCGTTAGGACCGTTGCCCC	0
AAAAACTAAAAGTGGTAAGC	0
CTAAGGCCAGATATACAGTT	0
CAAAAAGATTCATATTGAAT	0
TTTGATGTAATTAGTGTGTA	0
AAGCAAATGAGAATGCTACC	0
GCCGACCCCGACAGCGCTGC	0
CGTATGAGCCTAGCTCATGA	0
AACACCCTCCTATACAGGGC	0
TTTTATACAGGCCTTTGCGC	0
CCTACGCTATAAGTCATATC	0
TTACTGGACGCTCCACGCGT	0
CCCTTCCTCCCGGTCACAAG	0
GAGCATAATGAGAATTGCAG	0
GCTTTGACATGCTTAAGGCG	0
TGAACCCAAATGATACGTTG	0
ATCCTAATTTGCAGTCGACG	0
TACTCGTACTTGAAAGGGAC	0
AGCTGATAAATTAGAGGGAA	0
TGCGTACACCACCACATCCC	0
CCATGATGGGCTATCTTCCG	0
AATGGATGGAAGCAAGTGCA	0
GTTGACGAGCCACGGCATCA	0
TGTGACAATTTAGTAGTCTA	0
GGTCTAGCCATTAAGCCCAG	0
CAGCATGACACATTTGGGAG	0
AAAGCCTTGACAATGGTCGC	0
TTTTAGCTACCAACCCCATC	0
GGAACTCACTACAGTCACGC	0
CGATTGTCGCTTTAGCTTTC	0
AAAAGTTATGAAGACCCATG	0
AGCAAATGTTATAACTCTCG	0
TACATACCCCGTCGCAGCCC	0
GATTTAAACAAAAACCAAGG	0
CCGTGCAGCAAGACACCTTG	0
ATTTTAGGAGTGTGGTACGC	0
GCGGATCATTCAAGGACGGC	0
ACCGGCAGACATTCACCTAT	0
CCTTAATGAAATCGCACTAT	0
GAAGTCCCGGCTCTGATTGC	0
ATTACTAAAGCTCCACCATG	0
CTACTAGCCCAATCTTCAGA	0
GAACGTGGAGCAAACTTTAA	0
AATTGCCAAAAAAATGGATG	0
ACGAGATGAGTGTTGCAGCT	0
GTGGCCAGGCATATAAACCA	0
TACTAATCTTGCCGAGGAGC	0
GAATTGCGCCTCGGGCCTAG	0
TGACACTAACTGAACTTTTG	0
ACGTAATCCTCGCGATGCAA	0
TTCAAACCGGATTCAAATCC	0
AATTTCGCATTACGCGCCCG	0
GTACGTCGAGAGTCCTTGTG	0
AATCATTTGTATATTAGCGT	0
AGAAGGCGGCAATACAAGAT	0
TACAGTAGCCTACGCTTATC	0
ATCTGACACATGAGTTGGAA	0
TTGACGCGTTAATGACAGCT	0
ATATAGGCTTCGAGCAAGAA	0
GTTGTGGATGCGTCCCCACG	0
TAAAACGAAGTACAAAAAAA	0
GGTTGTATGACATCTTGATG	0
AAAAGAATGCGTCCTGTGCC	0
CGCCAGGCACACCCCCCATG	0
ACTAATACAGGCAGAACACC	0
GATGAAAGGCACATGGAGAG	0
CTCATATATTTTGATGAATA	0
AAAGATATTTGCGATAATTT	0
GAACGGTACAGCTAGGATGC	0
GAGAGGCAGTATGGCCAACA	0
TTTAGGGGCTCCTATGGCAA	0
TACCACACCCTGGTGCTCCG	0
ACACCTATCGCACCAACTCA	0
AAAAGGAATACCTGTCAAGG	0
TGCTCAACCAGTCCTTAATG	0
ATCCACTCAACAGAGGCTAT	0
TTTGGAGAATCTACAAGTGA	0
TACTAGAACTTGACATCGAG	0
TTACGCAATGCATAATCGCA	0
ATATGATAATCATCCTCAGC	0
GTAGAAAATATACCGCCCTT	0
TTTTCAACCGAGTCCCGAGC	0
TGCTATTCTAAATCAGTACA	0
GATCAGCAACAACGCAATTG	0
ATCCCATAGATAGAAAAAGG	0
AAAAATCCCCCTGACACTAC	0
GTACGGGATCTGCACGCGGT	0
TTGTTTCCATTGTTAGTAGA	0
TATCACCGAAGGTGAATTAT	0
GACAGAGTTTTGTAGACTCG	0
GTAGACCCAGTCCACAAGTC	0
ATAATTTTAAGCAGCGAACA	0
GATGGGAGCACATCCAAACA	0
GCACTACTTTGATGATCTAT	0
TCAACGAACTCAATCTATAG	0
AATAGCGGATTCTCCCATTA	0
GTCGAGAGTACTAGACTCAC	0
CAACAAAAGCGAAAGTTTCA	0
CTACAAGGTATACCTTCTCA	0
TCACAAACATATGAGGTAAA	0
CTAAGACACGCCTTCAACGA	0
AAGACAAATTGCCTAAATGC	0
ACCGTTATACAGATAAACTG	0
GATTCGTTGCCGAACCAGCG	0
ATGGAGTGACTGGTAACAAA	0
TAAAGCGGAGATATCTATAA	0
CCACACATGATATATGTTTA	0
AGAGGATGAAGCCCGAGTAG	0
CAGGCGGTCTGCAAATTTAC	0
AACAGCCCCTCAGAAACTAG	0
TGCGTTCCTACGAATCGTGA	0
AAACCTCAAGGAAACATATT	0
ATTTAACGAACACATGAATT	0
CCAGGACTGTGCTAGTATCC	0
GCTGGATGTGACGCAAGACA	0
TCATATCAGCTGGGCCTCAT	0
GGCCCACCCAAACCCGCTTC	0
TAGCCACCGCGCTACTGTAC	0
ATGCAAAAAAGATTTCCACC	0
CTTTATACCACACAATGTCC	0
ATGACTACCTTACAGGATCC	0
GCATTACCCGGCTAATTTGC	0
TTTCAAATGAACAGTTTGCG	0
TAACATGCTAGGGGAGAGAC	0
TCATACTCGTGCCCATTTGG	0
ATCGAGTTTTAGACCCCTGA	0
CCTCCCTCGAAACACAACTG	0
CCCTTTAACTTCCAGGAGAG	0
AAACGTACCCGAATTCAAGT	0
AAGTGTACCGCAAGGCTACA	0
AAGCACTCAAAGGGCGGTGC	0
TCGGGGTATTGAAAGTGACT	0
AGCGAGTAGGACGCTAGACA	0
GATCATTATGAACCTATAGC	0
GCACTGCGGAAGCTTTTAAC	0
TACGCGAGGGGGCGCAACTA	0
ACCCATGAGCTGTAAGACGG	0
AAACTACGAACGCCCAAACT	0
AAGGAATCATAAAAAAAGAT	0
CCCTCTTAGACAAAGCACAG	0
TTACCGCAAGGAATTGCTGA	0
TTGTGATTTATATACAACGA	0
CGTTTCATCACCTTCCAGCC	0
ACTTGTCAACTATACACAAC	0
GCGGGCTTACGCCTCCCGCC	0
ACCGCTTTTAAGGCTCGTAC	0
CAGGACAGCTTTTATCAGCC	0
AGGCTAACCGCGCGGTCAGT	0
GCTGCTCCCGACCTGACACA	0
GATCACAAATATATAGCTGT	0
AGCACGCCGACACCAGGGAA	0
CCGATGACTTAATTCGGATA	0
TGACAGGAGATCATGTATGG	0
CGTGGAACGAGGTGGAGTTG	0
ACGAACCAAGATAACCAACC	0
AATTATGAGAATGTAGCCTG	0
CTGCAATGAACTCGCAAAAT	0
CATTTTAAATACCCGACCCG	0
AGACTAGTCAAGCCAAAATA	0
TGAAGGATTATTAATGTGGT	0
GGAATACTTTATTCGACTCG	0
GGGATACCTTATGTCAAAGG	0
CAATACCTGACCGAAAAGAC	0
AAACAGATATAGCCAGCGTA	0
CTAATACTATCAGCGATTGA	0
TGCCACCTGGCACGATCTAC	0
ACTAAGGAGGAATCTGCAGA	0
ACGTCGTCACTATTCTAAAT	0
TGTCGCAGTTGGACTAACTG	0
GCACGCAAACCTTCGAATCG	0
GGGCTCCGGAATATAATGAG	0
CGACACGGCGAGCATGCTTG	0
TCGGCCATTATACACTGCCA	0
GTTTCATTTCTACAAGTCTA	0
TTTGCTCGTTCTCTTCCCCA	0
GCCCACGCTGCCTCACCAGC	0
TACTATTTCCCAGCCCCTCC	0
GTAAATACGTTCCGTTAGTG	0
AACCTGCTACAATGCGGCGC	0
CACCCGCTTGGCCACAACTG	0
TAAGCTTGCTTACTTCTGCC	0
TGTGGTATTGCCACCGCCGT	0
GTGACCCACACCGTTTCCGG	0
CACCCTTCTGAAAGTCACTC	0
CACTCCTGCAAGCTCTACTC	0
TGAAGGTCTAGCCCGGCTCG	0
CGTCGTACACAATCCCTGGG	0
TGCTCGTGTGGAAATTTCGT	0
AAATCACCCCAAACGACCCA	0
TAATAATTATCTATTAAACA	0
TATAGCCATACCTCGTAAGG	0
AACGAGGCTCTGACATGACT	0
TGACAGGCCGTGCTGAAGGC	0
GAAAGGCCGATGAGCCGCTA	0
TTATCACAGGACATTGAAAG	0
AAGCCGAACCATACCACAGG	0
ATTGACGCTAAAACAATAAT	0
TTGAAACGGATGAGACAAAG	0
AGGGCTGCACGCGGTAGGAC	0
ACTAAGATAAGGGAATTACC	0
GCCATCAGCTTGCCGGATAC	0
TTACACTCGCGTCTCAGGAT	0
TTGTATCCTTCGGATAATGA	0
TGCTCATCAGAGACGATCCC	0
ACAATATCATGTCAGTTTCT	0
TAGTGTATGGACTTGGATAC	0
TAGGTCAACGAATATACGTT	0
AGACTGAGGTAGTCCGGAAA	0
TATCTCCGAAGGAGTTCGCT	0
TCATAGAGTTGTGCGAATTG	0
ATCTCAGATCATGAAGTGTG	0
GAGATCAAATCGTTATAGCG	0
TGATGCTACCGCACCCCCTC	0
TGATATGCAGGACGAAACAG	0
GGTGTTGACCTATCTATATG	0
GGCCTACGATGGGAAGGGGT	0
TCCACCACTTGCATACGCTA	0
CACTGCCAAGTCCCGTACCA	0
AACTTGCCTGTCAGGATACT	0
GAGTATTGAGACCTTAGTCC	0
GGATAATAACTTGGAGACCC	0
TGCCGTAAGCAACTTGAGCC	0
ACGTGCATCCCACGCGCGCC	0
AATAGAGGGGCTTTTCCAAG	0
CTCCGTGGTACCCCGGGAAG	0
TCCACGTCATATCAAAGTAC	0
GTAGACGAAATGCGTCAAAT	0
GCGACCCAAAAAAACAACGA	0
GAATACTACCCACAAGGCCG	0
TCCCCATTGCACTGCTCACT	0
ACGTGCACTTTACTCAAAGT	0
CTCCTGATACGAAGCGTAAG	0
CAGCTGGACTTGTCTACGGG	0
GCGATCTCGGTCACATTTTT	0
ACAAACCGTTGTCGCCAGGA	0
ATACCGGAGACATTCATCCG	0
GAAAAGAACTCTATAAGATC	0
GACAGAAGAATATCGGAATC	0
GCTAAGTAACCCTTACATAC	0
AATTAGAGATTATGACTTGC	0
TCAAGGTCCTAAGCACAACC	0
ACTGACACAATGTCTAGGCA	0
TTAAGATTCTAAACTACGCG	0
ATATCACACATTATAACAAG	0
TAACATACGGCCCGCAGGAT	0
TCGCCTCAGAGGCGCGAAGT	0
AACAGCTGTGCCTTCGTCCA	0
TTCTGTTTCTCCAGATGGTA	0
TGTCCAAAATCATATATACT	0
GCGCCCCTCAAGAACCACCG	0
AGAGAAGTGCCAAAATTTCA	0
GTTAAAAACGTTCCATACCT	0
CTAGTAACTATCGTCCACAC	0
GACCCCTGACCATACTTTTA	0
TATAAAAGGCAAACGCTTCC	0
AAGACAACAAATCAGGCTGT	0
TAAGGGTCATAAATCTTGCT	0
CTGTGTTACCTCGGTGGGTA	0
TGGGATGATTCCATTGCCTT	0
AGCTGAAACGATGTATCGCG	0
TCCGACCCCCTGCGTACCGC	0
GACCTGTATGAAGAGCTGCG	0
TACTCGTACGAAACAAACAT	0
CTCGGGTTATTGGGACTCCC	0
TAAGATTACCAGAAGTCACC	0
CCTGACGACGAAACATCCAC	0
AGACTTTGCGCCACGCCACT	0
ATTAGCAATGCTGGGTCCGG	0
GAAAATACTAATTTGCCCGT	0
TCAAGATGGCGTTTCATTCG	0
GGCTATCGAAACGGGTAGGA	0
GAGGTCGATGACCGGATGAA	0
ATAAGCTAGCCCACTTTTGG	0
CAAATCCAGATAAAGCCTAA	0
CCATATTGCGGAATAATACC	0
GTCTTGGTTGCCCAAAAATT	0
ATTGTTACTGGGACGCACAC	0
GCCCCCCCATACTTACCGTG	0
AACAGACAACCATAACTCAA	0
ATGCGCATGTCGATTCTCGA	0
TGCGTAAGTTAATACAGTCC	0
ATCGGGATGACAGTTCACAC	0
TAGACATACAGAGGCATTCC	0
GTGGCAGCCTGACTACCAAC	0
AGGGGAAACTGAACAAAGTT	0
AGATAAGTCATCCTCGACGT	0
AGTCTATTAGTTAGTTGATC	0
ACTTAAAGCCAACTTCAGAA	0
AAGGATTGACGTGCCGTCGT	0
GATTACAACAAAACGCACTG	0
TACCAACAAGGAACGTTACT	0
GGAAGGCCCGTAGCCCTACC	0
TAGTATTCTGTAGGCGGAAC	0
TTGCGTTGCACACCAAACCG	0
TAACTGTTGTAAAAAGACCG	0
AAATCCAAACGTGAATCTTT	0
ACTAACGAGCAGAGTGGTAA	0
CAATAACGCTTGGAGAGACA	0
CACGCTTGACCAGGCCCTCT	0
TGCGATCCATTAAAGACAGC	0
AAAGCCGACAGGGAGGGTTT	0
CAAAGAGCGTGAGCCAGTAT	0
GACCTAGTTTACCAACCAGC	0
GCCGCTCTGGACAATACTTA	0
CGCGGCAATTAAAGCGTAGC	0
CTGCTTCGGCACGGTTGATA	0
GGAGAATTGCAACTTCAACT	0
ATTGGTCAAAGTTAACATGC	0
GAATGTTATGTTAGACTCGA	0
GCAAGGATATTACCGAAATG	0
AAAACCGAGCGACACCGTAC	0
GCATGTTAAATACTGCCCGT	0
AAAGTCCCCACCTAGCTGGC	0
AAAGCCTACCTCAAAGGAAG	0
GAAACACAACAAAGCTCCAA	0
AGTCAGGATTATAGTATGGG	0
TAAAGTAAATTGAAGAAGGA	0
GTCCAGCAAACCCCACTTTG	0
AGGACAATCTAGTCTCAAAA	0
TAAGGTGATGCACTGAAATA	0
CATTCGTGTACCCTCGCTAG	0
TAACCATCCCTATACCACTG	0
GTGCACCAGGCAAATCACAC	0
TGTTCTAGGGCAATATAGTC	0
AGGCACGAGGGTTCATATAC	0
AACGCGTAATTTAAATTACA	0
AATACCTTAAGATGACCAGC	0
CATGAGTCATCCTTTATTTG	0
CTCGTCCTAAAACCAGCGAC	0
ACGTGCCATTTATGGCCAAA	0
TTTAACATACATTCACCGGC	0
GACAATTTACAACCATTCTC	0
AAAGCCTGTGGACGACCCAG	0
CGAATAGTTCGCTGGGCAAC	0
ACACTGTAAAATGGATATAC	0
CTGCCATATATCGTAAAATA	0
TTGCCTTAATACACTAGATG	0
GATTCGAGGCACCCATATTG	0
ACGTGCCGGTGACAAATAAC	0
GGCGAATACATTTTCAGATC	0
TGACACACCTAACAACCGGT	0
CTCACATGTAAACAAGGACA	0
CACGAATATACATGCCCCAG	0
AGTCCCAATAGCATCTAAGC	0
ACAATCCCGTCTGGCCAACC	0
GGGTATAAAGTGCCATGCGC	0
ACAGTGCGGCCTGGTTGAAC	0
ATAAGGAGTTGACTATGCCT	0
AAAGAGTTGCGTAATGTTCG	0
GTAATATGACCTCATAACGA	0
TAAGCGATGGAGATTGATGG	0
TCGGTTACAGGCTGCTCGCC	0
CGATAAATAAACAAAACTAC	0
CACATAACCATAGGCTACCT	0
CCTAAAGGAGGGGGTTGAGT	0
ACAATCTACACACAGGACCA	0
GCTAAAAACCCACAGAGATT	0
AAGGGACAAGTTTTTCAGCA	0
CAGAGACCGTATCATTGTAA	0
TCAAATGAAACCAAGATGAG	0
CTCGCACCAGAATTTCCCAC	0
GTAGCTGTACAGCCCTTAAG	0
TCAATCAAAATACATTTAGT	0
TTTTCTTCATCCGGTCCCTA	0
AAACCTTTATTTGTATGTTC	0
GTCCTTTATGCACGAGAGCG	0
GCACACACCGTCGGAAGTAC	0
GCGTGAGTAACCGCATCGAA	0
AGACTCCTACCGCTTGTAAG	0
GCGCGACCATGCCAATAGCA	0
GGTCCCTATTAAATTCAACC	0
GAAAATAGATACAGTACGTT	0
TATTAATCGTAATCTGGCAT	0
AGAAAGCTGCTCAGAACTAC	0
AGGATTGCGAACTACCATTG	0
GTCGAGGCGTGAACCATGGC	0
AGCCAAATATGCTGCGCACT	0
GCTGAATAGTGAGTTCCCTA	0
GCCCACAGATACAAGGGCCT	0
GAGGAGACCCCCTGTTGTAC	0
TAATCATAAATACGTAGCTA	0
CTCGAACGATGGAGTTACAT	0
GGACGCAAAGGCCTCCGCAA	0
CTGAAAGACAATGTTCCCAC	0
TCAGCCAGCGATAAGTTAGG	0
GCACACGACAGATAGAAAAT	0
CGATGCACAGTACTCGATTG	0
AGCATTATTTCCTTTCGTGT	0
GCTGATCTACTGGGGTAAGT	0
CGTTCGCCCTCGTTCAGGCC	0
GGTTACCAGATAGCAGTTAA	0
ATTGAGTATAAACGAACATC	0
CGCAGCCCCGTCCACCGACC	0
ATGGCATATGAAGCAGAGAG	0
CCAATTGGTGGAGACCGCAG	0
TAGACATTTTTAAAAAATGC	0
TCGCTTTAACACTGATGATT	0
ATACCGGGGGACCAGCTACT	0
TACTCCCCCTCATAAATAGT	0
TATCCTTAAGCTCGCAGCAA	0
GTTGTAAAAAAATTTGGAGA	0
TGGTGGCGTGGCGATGCAAC	0
CCGGTCTCGATTGGACCTTT	0
TCGCTCGAGAGATCAGGGCC	0
CGTCGTCAACGCGTGAGGGA	0
CGGCCTGTGACCTTTTAGCA	0
TGACAGTCAAGACTTATTCT	0
ACGAGAAGTGTTACTCTGAG	0
AGCCAAGCTCCGGGAGACAA	0
CTAGCCTGTCCTCTAAGTTC	0
CTTGATATTCAACGAAGCCT	0
TAGAAGGTGAGCACAGCATT	0
TATTAGAATAATAGACGTCC	0
TTCTCAATCACAAACTATAT	0
CGAAGGCATAGCCTGAGAAC	0
AAGTATGGAATGTCCATTCG	0
ACTGGAACTGACAGCCCAAC	0
GAAGCGAGCAGGTCGTGAAG	0
AGTCCATTAAGGAATCTCTC	0
GCTCATTATTCAAACCACTG	0
GAGTCCTTGGGAGATACAAT	0
CCAATCCCACCGTTCCTCGA	0
GGGCGAAAGAGATTTTGGTA	0
GAGAGTATTAAATCCATTGC	0
TGCAATTACACCACCCCACT	0
GACTTTTGATCATCCATCGG	0
GCTTGGTGAGAACATATAGT	0
TGCACACGCACTCTAACCGT	0
CGGTGTACGAGCAACGCACG	0
TAGTGCCTGGTCCGCCGCAA	0
AAAAGTGGAGGATCTACTGC	0
TGCACGAGGGAGCTTCCCGA	0
GAAGCATATAAGCCATGATC	0
GAGAATAACTTCTAGCTTTC	0
AATGTCTGATTCTGCTTGAA	0
AATGCCCAGCGGGTCACTAG	0
AACAAAGTTCCACCCAGACG	0
GCGTATTCCACCAACCATAA	0
GTATATCTATTACCCTTGTC	0
CGTCGCGCTGTTGGGCTTTG	0
TCGGTGAACGGGCTAGTAAG	0
AAAATTTCAACGTATGAGCT	0
TAATTCGTAAGATGCAGCAC	0
GGAACTAGACCTGTGGATAG	0
AGAAGTTGTGGGCTTGCGTC	0
CTATAGCGCATGGGGTACTG	0
CTGTTTAAACCGGGACAAAC	0
GTTGTGCTGCATATATTGGC	0
ATACAAATGACCCAGCCGGG	0
GTCTGAAAGTCCTTTTTGTT	0
TAACAACGCGCGCAAGACAC	0
AAAGGACATTAAGGTATAAC	0
GTGCATCGCCCCTGCTATAT	0
ACAGACTTAGTGAGTTATAA	0
ACCATAGGCAAACAACATTA	0
ATCCTAAATCTGACCAATCC	0
TGCTCTGAAGCATCTTACGA	0
TGATACGAAATAAGTTAAAC	0
TGAATTTGAAATTAGCTATT	0
AATTAATTTTTTAGGACGCT	0
AGTATTAAGCGGAAATGACA	0
TGGAGCACAAAGGGACGAGA	0
CAAAAAAGAAAGTATACGCT	0
CCGGACCGTACGTAGGAACT	0
AGTACTGCAACACAAGCCCT	0
GTGATGGGAGGGTATAAACT	0
GTTTCACGTGAAACCCCTCC	0
ACGCGAGGACTTGACCGACG	0
AAGAAATGGCGCGTTAAAGA	0
TAGCGACAAATACTTTTAGA	0
TTTACGCATAGAACCAATTC	0
GGCCCCTGACTCTGTTAAGC	0
CCTAGAAGCAAGGAGACGCG	0
GTGCCTGGATAGCATTTTAG	0
TCGTACCCTTGGTATGGGCG	0
ATTAGGGATGTGGGCTGCGG	0
GACACCAATTGAAACCAAAA	0
AGTTGAAAGCTAACGAGTTC	0
GAAACACCAAGTTACGAATG	0
CTTGACGATTTTAACAGACG	0
GCAAAGATAGAATCTCGGGC	0
TAATGAAAAGGATAGGGGAG	0
TTCCACTTCTGCAAGAACTG	0
AAGAAAGATGTAGTACATCC	0
GTGGTCATCATACCTATGCC	0
TGTTATCAACACCGGATAAC	0
TGGCCCGGTTTGTTGAAGGC	0
CAAACTTTACGATCAACGCG	0
GATCTTGTAGAATTACATCG	0
AAATTGAACGCTCCGCCCTG	0
ATATCTCACACATGTCATAT	0
AGGACACCACGAAAAATTAG	0
AGCATAATGAGATTCGGTAG	0
AAAATGCAGCCATAAGACAC	0
TCTTGATATAGATGTAACAG	0
TTGATAACACTAGAGTGAAA	0
TTATGGGTGCCGGTTACGCA	0
TATAGCTTAGAAAGGTCGGA	0
TTTTTTAGGGCATCTACTCA	0
AGTACCACACCCTTGGCTTA	0
TCTAAAATAGGAGCGCTAAT	0
TTATGATAAACCGGCAGATC	0
TATTGCCTCCATTTAAAGTG	0
CAGGATTAAGGTCGAGGGCT	0
GCGTCTGATACTATATACAG	0
ACGTAAAAAAGAAAAGGACT	0
AACGAGTAGAAGATTGGTCT	0
GGGGTACGTATAAAAACACT	0
GCCACTCTGCTTGAGGACCC	0
GCTGTAGGCTCGACGCCACT	0
GCTACGGTTTGATGAGGTAT	0
AAGAGTCAAAAGTAGCAACC	0
AACCTAACACATACCTTATG	0
AGTTGACGCATAGCTTCACG	0
AAGGCTCGCTCCCCCACCTC	0
CTTAAAAAGGATCATCTATG	0
ATGTGCGAAACCACGGACAA	0
AAACGAAGAATCGCCTGTCC	0
CACGTTGCTTGGATTATTAG	0
TACTGATTTAAATTAAGTTA	0
GTGACACTGGGGAAAAAATT	0
AACCCTATGTAAGGGAGAGA	0
TGGGACAATAGAAACATACC	0
GAAATCAAGGGAAATTGAGT	0
CCATTAGAATCAACCACCGC	0
AAGCAAATCATGGGTTATGC	0
GTATATAACAAACAGGAGAA	0
ACGCATCAACGGGTTAACAC	0
AAACATTCAGGGGCGGGCAC	0
GCACACAGATCATGCGGACA	0
TAAATTTCGCCTCCTACGCT	0
ATATATGCAGCGGCTTTAGC	0
CCGGTCATGGCCCCTCGGGC	0
GGACCGTTTGTGAAAGGCTA	0
GCGGAATGTTGCAGAGAGCT	0
CCAGGTAACATTCGTGGTAA	0
AATGCCCGCACCCTTAGAGC	0
GAACGCTTCTCCCATGGCAG	0
AAGCTACGATATCCAATTCC	0
TTTACCTAGTCGATAAACTA	0
TTTTTCGGCTCGTAAAATAG	0
CTTGACTGTTCAACTGATAC	0
GCTAATGTGATCACGGGCTG	0
CGTGAGTAATATTATGTCGG	0
ACCTCCTAGACCCTGAAGCT	0
CCAATGTGCACAGGATATTG	0
TCACTGAACCTATCTGGGTT	0
ACGTTAACTTAAAGTTCGCT	0
AAAGACGCGAAATGCTAGGT	0
ATTGGTACGTACCTTTAACC	0
TCAAGTGACCTTTCAGCCCT	0
TATAACCGGGGTCCTACCTG	0
ATCATGATTATACTGAGAAT	0
TGCCATGTTATAATTCACGC	0
TCTAAGTATGTGCAGTGTAA	0
ATGAAGGTGATAAAGAATCT	0
ACGTTCAACAGAACAGCCGC	0
CTTGGAGCAGTTCCCTCCAA	0
TAGGACGAAACCCATTTGCG	0
TGCAACTATAGAAACGTACG	0
TTCTAAACGGAACTTGGCCT	0
AGCTACATGATCATGTATCA	0
CTACCGTTGAGTTATGTGAC	0
TAAAGATGAGATCACCTACC	0
GGGCGGCGAGGTCCTAATGG	0
GCCTACCCCCAATCTAATGC	0
GAGTAACTCATCAACCAAAA	0
CAAAATGATGCGACTCTGTC	0
ATATATGATAAGGTGGGATT	0
CAGTGCTTCAACAGCATGCA	0
AATGCACTAGTGCATATCAA	0
GCAAGCATTGGATCTGTAGT	0
TTTCCCTCACCCTCGCGATA	0
ACATAACAAGCCTAACTAAC	0
AGATGCCCGTGAATATCTTA	0
TGTATAACGGTCCAGATTGA	0
CTACCAGTCAGGGGATAGGG	0
GGTCGTTAGATGTACCACTT	0
TTGATCTTGTAGGCATAATT	0
AACTGATGGTGGACCTTTCA	0
CAGCTCAACCAGATATTACC	0
GCCGGCGTGTTAGGTCTGAA	0
GAGGGGACAAATGCGCAATA	0
TGGAAGCTGTAACTCCTACC	0
GCACAAGCTACATGTCCACG	0
GTGAGAGTATGTTTAAATGC	0
TCGTAAAATGTAGGTGTGTC	0
AGGTTACGCCTACGACCAAA	0
GCGACATAAGCAAATATTTG	0
GTCCCAATAACGTCGGCTGC	0
CGTAATTCGTTCCCCCGCAT	0
GTAGACTGCAAATGTTCCCA	0
TACTGAATTAGCCACTGCCA	0
GCAATATAAGAATCGTTCCT	0
GCAACCATTCCAACGAATTA	0
TCAATAGCCAATGCCTTCCT	0
GGATGGAACCTCCGAATATA	0
ACCTAATTAAGAGAGTATGG	0
GATCAACGAGAAAAGTCTGC	0
GGCGTAATATACTTCAAAAA	0
TACTCCGCTTCGTGTTTCAA	0
AAGTTACAGGCTTCACCCTG	0
GTTACGGCGCACAGCAATTT	0
TCGATATTCGCGTGCAACAA	0
GGTGGCGGATTTTTTATTCA	0
ACTGAATAACACTGTGACTA	0
AACGGCCGAAAACCATGCAT	0
CGCCAAAGACGAGGATTCTG	0
TGAATTCAGACCGAGGAAGG	0
TCTACAACCCGAGACAAAGC	0
TGTCGAAGCTACGTTACTGC	0
AGGACTCCACGCTGATAGGG	0
CTGACGAACGAAAAAGAAAC	0
AAAAAATCTAGTGCAGGTGT	0
ATGCCATCCGGGTGGCAAGA	0
TGAATCAATATGTAGAAGAC	0
TTTCGGCCCCTACGACCTAA	0
AGGAACCGACGAACTAATCA	0
AGCGTTACACTACCGGGACG	0
ATTGCCAATGAACATGTGAC	0
GATCTATACATACCCAGGAG	0
AGCGGAAAAAGGGAATGAAA	0
CAAACAGAAAGATCCTCTCA	0
TTCGACCCTATCGAGCGTAC	0
GAGAAGCCTACAACGCGAAT	0
CCGCCTTGACTTGCCAAAAG	0
TGATGGAGATATGGCACGCT	0
AAAGCGAGGAGCTAACGAAA	0
TTCCCATCGTCACACGAAGC	0
GCTGAGTGGACATAGCCACT	0
GCATGCAAACAATGACTGAA	0
TAGTTAAGTTCTGGCGTGAG	0
AACATTGTCCCTTCTAGTGA	0
AGTCAGGCGGGGGTGCAATT	0
CTAGGTCCCCTATCCACGTA	0
TCTGCCACTATTCATCACCC	0
ACGCATGACCTCGTTCTCCG	0
GTTCTTAAGCGCAAACCAGA	0
CCGTGGCTCGATATACGGAG	0
GATCGCTGTGATCCGGTTTT	0
AAATCCAATTTACGACCTTA	0
CATGCCGGAGCGTCCAGACT	0
AAGGCAGTAAAATTGCGGAA	0
AACAGCCTGAACTGCTACAA	0
AGCTAGTATAGTTCCCTTAA	0
ATGTTCCTCACCAGTGCGAA	0
CGACCAGGTTCTTTCCGACT	0
AGACACCGATATACAAGGTA	0
CCGACCGATCGCACAATGGC	0
AAAACTTATATATTCCATTT	0
TCCCAGGTGACACAATGATT	0
GAAAACATTGATTATCGATG	0
CAATGATAGAAAAATTGGAT	0
GCCGAAAGAAAGCCCCCCGC	0
TCCCAAGGCGGGTGATAACG	0
GTGTGAGGGCCACGTAATCA	0
TCTCCAAATTCAGGATTTGC	0
ACGTTCCCGTTCAGCCTGCC	0
AGGCTATAATCGACACTACT	0
TTCCGATTGACATGCCGGCG	0
CAAGACCTAATTATCGTGTG	0
TCCGAGAGAACGCTAGTAGC	0
CTACACGATAGGGTTGACAT	0
GAGCTAACTCGCACCAAAGG	0
TGGTCTGGACTGAAGAGAAA	0
CCAGTGTGTACTTTAGAAAG	0
AAATTAACAAACAGAACAGC	0
CCTTCGAAAGATAAACTGTC	0
GTAAACAAAAAATATAGGTC	0
CTGTGCGTGAATAGCCCCCT	0
AGAGGTATAAAATAAGACCA	0
ACACTCAGCATGTATAAGGC	0
CAACGTTCTCGTCAACTCCA	0
ACACGTTCACCGGACGGTTC	0
AGCTGCGTATGGTCAAAGAC	0
CGCAAGCACGTGATGCAAGA	0
TGGGCATTGTCTTCAATCGC	0
ATAGTGCACGTCACACGTGA	0
AAGAAAATCGACGTCGACGC	0
AAAGCGCGATATCGCTCTGC	0
AAGTATGATCCTGGCGACGA	0
CTAAAACCGATCCTTTCCTC	0
GTGAAGGCAGTGGCAAAAGT	0
AATCACCCGCCTCGTTAAGC	0
TGTGGGCAGAGCATCAGGGC	0
ACAAATGCAACGTTCAAATG	0
TTCCATGAGGACGATGCACT	0
GCGTTGACAAGTTACTGACC	0
AGTGATCTAAATCGCGCACG	0
AAAGTCCTATAAAAACAGAG	0
GCTCTTATCAGAACTAAGCT	0
CGATTCCATCTGGGTACCGG	0
TAGCATTAGCAGCGGAGAAG	0
CCTTCTCAATTACGTAGAGC	0
ATGAGAATGAAAGAGTTTCT	0
TACCTCACGGAACTGTAGCA	0
TAAGAAAAAACCTGCCCCCC	0
GAAGGACAACGGGGCCAACA	0
CAGACCATACAGGAGCGCCG	0
GGGATTTAATATCAGCCAGA	0
CAGCACCCCCCAACAATACC	0
GAACAAGTTATGCACATTTT	0
CATGGAGACATCTGTCGGAG	0
ACTAACACCCGTTGATTGAA	0
ATTTTGCATAAGCAATAACT	0
GCCTATATCAAAGTTGCCTT	0
TAACGTAGATTCATCCGATT	0
TCTAGGACCACCATAGAGCC	0
CACGCCCGTATGGTTAAACA	0
ACGCTATAACGTGAGAAGTC	0
ACTTACCTACATATGACCTC	0
CGCTAATTCATCGCGACAAG	0
GATAAAACCCTCCACGCCCA	0
CAATAATCTAACTTTAATAC	0
AATATTGGCAAGCTACGAAC	0
CATCATCGCCACCATCGTGA	0
CGGGGGGGGCGTTGTCAGAG	0
ACATAAATCGGAAGTTGAAC	0
TGTGCCCACCGGCTTGAGAC	0
CCGTTCCGGATAACAGAAAC	0
GCGATTACATGCCCTTTTAC	0
ACACAAAAAACCGTTGAATA	0
AACCACGCCCCAACCTGCAG	0
GTATAATAGAGCAGATCACC	0
GCAGCATAAAGACACTTTCG	0
TATTTACTACCTGAAAGTGC	0
TAATTTTCACACCACTAGTC	0
AAATCAGCCGCCTTGGCTAG	0
GTTAGACGAAACGCAAGCGC	0
GTAAACTAACTCCGGCCAGC	0
TAGCGCGGATCGTCATTCAA	0
TCAGTTCTGCCACAACACTC	0
TCACAAAGTCACGCATACGC	0
ACGATCGAGCGAAAAGCCAC	0
ACTAGCTAGCAGTTTTCAAA	0
ATTTGTAGATCCGAATTAAC	0
TCCATCATGCGCTAAACTCC	0
TTGCGCATTCCGGTTTCACG	0
CCCTTTAAGTAAAACGAGCG	0
CAGGATTAAGGCCACGGATG	0
CCTTCAGATCGAGAATGAAA	0
AGTCACCACTTTTGGAGAAA	0
ATGGCACTATTGTCGCAATC	0
TCTCCCGGGAGCATCAAGCC	0
TCCCGTGCTTAAATTGAACG	0
GGAACCACCATACCCCGAGA	0
TTTTCGGTTACTATTGGTAT	0
CTTTGTCGGTGACTTTAAGT	0
TCATCCGACCGGAGCATCCC	0
CCAAACTGCACGCAACCGAA	0
GGAACAACGTATGATCACAG	0
TGCGAAATCAAAGGTGCACC	0
GTTGAGTCACGGGAGCGACA	0
CATTACACTCACCGGCGTTA	0
AATGACATCCTAGCACGCCC	0
TTGATTATAGTGCAGGGTCT	0
AGAAAAGATGTTTGTCAACA	0
TTCTGGAACCTAACCCAAAG	0
AACTCCTGCAAATCCTTGTC	0
CGGTGTGGGCTTTTTAATAA	0
GTATGGAACAAGAGTCGAAC	0
CTGTCGCTACCTCTAATAAA	0
TGTACTGAAACCTCGTAAAA	0
TTGTCATAGCTCAGCCCAAT	0
TCCAGCGGAGCAACAAGCCC	0
TATTGGATCAGAGCACCCAT	0
AACTCTCGCGCTACGATAAT	0
TGCTGTAATGTAAGGCCCCA	0
TATAACCGCGACCACCGACA	0
TCCCCGTCAGTCTTCCCAGC	0
TCAAGATAATGACGTGGACA	0
GAACCTGGAGTTAGCGACAA	0
ATCCACAACGCTGTGGAGTT	0
GATGCTACCGAAATATAAAG	0
AACTGTAACGAAATTATCTA	0
TTAGACATGTTATGCATGGA	0
GAACTATACGCACCAATTCA	0
TGTTCTGGATGAACCTGCTG	0
CTTTAAATGGTGAAAAACAT	0
GAATGTACTCTAAGTGACAT	0
TAGTGATATAATCTCATTAA	0
ACCACCCATACACAACTTTT	0
CCAGGAAGAGTCCCCAGTCC	0
AAAGCTAACTATTACTATAC	0
TCATGGTCTGGGCAGCCGCA	0
AACGAAGGTATATATTGACC	0
CTCTTACTCGTAATACATGC	0
GCGGAGCACCTCAAACACCG	0
CGTCACTGAAAAATCACCTT	0
ACGTTTAAAGTTCCCAGAAC	0
TTTTCTGATGTACGTGCAAC	0
AAGGGCGTGCTTCGCCAAGC	0
TTAAACTCGAAAAAGAATAA	0
CATGGGACACTGTAAAAAGG	0
CGGTATATGGAGGTGAAAGA	0
GGGTGATTAAGGTGTAAGTA	0
CAAACGCAACAATCCTAACC	0
GATTTCAACCTCCCCGCGTC	0
CTACCCCTTATGATACACCC	0
ACAGTGGATAAAAACAGTAA	0
ATATAGATTGCAGAGACTTT	0
CTACTAATAATTGTTATATA	0
TTAAGTTCAAGATTCGCCAT	0
AAGTTAAGCATACGTAGAAA	0
CACCCAAAACGAAGGTGAGC	0
TATCATCGGCTCAAAAGGTC	0
CACAGTAGGCCATTGGCTTA	0
GCATATGGCCTACCCCGAAA	0
CCCTTACCGCGACAAGTGTC	0
ACTATCAAAGTGATGGGTTG	0
CATGTTTGAGCATAATGACC	0
TGCAACCCTGGGTGATATCT	0
TAAGTTTCCGTTGACTGTTT	0
GCTTAGCTACGCATCGTCCT	0
CTCTTAAGTGGTGAACACAT	0
AGTTCATTGCCTCTCTCCCA	0
TGCAGCAGATCCCTCAGTAT	0
TTCGAATTCACACTTTAGTT	0
TAGACACTATAGAGTACATG	0
GACGCTGCTACAGACCGTTC	0
CCGATATCTAGACCTTCGGT	0
CCCGATATTAATATTTCGCT	0
CCTAGACAAACTAGACTAAT	0
CAACTATAAGGAATTAGAGA	0
AAAGATAAACTAGTTGCCCG	0
TTACTCCAGGCGAGAATCAA	0
CAAGGCTAAAGTCCACACAT	0
TTGGCACGTGCAACTGTATT	0
GCGTAAATGCTTCCCTTCGC	0
CCGGACAAGAACCTCGGCGT	0
GCGAAGGACTTGAGGTCAGA	0
AACGAGTCCACGCCGATCTT	0
AGTGCATGTTGGCATAAAAA	0
CCAATTAAGATGGCATCATT	0
CTAGGAAAACACTACAGCTC	0
TAACTTCGATTAAAGCCCGG	0
AACCATCTCAGATGCCAAGA	0
TGGTCAGCGATTTACTGTTA	0
TTGTTCTGAAAATAGACTAC	0
CCAACGTGTCCAGCCCTGCC	0
CAACACGTATCATGAAATGC	0
GCCTTTCGCGTGGACAACTG	0
ACGACAACGTGGTACACACA	0
GCTCGCTATTTGAGTGTCAG	0
ACGATTTTGAACAGGGAACG	0
GCACGCGATACAACATTCTG	0
TCATAAAACAAAACGGTGCC	0
CGATGAATCATCCACAATCT	0
GTTCAGGATAAAGTGTTAGT	0
AAAGCTGTCTCGTCCCTCCA	0
ACCCAAGTACAAGTTCCTTG	0
GATTGTGAAGTCATGAAACA	0
GCATCTAAAGCCCGATCCAC	0
TTATAATCCTGCTCTAATAT	0
ACTATGCGTACAAGCTTAGG	0
CGCAACGTAGAAAAACCTCT	0
CCCCCTATCCATTTTGTAAT	0
AGCATGCTTGCGTTAAAGAC	0
AACATCCGCGTGCCTCATCC	0
TGTTGAGTTCGATTAGCGGA	0
AGTAAACCTACCAAGCCTAC	0
AATGAGCGATACAGATTTGA	0
TAATGTAAGCATACGGTTCA	0
CATGTCGCAATTCCCTTCTA	0
TGAAGATAGCACCACAGTCT	0
GTTAGACAAGGCGTATCGGA	0
AACTCCTCCCAAACCTCACA	0
GTTGACCACTCGTGTTCACC	0
ACGGTTCGAAGAGATTAAAA	0
GCAATTGTATGTTGGTAAGG	0
GATACTACATATGGTAGGAC	0
ATATGGCACTACTTCCCGTA	0
AGAGGTCTCAAATATAAGCT	0
AATTTGTCGAACAACCTACA	0
CACCGTATGGTGAGCGTTCC	0
TAATCAACACTTTATCAAGC	0
ATAACAGAAATCATAAATGT	0
AAAGGTGGATAATTAAGAAG	0
ACACACATCCAGCCGATGTA	0
TTCGGACGGAAGCCTTAGAC	0
CTTGTCGATGGGAGTGAGAG	0
AGACAAGTCTAATATAGAAA	0
AAGGTGTACCTATTTCCACA	0
GAGAATTATGTCTATAATAC	0
GCAACGGTTTATCGCTAACC	0
ATGAATTAAGCTTAGATAAA	0
TCGGAGAACTGCTTGAAATA	0
CTTTATCTGAACAGTGGCTT	0
AAGAAGTATCCGTGCTTGAA	0
ACGAAATTCCTGACCCAAAG	0
CACGTGCGAAAAAACAGATA	0
AGTCGTGACACCGGTCCGAT	0
AATGTTATCGTTCCAAATCC	0
ACATCGCCGAATTCAATGTC	0
AAGTGACGCGACTTGAACCT	0
GACCGCTACCACTCTTGAAC	0
ATTGGAGAATCAGGACTAAC	0
TGCCAAAGATTAATATGGAC	0
TCCAGGTTCTACACTTGCGT	0
ATCTATTTAGATAGTATATG	0
ATAAAGATACGCTGCAGCCC	0
GGATCCAGGCACTGAGGTGC	0
TTGTGTATGCAGCTACTACT	0
AGCTGAACCTTCTTCCATGA	0
CACGTTATATTGCGGGAAAG	0
TGCCCCTGGCTTTATGAAGT	0
TACCGTGAAGTAAAGAACCC	0
GAGAATTACGTGGGGACAGG	0
GAGGTGATAAAGGATTGGTG	0
ATTAAAGTAGCACAAGATGC	0
CCGTGCCTAAAATGCCCCCT	0
TCTCGTCCCCGATAGTGGTT	0
AGCTATCACAGACTTCTGTA	0
AACTAAAGCAGCATGCTCCC	0
TGCTAACTCAGATATACGTG	0
TGCTACCATGTAAGTTTTCT	0
TGATTATGGAGGGGACTAAA	0
GGATGCTGGGCCGACACCGC	0
TCCTACGCGACACGGATAGC	0
GAACACTTGTATACAGTTAT	0
AGAGCATCACCTCGCGAAAC	0
CAGAGGCTCAACAGTGCCAT	0
GTACCCTATTCGATACTTCG	0
TACATGGCTAGGTATGCACG	0
TTGGGTTCATCAATACATAA	0
AATTACCGCACAGTTGCTGT	0
CATTGGAAAACGAACCCGTG	0
ACCTGTAACCCGCGTATATG	0
ATGCAGGAAGCTCGAGAGTG	0
AGGCACTTAATGGCTCGACA	0
ATGATGCCAAGCGAATCTTA	0
ATTGTACTGGATGTGAGGTT	0
TCCCATCCCCAATCAAATCC	0
ATGAGATGCCTCTTCGACCA	0
AATAAGAGTTGATGGATGTG	0
GAGGCGTATTGTACAACGCG	0
TTCTACGAGATGATTGACAA	0
AGGACCAGTGACCCCGAGAA	0
AAATACGCGCGAGCAGGTCG	0
TGAACAGCTTACCCATGCGG	0
GTCAACGTGGCACATTAGGG	0
TGTATCCAACCCTCATGCTA	0
GCGCCTCCACACAACGTTAC	0
GGGCACCATGGCACCCTCGC	0
TACAACTCACTCCGCTGCAC	0
AAGTTGTATCTTACTTCCCA	0
TATCCTAATGCTCTATGAGT	0
AAAGTCCGTTGTGCACTACC	0
GCTCCTTTTCACGCCACAGT	0
ATAGCACTATCCTACGAGCA	0
ATTAGTCGAACGCTTTATTG	0
CTGAACGCTAATGTAAGCCG	0
CAGATAAAATTACTCGATTA	0
TACACAACTCCGCCCAACCA	0
GCACTAGCACACAACTGAAC	0
AGGCTAAATTTTCCGCATAA	0
AACGTCAGTCTCGCAGAGCG	0
AGAATAGTACTTGAAAGTGA	0
CCTTTGGAGTACTTTCAAAG	0
TTGCAGTCTACGATTATACG	0
CCGCATCTAAACTAGTTTGA	0
CAGCCCAGAGTAGTAGTACC	0
TAAATGACCCCTACAGAAGT	0
TCTGATAGCTACGCTGTAAA	0
AACGGGCAGTGAAAATGATG	0
GGATTCCGTGAATGAACAAT	0
ACCAAATATACCTTACTTAA	0
TCAGAATCTGGCGAAAAAAA	0
GCCTTAGCCCTTGGAACAAT	0
ACATCATGCTTACAGCGATC	0
ACCGGCCTCCAATGTCTAAC	0
CGCACCATTCATAAAGGGTG	0
CAGGTAAGTGCATATTAACC	0
GGCGATCACGCGGTAATGTG	0
ACTCGTACGCCACAATAGAC	0
CGGTCTTGTACGAACCACAA	0
CCACACACAACCCTGCGAAA	0
CTACACGAAAATGTCCTTAA	0
TCCGGGCACGTTTGCTATGA	0
GCAGAACCCAATGTCATTAC	0
AAGCGCTCTATGAATTGGAC	0
GCCGTCACATGTGCTCCGAA	0
GATTCCTAGCAAGTAGTAAG	0
ATTCAGACGATCCGTACACC	0
TTGAATATATGGGCTACTGC	0
AACTTCAATGAGCAGTCACC	0
ACTGCTCACTCCCTCAGCAG	0
CCCCACTACCGTTCCAGTTC	0
GTCGTGTGATCGATAGTAAC	0
AGCATGGCAGGTCGTGTAAC	0
ATCATAAACGAAACAGAAGT	0
CGAAATCGCTCCCATTTTCT	0
TAAGCTGTCAGTCAATTCTC	0
ATGCACGAGCCTACCAACCC	0
GTGCGTCGTTTCTCCAAAGC	0
TTTCATTTAGCAGAGCGAGC	0
CGTACTAAAATGTGGATAAG	0
CCTATTTGAGACAAGCAAGA	0
ACGGTACCCTTTTACAGTAA	0
AGACCCAGCTTGGTTAGACA	0
AGAAAAGCACTAATTCGCCC	0
CCTGCGTAGCAGTTTCTGAA	0
AGCGACCGTCCGGCCCATTG	0
TTCTTCTTAGTAACAATGAA	0
CGCCCTCAGTCCTGGGCCAC	0
CCAAAGAATAAATCCGGAGG	0
CAGCAAAAAATCGGTGACGA	0
TATATATTGAAAAATACTGC	0
TGTAACTCCCTAATCGGGAG	0
CACTTAGGCGATGCTCCACA	0
GAAAACATTTTATCGTCGGT	0
AGTGAGCATTCGACAAGTCA	0
GAGCCTGGGGGGTTATTTGT	0
CAATAAATTTCCGAATCCCA	0
AGCGAACAAGTATGTAGTTT	0
TGCACGATTCCGGGTTACCT	0
TAACATATGATGAGACGACA	0
AGTTGGCTCGAACCATGGGT	0
CATTAAACCCAGCGCTAGGC	0
AGGACTATTGTGCTAATATT	0
CTTATCTGGCACTTCACCAC	0
GACCACTATGCCGCAGCGCT	0
AGTGGCTCAATCCGAAATCC	0
CTAACAGAGTTGATGCTTTC	0
ATACAATACCACCTTACTCC	0
CGGGTGAAAAAAACTAATGA	0
ATGATATCTAGGCAAGCCCC	0
AACAGGCATGTTCATATAGA	0
ACGGTAAGAGCAGCTTCCTC	0
TTAAACCGTCAAACGAAACG	0
GAAACAATACAAAACCTTAT	0
TACAGTAGTGCCAGGCGCAA	0
AACGTACTGGAAGTTAAGAC	0
TTTGTGTGCCTTCGAGGCTA	0
AGGGCAGCTAAGGCCGTAAG	0
TCGCGAGCCAATATAATGCC	0
TCCTTCTATATACTATAGCC	0
AGATGTTTAGAGCAAGAATT	0
ACGGAACACCAGCAAATGAC	0
AATTAAAATACACTTTAACC	0
AAAAAAACAAAATTGGACCT	0
CCTTGCCATGGTCACTGACG	0
TTCTATTAAGATAATGACGT	0
TACGTTAGGCTGTTGACTAC	0
GATTAGTACCCTTCAGGCGC	0
CGGAGCTGACAAGCAATTCT	0
TAATATGCGTACTGGCGTGT	0
GATATCCCCTATGGTAAAGA	0
ACAAGCAAGCACGAGCATCG	0
CTTTCAAAGCGTACAAAATG	0
AAAAAAATAGGTAAGTGTCT	0
ATTCATTTCCACCGCAAGAC	0
TGGGTTGCAATTTCTCCCTC	0
TGATGACAACCCTGTTGGCT	0
CAACGCCTCTAGAGACCCGC	0
CGAAGAACCTAGACTTCTGC	0
CGGGACAGAAATGTTGGCTC	0
ATACCGTACCTGAACTGCGG	0
GATGAGCATATCCAAATCTC	0
GTTATGAGAATGGAAATAGT	0
AGCGAGGTGAACCAGAAAAG	0
TAGGAACTTACGTATTCATC	0
GTAAATGGTACCATCAAACA	0
AGCAAGCCCTATTATCCATA	0
TAACTCTGCCGATTGACTTC	0
TTATATCAAAACTCAAGCCA	0
GAAATAGTTCATTGGTGATG	0
TCTTTAAGAAATGTGATCAA	0
GAACTGTCTTTTACTTACAG	0
CCGTTGTATACACTGGGCTA	0
GCGTGAAGACCGAGATGCAC	0
GGGGCGGATAAAAAGCAACT	0
GCTGGCACTTACTTCCTCAC	0
GGAGACGCTCCATTAGATCG	0
GATCGAACCCGAGAATAGTA	0
GCACTGCCGAACATAAATCG	0
AGGCAGGCTGGTACTAAATG	0
GCCCCGAGCTATGGTTGATT	0
TATCGGAGAGATCGCTAATC	0
ATGCATCAATCACCGCCCAC	0
TCTTCATTATCAAACGCATT	0
CAGCAGTCCACAACTGGTAG	0
ACTCGATCCATTAGATGACA	0
AGACGTCTCGACAAAGATAC	0
AATTGCCAAAAGGGCGACAG	0
GACGAAATAAAACGCCCAGA	0
CCTTGCTATCGATCGGTTAG	0
CAGGATGGCCTGCCCTTGAA	0
AGGAGATGTAACCCCAGCGT	0
TGTCGAGTGCAAGATTCCAG	0
TGAGAAGTGACCGGAAACCG	0
AATAAGTATAAGGGATCAAC	0
CATAACGTCACGAGCTAGTC	0
TATGATTTGCGCAAACTTTC	0
ACGGGTTATGAAACATCCCG	0
AGCCTCAGCCAAGACCCCCA	0
TGAAATTTCTACGATGCCCT	0
AACCTAATAAGCTTTACTAT	0
TTTATATGACCCACAACTCA	0
AGTTCAGTACGCCTAACCGA	0
AAGCTGCAGGAGCTCCTCAC	0
ACCTCGTAACCCAACGGCGG	0
TGACAAAGCGCTAGCACGAT	0
ACAAAACGCCAATCCCGGTA	0
TTAAGAGCGTGAAAGCACGG	0
AAACATCATACTGCAGCCGC	0
GTAAGAAGCGTGAAGAGATC	0
CTCAGCTTACATACGCAGCG	0
TTGTGCAGTTTTATTGCATC	0
TTTGTTTCTGCACAATAGAC	0
AATCTTAAGATAAAGCCCCC	0
TCACAGACATCGCTCCATTC	0
GAAAGGTCTTTACCTACATA	0
TGATCATTTGCTTCATAAAC	0
CTACACAACTAAAGGCTGAT	0
ACGGCCAGCTAGCGCATTGT	0
CTTCGAAGACAGTAGGGTGC	0
AGCTGTGCCTTACTTGTCAA	0
CGCAAAATTTGTAACGTCAA	0
CGCGCCTAATAACCCCCCAC	0
ACATAAAACCACTTGTGCGA	0
GGACAACGTATCTCCATACC	0
TAATGATGTGCTTCATACAA	0
GAGAAGTAAAAACGATAATA	0
ATGCGATGGCGTCAATAGCG	0
ACAGGCAGTACGATATCGTT	0
TCCCAAGATCACCGTGCGGA	0
AAGTTGTCTCATCGACACAA	0
CAGAATAATATTGATCACAC	0
ACTCGGCTAATTCCAAAGCT	0
CCAGTGGTCCTGAGTACAGT	0
TTGTTGCCCAATATATCTAT	0
TGAATCTCCTTTAGCGTTGT	0
CAAACGCATCATGATAGGCC	0
ACTTTTAATTCCGTCCAATT	0
CTGCCCCAAAGCTCAAAATG	0
ACCGATACTAGCTACCAATC	0
CCAAAGATTGTACTCGGGAA	0
TCGCGGGGCCACATAGCGAT	0
ATGATAATTCTCAATAGAAC	0
TAGGAAGAGCTACGCGAATA	0
GAACCGATGTCCCGTTTTTA	0
TCCGGTGCTAGGGAACCACA	0
GTTAACGATACCCTTTATGT	0
TGCCACCAGTCGATCCAATG	0
TCGCGTGACCACCCGCCGGC	0
AATTAGCCGTGGAGTGACTG	0
TGGGCCCGCCTCATTACTCC	0
AGCGCGCGGCACGCGTCGCG	0
CTAGAACGCGATGCTTCAGT	0
GTAGCCGTCCACTAATACAG	0
GCTCTAGGCGAAATGGTCCC	0
ATTTACGCATGGGTAGCTCA	0
CCCATCCCCGAACGGTTGCG	0
TGATTTGTTGATCGCTACCG	0
AAGACCATTCAACAAAGACT	0
AATCCGAAGAAACCGATACA	0
TTAAACGACATTTCTCGGCT	0
ATTAATATAACATTCATCAC	0
GTATAGATCATTCATGCAAT	0
GCCAATAGGACTACCCCCTA	0
GGGGTGTAGAGAGGGCTTGG	0
AACTAATAAAGCTATGTGCA	0
GAACGCACGATACTGAAGTT	0
TAGCTCCACACCTAAGACAT	0
TCCTCGACCTAGGCCCTATC	0
TATCTTTGAGAAGGACGCTT	0
TCACTGTAGGCAACACTGAC	0
AGGGGCGATGCGAGAGCATG	0
CAGATAAAAAATGCGGTACG	0
AGAAGTCGTTCAACCTCAAG	0
GCGGGACCCTGTGGGATTTG	0
GCACTGCGTACACGAACCTC	0
AAGCTTACACCCTCTAACGA	0
CGTGGAAAAGCAGCCTGTGC	0
CCAGTCATAAGCCAAGATTG	0
CAGAGTTGACACGCCAAATC	0
ACCAACGTCTCAAAATCGGA	0
AAAGACCGGTGCCATGTTTA	0
CTACGGTAAGCATCCATCCC	0
CTAACAACAAGATGACCCGA	0
AATGCATGCAATCCTATATC	0
CTACTGGCGTGAATGCTGTA	0
CGGTTGGACCTCATTTACTA	0
TGAGAATGGATAAAGCTAGT	0
CATCCTAGACGATCTCAATT	0
CTCTGGTACCAATTTAGCAC	0
ACGTCCAGAAGACTACGAAA	0
AAGTGGGCCTATACTATTGC	0
TGGCTGGGAAGTATCCATAT	0
ACGGCCATCCCTAACATATG	0
GGAGAGGCTTGGCGTTAATC	0
TCCTTGGGAAAAATGTCCCG	0
TACACTCAGCCGTAAGGGTA	0
GAGCTGTTATTAACACAATG	0
AGTTAGTAATTGAAAGAACT	0
TCAGTATATACGCAAACTCT	0
AATATTGTATTATTGCATAA	0
AGATCGACCTTGCGGACGTC	0
TCCTTAAAAAGGTGCACGAC	0
TACAGACGGAAACGCCCCAA	0
CTGAGTGGTCGCAATGGTGG	0
CATTACTGAATAAGTACCCC	0
AATTTAATGAATATTGAGCA	0
ACATGGCTAGAAGCCATAAG	0
ATCTTAATTGTCTGTTACCG	0
GCTGGAGCTAACCCCCGCAC	0
AATCCCTGACCCACTCAACT	0
GAATACACTATAGTCGTCCA	0
TGAAATTCTCTTAGCAATGA	0
TAGCCATGATTTACTAACGC	0
TACAATAACAGAATAAGATT	0
AAACTTACACAACAAGTACC	0
ATGAAGCACACGTTAATTTT	0
GAGAACACGAACGCAAGTCA	0
CACTGCAAGTACTAAATGCA	0
TCTTGAAGCACCCAAACCTC	0
GAACCTTGTGGGCTGTTGTC	0
GATGGTATGAACCACCTGTT	0
TGGCGAGTGTGCTCAACAAC	0
GCCTTCATGGGATTGCACCG	0
CACCACACACATAACTACTC	0
ATGCACTTAACCCCATATTT	0
TGGTAGCTGATAAATGCCCA	0
GAACACCTAGAAGGTCCCAG	0
TACTATGCACCACATGCCCA	0
CGAACACGAAATGATGAAGG	0
AGATTATAAAAAGATATACA	0
AAGTAGGGTAACAGTTTTGT	0
CCCCCGCTCATGGATACCCA	0
AAGGATAGTTGAAAAGGAAG	0
ATGTGCTTTCGAACTGCATC	0
GTCGGGAAGGACCGAGTTTT	0
TAACTATAACACCTCACCGA	0
GGCGAAAATTGGCAAGAAAT	0
CCGTCGAAAACGGCCAACGC	0
CTGCCATATTCTGATACCCG	0
TAGATGAAGTAAATGTCTCA	0
GTGATTACGAGCCTGGGATG	0
TGTTCGTGGCACTCAAGATA	0
ACCGCAATGACATGCTCTGA	0
GTAGTTGCCGAACGATTACC	0
CTAAATTATAGGAAAAGGGA	0
TACGTTAAATTCAATGGGAT	0
GTAAGCTGATTTTTCTGACT	0
ACGTACGCCAACCACTCGGG	0
TGAATCATCCCACGCACAAC	0
GCGAATGACCGTACAGCTTC	0
CTTTCGACTGTATTTGCACG	0
GAGGCAAACAGGATTGCGAA	0
TCCGGATGCATATCACCAAC	0
GTGTAAAGTCAGCAACCATG	0
TACCATAAACGCAGAACCAG	0
CTTAGTTGCTAGAATAACTA	0
TATCATACCGCGCCTCCGGG	0
GCTTGACGCACTGTCTCGTG	0
ACAACTGCAAAAGAGAAATA	0
ACCATGCAGTCAAGGTCAGT	0
ATTCAGAAAAGTGCCCTTCG	0
AGTTAAGTGTGCCGGTTCAA	0
CTTCCCTTAACGCACCTCCA	0
ACAACTAACTAACATGAATA	0
TTAGAGTAAGTAATCCATGG	0
GCAAAGCGAACGCATGAACA	0
ATCAAACCCGCTGCAGCGTC	0
TGAAAAACAGCCACCTCGCG	0
AATGATAAAGAAATCACCCG	0
CAACTATAGTAACTGTCAAG	0
TCGAACGTAATGACGACGAA	0
TCGTACCCCTTGGAATCTCA	0
ATCCTGTAACGGTGCACCTT	0
AATTAGAACGGCAGTTGCTG	0
GAAGATTGTAGGCCTAAGCA	0
GTGTTAGGGCGGCCCTTACA	0
GCAAATCTCCGACGAGAGTA	0
TGAGTAGCAATAGCGAAGAG	0
GCCCAAGATATAGCAATGCC	0
TCGAGCAAAAACCCGAGCGG	0
TCCCCCCTCCATATATATCT	0
GCAATGTAAAAGTAGACAAG	0
TCAGGAGTGAAAAAACAGTA	0
GTTCCCGTGACTGAAGGGGT	0
AATAGACATAATCACGCGCT	0
AAGCGCCTGAGCAATAGATT	0
AGATTCGTCGTTTAAAATCT	0
AGGCCAAAGCTCTATTTCGG	0
CATAGATTGGAGCATACTCA	0
AGAAAAATGTAAACCAGAAC	0
TTGCTGGATATATGGACATT	0
TATCGGTATCTATTGAAGCA	0
GGTTCATAACGCAGGTGAGA	0
GACCCCATCCCATATAAACC	0
TGATGTTTTATACAGACTAT	0
CAAAAACCTACATCCGAATC	0
AGAGTAGACAATTATGTTTG	0
ATGCTGATACTAATCAACCT	0
GTAATGCACGATGCGGATGA	0
TCACAAGACTCGGTTCACGA	0
CGAATAGCCCGGACATTAAA	0
TTAACTACGCAAGTTACCAA	0
AATAGTTCTGCGTCGAAGGG	0
AGAAGACAGCACGCATAATT	0
TGTCCCCCGTTGTCAATTTC	0
AGTTACCGTCACCGAACGGT	0
CAGAAACACGTTACGGGTTA	0
TTGGGATTAAGGGGAGGCAC	0
TTTCACTTGAAAACTAGATG	0
TCACGACATGTAACATCGTC	0
GAATTACCTGTCTCCATCCG	0
ATAGCAACTATGTCAGACTC	0
GGCCTAAGCCATGGTTTGGA	0
AAACATTTGGAAAAACCTAT	0
ACCGCAACAGTACCTGGTGA	0
GCAGCATTAATACAGGTGGT	0
ACGAAAGTAATCCAAAGACC	0
GTTAATATTAACGCGGAGTT	0
ATATAACTACACCGGCGCCG	0
ACCCAGTGGAACTATGCGCT	0
CGAGATCCCAGATTTACTGA	0
GGTAAAGGTTGGTTACATAC	0
TAAGGCTTAATCGCAAGCGA	0
AGACTATGGCTAAGCACAAC	0
GATCAAGGGAACGTTTGACT	0
GTAGCAGCAAGAAGATGGGC	0
CAAATGGAGGAATGTCGTCC	0
TTTAAAGGTAGACGATATGG	0
ACTGCGAAAAGTCACGTAAC	0
GCGATGAGAGGTATGTGGGA	0
GGTGGAAATCTTCAGCGCGA	0
AGCGTGAAAGAAGCCAAGTA	0
AGGGGAATTAAAAATTGAAC	0
GCTTGATAAGGATTCTTATG	0
GAAATAAATGGCCTAGCTCC	0
AGAATTCACCTCTGAAGGCA	0
GTCATGAAGCTCGCGCTAAT	0
TTAGCACGTACAAACAGGCG	0
ATAATCCCGAGCCTCTTGGA	0
AGGACTCGAAAGTCAGCAAA	0
AGGAAGTAAGTATTTCACTT	0
ATTCTCTGCCCGACCCAACA	0
CGCTCACAACACTCCATCAC	0
CAACCTGGGTATTTCACCCA	0
TTAAGTCCGTGGATTTCGAC	0
ATTGCAATAATCGGAACTAT	0
AAAAGAAATCCTTGGACACC	0
ACCGTGACTCAAAATACAAT	0
CCCCAGTGTGCATCCCTGTA	0
GGAAAAGTCGAACAATATGA	0
ATATTGATGGGGCGGGGTCT	0
TACCAACACAGCTCGGGGAC	0
CTCTAATCTACCACAAGAGT	0
TCGTCCATCTACATGAGAGC	0
GGCGACAGAATATCGCAACG	0
ATAGAGAACGTACCGCTAAA	0
GCCGAGAATGAGGAGCGGGA	0
ACGTATTTTAAATTAACGAA	0
TACGGATCGACCGCTGGTTT	0
TTGCGGGTAAGAAGATCGAG	0
AGAGGCTTCGCCTTATGTCT	0
AAGATACATAAAGGACCTAA	0
CTAGTTGTAGAAGCACTGTT	0
CCATTATGCGTCATCCGAAC	0
CATGGAACCCACGCTACCTA	0
AGAATGACCTCTGCTTCCAG	0
CAGTACGATCCCTACGGAGC	0
GAGTAAAACAGCTACTACGA	0
GCGCGAGCTTGTATGTATGA	0
GTGCATTGTTGGTATGCCTA	0
ACAGGGTGACTGTTCCAAGA	0
CAGAGAGAGTCTAATGAGTT	0
AGAGTCCGAATCGAACAGTC	0
CCTGCACGGACAATGTCCAC	0
TGGCTAGCACTGCAAGCTAG	0
AACAATAACTTTAACACACT	0
TTAACACTCCTGATTGACCC	0
ATTGACCGTATCTCCTGTCT	0
GAACGTGTAGCAAAACAGGG	0
CAAACTACGCGTCTATCGAC	0
TCACGGAGGGTCGATAACTC	0
CGTGGCCCGGTTCAATTCGC	0
GGTACATCTATAGGACGGAA	0
TCCAAAATAATTAACCCCTC	0
CGCATATAATCCTGATCCAT	0
GATTTCTTCAACGTTTCACA	0
TGGACAGAGACTTGACTAAT	0
CATGATCTTGCCGCAAGATA	0
CCTGATACCAAGTCTCCGCG	0
AAACACCGAAGAAGCGCTCT	0
ACACAAACGAAATTCGCTTG	0
GCTTATCGCGACCTAGACAC	0
TTGGAATCTCATAGCAATGG	0
CGCGTGAGATTAGTTACTAA	0
ATTAGATAGACGATGTACGC	0
CCTGTATAAAGACTAAACCG	0
GTTGCTTGTGCAGGCGGATG	0
GTGCTGACAGGTTCCATCTA	0
TTATAACACTCCGAAATATT	0
ACAGCGAATACCCTGACAAA	0
ATTAAACGATGCACGAAAAA	0
CCAATGCTCTTGAGATAAAC	0
CATGATATCCATCCGCGCAC	0
CGAGCACTTTAACTGAAAGC	0
ACCCAACATCACTGGCCCAC	0
GTAAATACATAAGCCAAGCG	0
TTGCTAAAAAGAATATGTAT	0
GTCCCCGTAACTGACATTTA	0
GAACAACTAGGGCTCTAACC	0
AAATACACCAGGAGGTCCTG	0
CTTCACCCCCAAACGGAGCC	0
AGCTTACATCTGCTAGAACT	0
AACCAAGACGACGTCAATCG	0
ATCTTCCGTTTAAGACGTCA	0
GAAAGATAAAATCACTGCGA	0
TGTACCTAATACCATAAACT	0
CAAAATGCTAATATGAATCT	0
CGTGCTACTCCTTCGCATAC	0
ACAGACCACCAAGACGATGA	0
ATCAGAAAGCTGTTGGGCTG	0
ACTGATTATAAAGTCATCCA	0
AGCGAATTGCGATTCTGTAG	0
TGACTAGGTTTGATAGCACC	0
TCACTACGCATGCCACCAAC	0
TGCCCTAGACGACCCCCAAC	0
GCATCTAACGAGGGAACTCC	0
GCGAGGTATCTGAACGCACA	0
GCTAACAAAGCAGCTAAGAC	0
AGCGCATGCCGAAAAATACG	0
CTCCTACCTATTTTAAGGTT	0
GCAGTGATTGAGCTCCTAAC	0
ATTTATCAATCACAGATGCT	0
GTTGTGTAGAGCATTGTAAC	0
TCGTAGTATTGTTCTACGTG	0
CCATCTATCCGTCAATGGCT	0
GCCATTGCCCGGATGCCTTT	0
GCAATCGTCTCCAATAACGC	0
CGATTGCATTACCGTCTAAT	0
CGAGAGAATCCAGAAGATTA	0
GCTACATTAACTGGTAGTGC	0
ACACAAAGTATCTGTTTCAG	0
ACGCGACATACCAAACCTCG	0
CGTGGACTTCAGCGGGACCC	0
CTCCTTTCTAACCCTACCCA	0
ATGTGCATCTTCTTCCAAAC	0
GCGATCAGTCGCAGGAATTG	0
CTATCAATTTGTTTCTCACA	0
ATTATTACAAGGAACCAGGA	0
ACCGGTGCGTGCACAACTAG	0
ACTGCATGGATGCCCGATCG	0
GATATCTTCCACACTCGAAA	0
AAATTTCAGGGGGCGCATAG	0
GAGGCCTTAATGAGGGATAT	0
GGCATAGGCAATTTGAATGC	0
TGGTTGGCAATTCATCTTAA	0
AAAGAGGAAAAGAGTAAGAC	0
AGATCGCATTCATAATAACT	0
AAACTGGGAATTCCTCGACG	0
AAAGCAGACATACGAAGCTA	0
AGGTACGGTGGGAATAAGCA	0
CAATCGTTCCAATCTAAAAC	0
ACCCACACATGCTCGTTGAG	0
TATACAGCTTGATTAGCGCC	0
AATCAATAAGTGAGACTTGG	0
TACTCTGGAACTCGTAACAG	0
TAACTACAAACACGTGACCT	0
GGTGGATCTGATTGCACAAC	0
TTTCTTGTAGCTGTTGCGCC	0
ACCCCCAAACTATAACAATG	0
AATCCACTCGCCAGTTCTAT	0
AAACTATAAGCGACGCGAAC	0
TTGTACAAATGGATAAAGGA	0
CCCTTACTTTAAACTTGGAC	0
ACTAGAGCCCACTATCTACA	0
TTAATTTACGACTATTACAT	0
GCTCCAAATAGCACCAACAC	0
ACGTAGTTCTCATGTAAACG	0
CTCCCAGGTGTCCACATTTA	0
GACTGTCCCGGCTAATGACA	0
GACTATCCGAACTGTGCTCG	0
TTGATGCCCTTTTAAGGTGT	0
TAATGCCTGACCTTTAGCGG	0
AGCCTATAAGGTCTGACATT	0
GACGCAGGAAAGTGTCTAGC	0
GTCGGTTCCCGAAATCTGAC	0
GAAGACGCTAAGTGAAAGGG	0
TGATGCGTTTGAACGCCCCC	0
AATTAAATATTCGCCGGGAA	0
TGTACGCAATGTGGGTCGAA	0
CAGCTTGAAGAAGGGAACCC	0
CTTCAATACTCCTAAACGCA	0
CAGCGCATGTGCGATCGCTC	0
ACGTAACAGGGATTGAGAAC	0
GGAGTCAGGTTCCATGCGAA	0
TACAGAAAGACGGGGCATAT	0
ACGACTGCTACCATACTAAA	0
GGACCGGGACTTAGAGATGG	0
AGCAGCTCTAGACCTGGATG	0
CTAAATGGACAAGGATTTGC	0
ACAACGGCTAACACCTCCCC	0
TGAAAATCAGTAAGAAGCAT	0
AAGGGCACAGAAATAAGCCA	0
GCAACTAGCAAGAGTCCATA	0
AACACAAAAAAAAGATGCGA	0
AATGCGATTAGGCGTAGAGT	0
CCAAACCACGAAGTCAATCC	0
ACACGAACCGGGGATATATG	0
TAAAATGGTCGATGATAGAG	0
ATGGGAACGCACCGCTGAAG	0
CTTGCAGGCTGGCCGCAGGC	0
GTGTGCACTTTGAAGAATAT	0
AAGTCCCGAATATAAGCACT	0
GTCCAAAAGGTCATATTCCC	0
GACGTAATTCAAATGATGCA	0
ATTATGTGGAGCCCAACACC	0
TCGTACACAATAGTTACGCT	0
GCTTAAAAAACAACCACCGC	0
AGAGCAAGACTGCGAGAAAC	0
TAAGCACTCCAACGGTTGAC	0
TAGCCTTAAAACCTACTATG	0
TCCATGCGAAAATAGGCGCA	0
GCGTCAAATCCGCGTCTTTA	0
AGATTACGAGCAGAGAATAA	0
TTCATCCTTAAGGAAATACT	0
CGTTATTAACAGCCATATCT	0
AAAGCCCAGGCCGAAATAGC	0
TATCCTCCAAAGCCACCTCT	0
AATCACACTATATACGCCGT	0
AACTATCACAGCGTAAGGTT	0
ACGTAAATACATGTTCGGGC	0
CCAATAACAGAACTATCTGT	0
CGGCCCCGTGCCCGCGCTAT	0
ACCTGATCACGACACACCCG	0
GAGTTAATTTGATGCACGGA	0
ATAGACCCTGTTAGTCCGTA	0
ATTCCATTGGAATCTCGCCA	0
TCTGCCTCACGTCTGTTGCA	0
GCAAATACACACGATTAGTG	0
AAAGAAAGGGAACCATACAC	0
CAATACCAAAAACATGAGCT	0
AACGTGGTCTGGATAAGGGA	0
CGAACCCTAACCCATACCAT	0
AAAGGCCTGAAATCGAACTA	0
ATGGCATGCTGTAAGCGTAC	0
AAAGATGAGAGACCTGAACC	0
ATCCGCTTGCTATCGGTGCT	0
CACCACCTTCATAGTACACG	0
CTAATGATGTATATGTAACG	0
GGGGGACGAAAAGTAAACGA	0
CTGGATATTTATGCTTCTAA	0
ATTCCCAAATAGTACCGTAT	0
AGTCAAAGAATAAGTCTATC	0
CACTCTCCGGCGCAGCTTAC	0
GCCCCCCCATCCCCAGGCCT	0
CCCGGGCACACACAAGGGTG	0
CTACATTTGAGAAATTATTT	0
CTGCGCATGGGGTGCCTGAC	0
TCCCATAACGCATTAAAAGC	0
CGACAACGCGTGGCAAGGGC	0
GTGAGCTGCAGATGATATAA	0
GCGCGCGTTTCTTTGCTTGA	0
CTCGTCTTTCAGACAGTACC	0
TGTGAGAGAACCAGCCGCTC	0
GACAGTTTAGCTAACACGCT	0
GCTACCATCATTGTACAGAA	0
AATCGGAACGACGACACACG	0
GCGATTACGGAAACAACCCC	0
AGGCGCAAGATATAGAGCTG	0
AAGTTGGGCATCTAGCTTAA	0
TGTACTGCAGAGACCGATAC	0
CTATATAACTGACTCGAACT	0
GAGCAACGAAACTAATAACC	0
ACAGAGGCGGCGTGTGTTAC	0
TAAACCTCGAGTAATGTAAC	0
TAGCACCGGCAAAAAGTTGT	0
ATATGAGCCCGAACCCACAT	0
CCTCCGTGCGGAGGCTCGCC	0
CGGGAGTTACATTCGTTAAA	0
GAAATAGCGAACCAGGGTCG	0
TAACTGTTAAAACCTGTGGC	0
ATCAAACTCCATGAAAGCTG	0
TAGGCCTCACTTCGAATGAC	0
ACACGACCCAAGTCTGATGC	0
AGATGCGAACCTTAATAACG	0
GAAAGTACGAAAGAGGTGCC	0
GAACTGCGTGGCTCATCAGT	0
GCAGAGATTGATGGATTCAG	0
AAAGGTTGAACACTTAAAAA	0
CCGAGCTAACGCCCGAAGAG	0
TCCAATTTTTTTCCTAGGCA	0
GTCGACCTATGCCCTATAGA	0
CTGTTGCGCAATCCGCCTGC	0
CTAATAAAGTACAACCATTC	0
ATGATCATGTACACCGCTGA	0
CCTGAACTCGCGTTAGATGG	0
TCAAGACGGGGGCACAGTGC	0
AGCGCACCACCTTGGATAAG	0
CGGAAATAGTTTGCGCGGAA	0
GCGCCCATCTACCTTAATGC	0
AGTTGAAGTCGCCCCTGACA	0
TTGAAGAAATAACCCACTGC	0
GCCTGGCATGACTTAATTAC	0
CCCTAACCTCGTAAGGACAG	0
GGAAAAGACAAAATGCATGC	0
AGAAGCCCCCGCCGCAACAA	0
TATTTAATAGTAACAGTACA	0
TTCCAGCTAACAAGGTTGGC	0
TCCGGAACGTAAACCAATTC	0
CCAGAAGTCTTGAGACCAGA	0
CGCGCGATGCCCAATTGAGA	0
TTTAAAATCTAATCACGCAC	0
CGGGATAACGGCGTGTTAAA	0
ATCTCCCAAAAGCTAACAAA	0
ACATAGTATTTACGCGACAC	0
ACAAAATCCAATAGCCAAAA	0
TTCAGCCCATAATTAAAATA	0
TATCACTACAAACAAGAAAT	0
AGACAGGGTATTAGAGTACT	0
AAAGAGCAAATAGCCTCCAG	0
TAGCCACTTTAAGAAGTGGG	0
GATGCCAGAGAAGTTCGCAT	0
AAGCCGAATACTCATGAGAA	0
GATATATAACCAAAGGATCA	0
TATTCTAATAAAGGATTCAC	0
CCCTATTCGCATGTTGGGTC	0
ACATAAGTATCTGAGGCTCG	0
TTAAATAATACCTGTAACAA	0
TCTCATCCACGGCACTGCAG	0
GGCGATATTTTAAGGCCCCG	0
ACTACCCCCCACCTCACCCA	0
AGTCGCAGGCTCAACTCTGG	0
GCTTACACGGTGACAATAAT	0
GAGGATTAGAAATGCCATAC	0
GAATAACCCCAACGCTTATC	0
CCTGAAAGTAACCAGGATGA	0
GGCATTATCTTTAAAGCCTG	0
AAGTTGATTTTCGGGCTGCA	0
ACAACAAGCCAAGCAAAACA	0
GTGGCCGAAGGAGCACGCTA	0
TAGTAGGACATGATCACACT	0
AGCACAGGATATTTGGAGGA	0
AACACCAGCTCGCTTCGAGC	0
AAGAGGTTTGCGTACGTACT	0
TAACCTGATGCAACTCATCG	0
TCCCAGCCTTCCACTTGCCG	0
ACCTAGAGGTAACCGAGTAG	0
TTCTTTACCAACCTGTCTGA	0
CTTGGACCAACAGAAATGCT	0
TGAACGCCCCGCGAGAGTAA	0
GTTCGAACACCGTGCAGGAT	0
GATGCGTTCATGGCTAGAAG	0
TGCGAGAGGTTATCATGGTC	0
GCACCCACGACCTATCGGAT	0
AGCCAAAGAAGAGCCGAGCA	0
CCATGAATAAATTTCAGTGG	0
AAGTCCGAGCTTAAGGGATT	0
TGCATGAGTTATAGACATTG	0
GAGCTGGCAATAGGTGAGTT	0
TGTATACGATGTAAACGACT	0
GCATACATCAGAATGCAAAA	0
TTACCCACGACAGCGAAATA	0
CCACTTGAAAAGCCGGTGGA	0
AGAAAATCACGGTACCGCTG	0
CACGACCGCCAGCACCATGA	0
CCTCCACCCAGCTGCCACAC	0
AAGCTAAATCCCTCCCCTCC	0
CGGAAACCGGGGAGTAGCAC	0
GATTAATGTGTAAACGAACC	0
TCACGATACTTGATGGGGTA	0
CGTCGCGAGAGCACGAGTTA	0
GCCACCTTAACTGTTCAGGA	0
ACATGCAATCTTATAACGAT	0
ACAACAGATAGTAAACCAGA	0
GTGTCCAGGTGACCGTACGT	0
TTTGACGAGGGAAGTTGCTA	0
GCATCTTTAACACGTGAAGT	0
TGCCTTAAAACCTTTGAGCT	0
CAGAGGATAAGAATATTTCG	0
CATGATCCAAGACAGCAGGT	0
TTGACCAGGAATAACCGACG	0
ATGCGCGACGATTACAGTGA	0
GGAAGTGCCCAGAGAATGGC	0
AGCAAATGACTAGTGGTAAT	0
GACAGCTTAATGATTTACAA	0
TTTGATATTTACATGAACAT	0
CCAAACAATATTCCCCAAAC	0
CCAACTTACGTCGTAAGACA	0
CTATACTAGGTGCACCATTG	0
CGTCGCAAGCTAATATGGAC	0
CCGTTTGCAATTTCTGGGGA	0
AAATAAATTGTCAGTACCAA	0
GGTATTTTCCGAATCTGTGC	0
TTTTACAACACGTCCGTACC	0
ATCACTGAGAGCGATGCAAC	0
GTCCCACGTGAACAGCTCTC	0
ATCACGAATAAAGGCAAAAA	0
ACCCGGAACCAAGAAAGATG	0
TAAATACACGTCTACCTAAG	0
TCTGAAGACTTGTCCTAGAA	0
CCGTTGAAAACTTGCTTTGC	0
CAGTCACGGCGGATAGGACG	0
TACATCATGTTATCACGACC	0
CCGCGGTAGCGCGCATGAAG	0
ACCCGCCGGGGCTCTTACTT	0
CCGTTATGCTGCTCACTCAG	0
AAGAAGCACTAGGCATGCAA	0
CAGTAAAAATCAGCTCCCTG	0
TGGGATAGAAGATCGCCACT	0
TTGAGCAGCCAAGTGCAAAG	0
CGAGTTAACTAATCGATTAT	0
TACTATCAGAAGCACACAGA	0
CTAAGTGGCGAACGCCGAAA	0
GGGACATTCTGTCCATCGCT	0
CACCGTGCTTTAAGTACTAA	0
TGTAAAATTCCGCATTGTGA	0
GGCGTAGTTAAGAGCCGCTC	0
AAATAGCCTAGCAAGACAAC	0
ATAAACACTCATGCCTTTAA	0
AGAAAACTAGCACTGAAATT	0
GCCCCGGATAATGTTCACAT	0
ATTAACTAGAGCCCTCTCTG	0
TGTAGGGCCCACTATAACAA	0
ACCAGAGTGTACAAGCCAAC	0
GAAGGGAGTTACTAAAACCC	0
CAATTCAAAGTAAATACAAT	0
AAACTAGCTAAGACGCTGTA	0
TACTTCCTAGGCCTCCTTGT	0
AGCGAACTCAGGCAGAGTAG	0
GACGCGCTGAAGGATAAATT	0
TAGCCCGCTATCATCTATAT	0
ACATACAGAACTGCAGATGA	0
GCGGTCTGAAGCATGTCAGG	0
CCATTTACCGGCCTGCTACA	0
AGCGACGCTTTGAAACAATG	0
AAGCCTCAACCATCTATCAA	0
TGCGCGTTGTGGCGAGGGAT	0
GCTGAGTACTATAATATCGA	0
CGCTACTAGTTACCCCCCCA	0
GTACCACGAACTAACGTTAC	0
AATACCAAGACGCAGCACAA	0
CAGCAATGGACGTAGATCCC	0
ACTGAGGAAAACGTCATCGC	0
TAAGAGTATGTAAGTGTCAG	0
GTGGCCGATTATGGACTACT	0
GCGCAGGATCACGCGATTGG	0
ACATCATTAAACCGTAATAT	0
GAAACGACCCCTCTAGAACA	0
GATGCATGATCATGTTGGTC	0
CTGACTCGTCAGCGTAGTCA	0
AAAAATTTACTTTCGACATA	0
CCCCGGACCCGCGTCCCCTT	0
CACGTGCCACCCTCAAACCA	0
TCAAACCCCCACCCTAATCC	0
CCCCGATTACTGCGCGATAC	0
TCTTTGTGCCTTTTCACTAG	0
ATTACCAGTTACTGTTTAAC	0
CCTCATGCGGGGCGCTCAAA	0
TACTCATTAATGAGACATGC	0
GAGCTAACAACGCCACTGAT	0
TGCTTCTCTTATGACGACGA	0
TCCCAATCCTACGCTATCCC	0
CACGACATTCGCCCGAGCAA	0
CCCCAGTCTTCCCCATTCGA	0
CGCGAGGTCGATTGCACCCC	0
GGCCCGCCACCACCACCAAC	0
CCTTAGCTTCCGGTCGGTTG	0
AAAAAGTACGTTTACATGAT	0
TAACCGACAATGTTGTTCAG	0
ATTCACACCATTATAATTTA	0
CCTGAAGCAATGTCGATACA	0
CTACACAAGAGGACAAATCA	0
GGAGAATTTTCGAAACCCGC	0
GCTTGGTAGTAGACCAAACA	0
ACGATTCTACTACCGTCAAT	0
TCACCGCCCATAGTGTCTGA	0
AGTGTACGCTCACTGAAAAG	0
GTCCCGGCACAGCATACGCA	0
ACACACCCCACAGCCAGCGC	0
AAAATAACTCTACGTCCGTT	0
AAAGACGGCCAATGGTCATT	0
AAACGTGGAAAAAATGAAGC	0
ACACACAACTCACAAACCTG	0
TCTCGTCTTGAGGTAGAAAA	0
ATAACAATACCTCACCTTCG	0
CAACTTCCCTTGGAAGGTAC	0
ACTAGAGACACATCAGTGGA	0
ACAGGTAAGTGAATAATTAC	0
TTGGACGTAGTTACGATGGT	0
TACCTCTTACAAATTAATGT	0
CAACTGGGCTATACTGCCGG	0
CGCGGATCACTGGTTTACGA	0
GCCACGAGGTATGTCAAGCT	0
GCATATCGCGCCTGAATGCT	0
GACTTAAACGCCGTCGGTTC	0
GCTACGAGGCAGGACGCGTG	0
CCCGCGGCGCGAGCGATGAA	0
GCAGGATACAAAGCGTAGCG	0
AATAGAGCGATTTGAATGGT	0
AGGTCCTGTTAACACCCTTG	0
ACGTAAGGAGCTTACGCCGA	0
CCTCGAAGAAACGGCCAAAC	0
ATCAAACTCAAACCTAGCAC	0
TTAACTTAGTGGGAATATAA	0
CACGAAAATGCCTTTAAATC	0
ATCCGATCCACAACGATAGG	0
GAGGCATTTAGAGTGCGCCA	0
ATGAATCTGATTCATCCGGT	0
ACCTTTAAAATCGGTTTATC	0
TAAGCCTATGACCCATGTAC	0
AATTGCGGTCACCTAACCAA	0
GATGGCAAGAACTTGAGTGC	0
AGCTGTTCAATCCATTGTTC	0
ATTTTGCCTGCACCTAAGAG	0
GCATACCCTGGCGTCGAGTT	0
TAACGTATTACAAGTTAAAA	0
ATAACAGCTCAAGAATTGAC	0
TGTCTGTTTTGCATGAGCCT	0
TTAATATTCATGTACTGAAC	0
AAAAACTTGTGTTGCCGCAG	0
GATAGTAACTTAGGAATATA	0
GCCCCACAATCATGCAGCTC	0
CCACTCGGATAAACTTGCAA	0
AGATCTTGCGCATGCCAACA	0
GTGCGACTAAATACTAAGGC	0
ATTAAGCTGTTCGTCCCGAC	0
ATCAGTACGAACTCCACATA	0
AGTCTCTGCTACCGGTAAGA	0
GATATTTTAAAAGGAAAACT	0
CGCCCTCTAACCTGCAACGG	0
GCATAGGCCCCAAGCTTAAT	0
GTACTGGAGGATATAAACAA	0
GCTCCGATGTTTTACGAATT	0
AATTTAATTAGCGATTGATG	0
CACAGATACCGATTAACGCC	0
ATTTCAGTTCAATTAAGCCG	0
ACCAAACGAATACCTGCCTA	0
ACAGTCCAAGTAGAAGGCAA	0
GTGAAGTTGCACGTTAACAG	0
GAATTAGTTTTGCTCTAAAA	0
ATAATGCAGTGGCCCGGATA	0
ATACGAGGCCCTCGCCAGGT	0
CACCATTACTCGCCGTGTCA	0
AAGTGCAGCTATAATGACAC	0
ACCAGACCTGGCACGCACCA	0
AGCTGGGACGACTGAGTTAA	0
ATTACTAACTAATCTGATCC	0
CGTAAACCACGCTTTCAATC	0
CGCCGCGCCACCGTATAATG	0
GGCGTATGAGGGATCCGGTA	0
TTGAAAGACTAGATCGCAGC	0
AAGGTATTTAGTAGGTTGAG	0
GAATGTTACTCAACGTGCAC	0
AGATCTTCTAATAATATAAG	0
TAAGAAATGTTCATTAAAGC	0
TCGTTCCCCATACGGATTGC	0
AGTAACCCATTGTGATGGGC	0
CCAATAACCTCACCTGAGCT	0
TAATATACCACAAACGGCTA	0
CAAATTTTAAACAGTCCTGC	0
CAAACTGCGGTAAAAGTATC	0
CTAATGATAAGACTCTGAGA	0
AATTACGCTACGAATGCAGA	0
GTAAACCGTTATGAGGGACG	0
CGATCGGCCTTGAAGTTAAA	0
TCCAAGACTGCGAGGCATGT	0
TGAAGGTGGGTCACATCACA	0
AGGGCGAAGCCCATCTTACA	0
TAAGCCTTCGGATTGATGGC	0
ACCTCATTTAGGCTTAATCT	0
ACAGGAACATTCCTAGTTGA	0
CACATCAGAGGTATGCACAT	0
ATACTCACACGGCCCGTTGC	0
ATAGTGAAGTAAGTGTGCCT	0
ATACAAGCTGCTGCTTGCCA	0
AAAACCATGTCAAACGGAAT	0
TGCCCTCTTAAGCTCCATTG	0
AGGGAACACACCGGCACCTA	0
AAACGTGTCGATTACCCTCG	0
CAAGCCGACATCAATTCCCA	0
CGAACGCCTGGTGATTTGGT	0
GCGTTAAACTGTCATTGCTG	0
AGTCACTAATGCGGTCAATG	0
TGGAATCGCATCATTAGTAG	0
ATGGGACCTTGGCACGATGG	0
CCTCAAGAATCTAATACCAA	0
CACCATACGAGATGCGAATA	0
GAATGTGAGAATTTGTAAAA	0
TACATTCACGGTCCAAAGTA	0
TAGTGAATAGGGGTACTAGC	0
GGGAACAACCGCGAGCCACC	0
AACAAGTAATACACGTGTTT	0
GGATTCCAGTCTGGGTAGTG	0
CAAACTCCCTCCATCCGCTC	0
CGAGTTCTATTCATCATGCA	0
CCTTTAAAAGAAACCAAAGG	0
GACCACACACAATCTAAGAT	0
ATGCTGACGAGTTCCTCTTC	0
TAAAAGATAAATATGCTTCT	0
TAAGAGGGTAGCTTTAAATA	0
ATGACTTACGCCAGGGACCT	0
AGGAAAATAACCAAATATGG	0
ATCAATGCGTGGGTGGTAAG	0
AAAGACCGTAATGAAGTACC	0
TCAAAGGGGTGATGATCCAT	0
GTGTGGCTCAATCAACCACC	0
ATCTAACTGTACCTCCCACT	0
CCTCCCCAAAACCTAATACA	0
TCCTGGAAGCGCGAGGATGA	0
GCTCATTAGATGCTGTCCCG	0
CCCGCTCTCCGTAAAGACAC	0
GAACTGCGAACGAAAAGCCA	0
CTGAAACCCACTATGCCAGT	0
CACTGCTGAGGGTGGGATGA	0
AACGTCCTGCCATGGTTGTA	0
TGAAACAGTTCGCGGACAGT	0
TAGCGTTACCGATCTTTTAT	0
AATCATAAAACAACCAGTCA	0
AGTGCCAAACCTCGCTAGCG	0
ATCATACTTTCTATCACCAA	0
GCTTTAACTGAAAAATGCCT	0
AAAGCGTGACCAACTTAAGA	0
AGGAAGGCAATTTAACAACT	0
GTCCGAGACTCACCCCCAAG	0
GCACGAAGGAGCTAGACTGA	0
AAGGAAATCATCATATGGTT	0
AGCACACGCGTGCTGACCTC	0
CAGGCGCAGTCTTGCAAACG	0
TTTTACGGCCAGTGCGTTCC	0
TAACTGTGACCATAAATTCC	0
CGTACTAAATAATATCACCA	0
AGGAATCGTCCCTTCGTTAT	0
GCAGACCGCACGCACATGGA	0
AATCGGGAAACATCACGGGA	0
GGAATGTGTACGACCTCCAC	0
ACAATTTCTTAGCAACCTTG	0
ATATGAATGAACCTAAACGA	0
CTTTCAAACGCAACCACCAC	0
AAGCTTCGCCGGCGGGACGA	0
GCACGCGCCAACAAACACCC	0
TTAAGGAAATCTGCGTAAAT	0
ACTAGAAGAGAACCCCGCCG	0
TTTTACCTCACAAAAAAAGT	0
CGCAGAGTGCGTAGCGCTGC	0
AACGGGCGTTGGGATAAGGC	0
ATCAATTTAACATTCACCCT	0
GCGAAATATTACAATATCCC	0
AATCACCGGCTCGTTTCGCT	0
GCGGATCATCGCTTAATTGT	0
TACTGGTCATCATAACCCTA	0
AAGCTGTGAGACTGACCGTC	0
ACAAACATTGAGCCGCTGAA	0
TCTGGTCCAAACCACCCCTC	0
CATATGCAGGAACCACAATC	0
GCGAGATTCCGTTATACAAC	0
ATTTGATCCCAATTCTCGCT	0
TAGATGTAGCGCGGCTCTGG	0
TGATAATACGATACGCGCTC	0
GTCATCAATCAGACGAAAGT	0
ACTCACGTCCCCTAGGTTAC	0
TGGAGATCGCTGCCTATGCA	0
GTAGAATACTTGGAGCGGGA	0
GACGCCCCCATCACAAGGTA	0
GGAGCTGCGTTGTACATGAT	0
GCCTACGTCCACATGTGATT	0
GAGAGCGTAGTCAGCTCCAA	0
TCGTAGAGCTGATGCCTGGT	0
CTGATAAAAAGACGATAACA	0
ATATAAAATTTACGATATGC	0
ATAATAATGGGGTTTGCACA	0
GTACAATTAGGTTATAAACT	0
AAGTCACCATTAACGGGTAG	0
GGTTGCCTGACTATGCCCCA	0
CTCATGCATGCCAGTGTCAC	0
TGAGGTACGCCCGTCAATCC	0
ACTCACGAGTGGCAGCAACC	0
ATGACAGTCGCTAGATAAAT	0
AACAAGAATACCCACGGTCC	0
ACACTTTGCTGAAGTTCAAG	0
CTTGTACTATAGAAACGGAC	0
GGCGATGCAGGGTTCCCGCT	0
ATGACCGACCCTCGGCAGAA	0
CCACCTTTAAACCAAGAGGA	0
TTAACCACATGACTCAAAGA	0
CATTCTAGCGTGCCGCGTTC	0
GTATGCAATGTATCAGAACT	0
GTGGACTACAACAACTGGCG	0
GAGCTGACTGAACTGAGGAT	0
AGTGACAGGGACTAAGCCCG	0
GAATGATGCCCCCATGGCAG	0
TGAAAAGTGCATCGCTGGTC	0
ACCATACAACTATAGGCCCA	0
AATCAGGATCGGCGTGAGGC	0
GCAAAATTACGAACACGCTG	0
AACGTGGGGAACAGCGCGGT	0
CAACGCTTATTCACCCCTTC	0
CCGCAACACCTCCATCGCCC	0
TCACCATTAGCTCGACGCGG	0
CGAGGCCGTTCAGGCTTACC	0
AAGTATAAGTTCGCACGGCT	0
ATTGGCAATTTGCAACCACC	0
TATTACTTTGGATTTGAGGT	0
CGCACATTGTTCCAGGCTTG	0
GCCTGAAAAACGAAAGCGGA	0
CCTTGAATTGTGCCTGATTC	0
GGACAATAACCTATCAATCA	0
AACCGCAGTCTTCATCCGTG	0
TAAACGGTACGTTCACGGAC	0
ATAGGATTAGTGGGACACTA	0
CTTTCACCCGAGATTGTACT	0
CAATGGCCGCGTACAAAGAA	0
GAAAACAGATCAGAAGGACA	0
TCCATAAGCGCTGGTCATAA	0
ACCGTACCCACTAAAAGCAT	0
ACCGCGACCGCGGCTTCAAC	0
ATAACTAGCGCTCAGATAAA	0
ATATAATTCTTACCATGAAG	0
GATCACAAATCAGAATTTAA	0
AGTAGATGTATTAAGTAAAG	0
CAGTAAGGAGAGTAACCGCT	0
TTGATATTTTCAGCAGGACT	0
GTAAAGACAAACCAATGGGA	0
CGAAGAAGATCACTACTCAT	0
TACGCTCTAGGAATTCCTTG	0
GTGTAAAAGAGAACGCCAAC	0
CTAGAAACTCCATCTGGTTG	0
CACAAGTTTCACGTGGCCAA	0
GCATAACTCAAGCGTGACAA	0
AAAGGGTGTGAAAGGAGCAC	0
GGCTAGGATGAAGGTATAAT	0
CTAGAAAAAATACTCGCATT	0
AGTTAACACGGAACTCGACA	0
GTCTCAACTAACACAACAAC	0
GCGATAAAATAATCGAATTA	0
CTTATGTGCAACGGTGCCTA	0
GCACCCGGTGGTTTTGAAGG	0
TGATGTAAACACGTCTAGGT	0
ATGGTGAATTGGCTGTGTAA	0
CGGTTACACCCGTCTTGATT	0
ACGCTCCAAACCGTACATAT	0
GCCAGAGGTATATAAATACA	0
TGGATAAATATTGCAATATC	0
CATTGCGCATGGTTCAGAAA	0
ACTACCTCACTACGAAAGTG	0
AACCCTGCCAAACACCATCC	0
CAGAAGTGCATACAAAAGCA	0
GCTGCCACGCATGTGCAACT	0
GGAGGAAACGCCAAGCGTGT	0
ATACCGTCTAAGCGCAGCAA	0
CTCGCACACCCTGCTTACCG	0
GCAGAGTACTTCCACAGAAC	0
CCTAGCTTAAGGTAAATTTC	0
TAATCTATATGAACAAATGA	0
AGGGCCTAGATCGCGCGGCC	0
ATTTTTCTTAGAGCTTGAGG	0
CCCTCGAACAACTAGTTGGA	0
AACACTACACGGCAAGATGG	0
ACAAAAAGATGAGTTAGGAT	0
CGTTGACCAGAGTCTAAACT	0
TCTGTTCTTAAAACGAAATT	0
AGCAGCCAGGACAGCTACAC	0
AGAGAAACGGTTTACAATCT	0
AACCACACCCGTGATACGTG	0
TTACGTGGAGTGACATAACT	0
AGATTAAGGAATGTATGTCC	0
ACATGATCCAATCCTGGCAG	0
AATCCGCCACTAGTTAACAC	0
CATCTATATCGGGACTGTCC	0
TTCTCACGACGAAAACTTGA	0
GACAGCTAATGTCACGAAAT	0
GCTTAAACAGACGGGTTTGA	0
GAAAATTTGGACACGTCTTT	0
CATCGGTAGACAATATTATA	0
ACTATCCTTAAATAAACGCT	0
ACTGAATCACTAAATCGTTG	0
AAAGCATGTCGAACCCAAAC	0
AGAGAACACTTACATGGAGG	0
GACACGCCTTATCGTAAGTG	0
ACTTGCCGTAGTGTTGAGGC	0
AAGAAGTCCACCGTACAATC	0
GACCGGACAAACTTTAAGCG	0
CTCATGGAGCATGTTCACAA	0
CACCCGTCCGTCCACGACCG	0
CCGAATTGCGATCCTGTGGT	0
CGAGCGTTGCGCTGGCAAAA	0
GCTCGCATCGCGCAAGACCA	0
AAATATATACGCGTTCCGAT	0
TATTTGCCCTGACCGGCTAT	0
ACCATTAAGTGACGCACTTA	0
CACCCTGTTCACCAACGCTC	0
GATACTTTCCTGTACTCGTA	0
AAGCAAACTTTGGTTCGAGA	0
GCTCCTAGTTTTTCGTTGCT	0
GGCCGCCAATGCGATATGAG	0
AGACTAAAAGTACTTCTGCT	0
ACGCCTGGAACAGATACCCT	0
AATGTGACAGGTTAACAACT	0
GTGAAGGTCGATGACTACCA	0
CAACCACGCCTGAATTAAAT	0
CTACAACCCGTCCAGAAGAA	0
GTATAACCACACTGATGAAT	0
CCGCGGTCCGCACAATGTTC	0
GGACCGGAGGCAGAAAACGC	0
TTGTGATAATACACCGGATC	0
GGGTTCGATTAATGAAACTA	0
GCGGTATGTTTTCCATCCCC	0
CTTCCCCCGAATCGCTCCCC	0
GAATAACATATGCGGGAGCA	0
TTTCACGCAAGAGAAACAAC	0
ATCCGATCTTTCACGTGCAT	0
CAAGACTCGAAACAGTGACC	0
CGCTGTACGAGAGACATGCT	0
GAAGTTTGAGTATAGAAAAA	0
GAGTGGACCGAGTTGTTTAA	0
CCACAAGCCCAGCAAATTCG	0
TAAGACCTCTTGATGGCACC	0
TGAACAAATGATATGCCCCA	0
AATCTCGAACAAGCCCGCCT	0
CCCCGCTGGAGGCTAACCCT	0
CACGTCGTACCCATCACGCA	0
CCTTACGAGCAGGTTTCACA	0
CTCCAGTATGAAATGTTTAG	0
ATGGTTTATTATACCTAATA	0
GAATCCAAAAATAGTTATTT	0
CCTACGAGAAACTCATTCCC	0
AGCAGGTGCAATATAAGCCA	0
GGCAAACTATGCGGATAAGG	0
GGATAAGCTCGGTGCGGAAA	0
AAATAAAGTTACGCAAATAA	0
TGCGTTTGGCCAACTACTGA	0
AGCACGAATATTACAAATTT	0
GACGGAGCGGGGTAGAATGC	0
CGATGGTGTAGCACACCACC	0
ATTCTTGTCAATCATATCTG	0
TCTCCTCCGCGCGAGGCCAC	0
CACTGCTAGTAGTCGGGGCC	0
GCGAAGATTTTTAGCTGTAC	0
CGAGAATGATGTCCTCACTT	0
AGAGAAGTCCCGGAACCATT	0
TCTCAGGGTGGACTAAAAGT	0
ATGTCCGTGGGAGACCAGAC	0
GAACGTTACTCCTAAGTTCG	0
GTCGGTGGAATACCAATGAT	0
TTAAACTCGAAATAGAAGCG	0
TGTTCAGGGCACAACCGTCA	0
CCCCGTAATCACCCGCGCGC	0
ACAGAAATTATCATCTGTGC	0
GCTGGTTCCAGCACCCAGTG	0
CTTGATAATTCACGCACTGT	0
CATCCCAAACGAACCATCGA	0
GGCTAATCGGCAAAAGGGAC	0
GTAGCCTCGCGAAAGCAGGG	0
AACCAAACAAAAAGACCAGA	0
TAATGCAAATGGCGGCCGCG	0
AGATGATACCCTTAGTGCCA	0
TATCACGCCCTCCGGTCCCC	0
TTGTGTAAAAAAAACAAACG	0
GACTAACGCAAAACCATGTC	0
GCACAGTGTACAATGGAAAT	0
AGACTTATTTAAAGGAGTTT	0
TAGGCCGGCGGCGTATAGTC	0
AACTGCGGATACCATGTAGA	0
TGCATTCACCCTATGAAGCT	0
CGATCACTACACGAATATAT	0
GACATCGACGCCGCGGCACG	0
TACTTGCACCCGTAACCCAA	0
TCAAATTAATAAGAAGTTGT	0
ACAAATTTAAGCAGTTGACG	0
GCCATTAAACCTATGTAAGC	0
GTTACCAACACATCTTCGCG	0
AGTGACGACGGGTAAAGACA	0
CAAGAAACGTCTTGTCCATA	0
TGTCGTCATTCGAAATCTCC	0
AATACAAGGCCTGTCGCCCA	0
TAACCGTTCAAGCACATGTC	0
CTATGAACTTGATCGCCCGA	0
ATAAACAGTATAGAGCCCAG	0
TTTCTAAGGGAAAAATTTAG	0
TCAACAATGAGCCAATCCCA	0
AAGCCGAATACCTCACCTTA	0
GCCAACGCCTTCGTGCTTCA	0
GTTCCGTGACTTTGTCGGGC	0
ATCAAAGATGTCTATGTTTA	0
ATAGTGTAATCCGAATCAAT	0
CCTTCCTGGAGTACATAGCC	0
GCAATCTAGCGAGGATCCAC	0
TCCAGAAGTCGATTAAAATA	0
GTTGCTTTTGCCCCTGCATC	0
AATCAAGCTCACACTTTACG	0
CAGGCGCTAAAATCACTAAA	0
ACTGTACAGAACGGTTTGTC	0
GACCAACTCCTACTAATCCG	0
AAAGAAAGGTGGGCCTTTAA	0
AAAAATGTGAAGCCACTCTC	0
GCGACGCAACTCAAGAATAG	0
TGGCACCCGCGCATCAAAAC	0
GCAGCGCCCACCTCACTCCC	0
AAGACTAATTATACGTTATA	0
GTGAATGCCAAAGATAATAC	0
TTTACCACCAATCTAGCTTA	0
CCTCTGCATAGGCCCGTAAC	0
TAACGACCGGAGTATACGGA	0
TGAGTGAATATCACTTATTC	0
CCGATAGCCGCGGGCGAGGA	0
TCCAAGGCTTCGAGGTGGTC	0
GCTGTAAACCCTCGAAGAGT	0
ACGACGCTAATCCGCTAACA	0
AAACTGACAGCGCAACCAGT	0
GATGACCGGGCGTGCCCCAG	0
AGGTTCCGACACACACGTAC	0
AAGTTCTTATGTGTACCTCA	0
CTCCCGTTGCGAACTTGAAA	0
CATCGTACGGCAACTGCGGT	0
ACCTAAATGGGCGCGTCAAA	0
ACCTACACGCATAAGGTTCA	0
GTTTGTTTGACCATTGACTT	0
CCTTCCAGCCATGCGGATAA	0
CCGGACACCAAAAACTTGGG	0
AAGCGTACGAGACCGGTGAT	0
CAACTTTTGAGATTTGATGG	0
GCAAACATACAAACTAGAGC	0
TCTCAATACAACAGGATAAA	0
CTCATTGTCCGCCAGAGCCA	0
AGAGTGCTACCACGAATACC	0
AACTATCGGGAGCCTTAACA	0
GTTGCTCCATGCCACAAAGC	0
TGCACAAGCTAGCTCTTACG	0
TGCGCGGTGCACTGTGATAC	0
AACGTGTGTACAGAATTTAT	0
ACAAAGGAGTTGGATTGGAT	0
ATATTCTTCGGCTTAAACAT	0
GACAACCGATTCGAAAAGAC	0
AGATGCACTTCCTAAGATTT	0
TGATCAAGTCTGAAGAGTTC	0
GCCCAACGTCGAATTTCTAA	0
AAAAAGCCCCCAAAATACCG	0
ACTGTGTGCATTCACAAAGT	0
CTTAAGATAAGACAGAACCA	0
CTGTGCTAAATTTATGGGAC	0
CGCTAGATTGCTATGAATCA	0
AAGGAGTAACAAATCCAATA	0
TAGAAACCCCCGATGACCGA	0
CTACACCTTAAATACGCAAT	0
AACCGCAAGCTAACTGTGGA	0
AATACTACAGTCAGTTGTAC	0
TGTATATCCAAACTCCCATC	0
AGGCAGAGCACCGTCCTGCT	0
GCTACTGAACATTCTGCATT	0
CGGGCGACACTAGCAAGGGT	0
GTGAGGACGTCCTTTGAGAA	0
CCAACTCTATTAGTACTCCG	0
TCCTGTGAGGAGGTCCCCTT	0
ACAATTTACACCCAAGACAC	0
AGACCAGAACTTGAGTAGTG	0
CCAAGCCGGAATTGTTTGCC	0
ACATCGGCCTAACCGGGTGC	0
TTAGGACGTAACCTTAGATC	0
CCAGAAGCCCTCGCGCATCA	0
TACAGACAAAGGTGATGGTG	0
CAAAGAAAGCAAGGTTTCTT	0
TCTCCACCAAATGAAGCGCA	0
AGGACACTGTCTGGACAACT	0
TACTTAGTCTGTAGTTGAGG	0
TTACACGAGAAATGCGATTT	0
CTCACCGAAGGGGGGTTCTC	0
GCGGATGCTAGACGCACCCA	0
TCGCCACGGTAAAAGCGAGA	0
ATTTGGGTTACTGGCCTGTC	0
TTCGCGTCCCTATAAAAGCA	0
AGTACCCCATACCCTTCCAT	0
AGGATTGAAATCTTAAAGAT	0
ACAACGAAGGGGAATATCCA	0
CAGGTGCGCACCTTGATGTG	0
AACGCGAGCTAGGTGTCCTA	0
TAATGAGCACGCAGGCAGTT	0
CTGAATGACAAGTACTGGCA	0
TCTTCCTACATTGCACACAT	0
ATAACCATGCAAAAAGAGGG	0
AGAGGGAATCTCAAGCGGCA	0
GATTTCAAAACAATTAGGTC	0
GAACAGATCTCCCGCACCAC	0
AAGCCGCCAAATGATACAGT	0
ATTCTCCGCATATATTTATT	0
GTTTACCTTAAGTCAGAACG	0
ATCGATATAAACGGGGTGCT	0
TCCTCAAATGACATTGATAA	0
ATTCTCATACGAGACTATAT	0
ACATCAAACAGGGAGTAACT	0
AACATTAACTACAGAAGTAC	0
TGGATACAGTGGGAATAAAC	0
GCTTGGATACACGATAGGTC	0
TCAGATGTAACCTTGAGGAT	0
CCCTAGGTCAGTGTCCAATT	0
AGGCTTAATGGACGACTCAA	0
ATACTACGCAAAGTATACAA	0
GCACAACTTGAAAAGTTACC	0
AAAGCTCTCCCGAACCGATG	0
CCCCTTCGACCAGTCTATAC	0
CGCCCAAGACGGGGTTGGCA	0
AGATACGGGGGAAAAATTGA	0
TGCACTCACCACAATCACAC	0
AGCCGATTTAGCCTATCCCG	0
CTGCCAGTACTTTATAAAAA	0
GCTTATAGTTCAAGGTGCTC	0
AACAGCCAAGGGCAAAAGAA	0
AGTAGTAGATTCCATTATTC	0
GCATGAACAAGTAGCGCTCC	0
AAGAACCGATTATGTATATA	0
ACGCCCTGTGATCAGATGGG	0
TCCATGGGAAAGCGTGCAAA	0
TATTGTTAAGACGTGAGTCA	0
GCCTAAGGATGGCTGGGGAG	0
AAAATACTATACAAAAATCA	0
TGCCCAAGGGTATATATGTG	0
AGTAGCCGTAAGACCATGCA	0
CATATATTAGGCAGTCTGCA	0
AAGAGAACCGCCGGTAAATA	0
AGTTAAACGGTCACAAAACA	0
ACCCTATTTCAATTCCACCG	0
ATTTATCGACAAAATACTAT	0
CAAAACCATGCATTAGCTCA	0
CCCGTGTGTAAAGTCGGTTT	0
ACAAGCTCACTCACTAAGGA	0
GCGAAGGCATTGAGTGCATG	0
AGCGGGCACTAACTAGCACC	0
TATACACCACATATTGATAA	0
CAGGGTTGTATATTCTTATC	0
TATCACACAGGTATTTTGTT	0
TTAAACTCCACATAAGCCCC	0
TAGTTAAGATACTTAAGATA	0
GATATGGAACTATCATATGA	0
TAGAAAGCGACACGAAGTGT	0
TCAATGAGCTTGCTACATGT	0
GAAGACATAACCACAAAGAT	0
GAGAATTCTCATCACTCTGC	0
GAATGGCGTGAAACAAGAAC	0
AAACACACGCGCACACGCAT	0
CCCTAAATAGAGCTGCGCAC	0
CTATCCCGGGTACACGTACA	0
ACTGAGAAATCGTCACGATG	0
GCAACGAACATTTGGGCTAA	0
AGCCCTTATCCCCTCATGAA	0
TCACTCCAGCTGTATCACGC	0
GCAACTATATCAGATGAGAA	0
ACATCCCCTATGGCCGGACG	0
TAGATGAAAGTGTTTATCAG	0
ACCGCTGAAACGCCCCGCCC	0
TGACTATCTCCCCGACTACG	0
TGGTGATACCGCGCTGTTAC	0
TAGGATCCTCCATTGTATGG	0
CACCAGCCCATTTCATGAGC	0
CATCCGCGATAAGAAAGGCC	0
GAGCAAAACATCCAACAGCG	0
ATCCTGAGGCCGACCCCGCC	0
AAAATCGAGGGCCCGCCCAG	0
AAATATGACAGCTTCCTAGA	0
GATTTATCGTCATAAACTGA	0
CAGCACGTTAGAAACTGGCA	0
TATAAGATTTATCCCCACAG	0
AAGGATGATACTCACATCAC	0
GTCGCGTCACCCAGATCTGG	0
AATTGGCTACATGAAACAAC	0
ACAAAGTCCTAGCCAATTGA	0
TCTTATACGCTCTGTCTGGG	0
CAAGGAGAACCGCGCAACTA	0
TGAATTGCCCGGCTCTGAGC	0
ACCACTTGTGCATTGCAGAG	0
CCAACGAAATTCTCCGGTTC	0
CGAATACACTGCAATTAGGT	0
CATAATGCGCTTTCGCAAGC	0
GCCGAAAATAGTTATATACC	0
TGTACCAACGTACAATTTTA	0
TTAGGCTGAGACACATATCC	0
ACGCCTAGACCAGATGTGTT	0
GGCCAACGACCACCCCTCCG	0
CCCCAAGATTGACGCTAGAA	0
TTGCGCATCGGTCTTTGAGA	0
ATTTGTAAAGTATATGATAC	0
ACCCTCTACAGAAACATCGC	0
CTTGATATGATGCTCGAGCC	0
AGGTCGCGGCTGACAGTGTT	0
TACAACTGGATTGGCAGGAA	0
AGGGACGCGCCTGGCGAAGA	0
AATAAAATACAATTACTTAG	0
CACCATATAACATCGTCCAA	0
TGATTGAGAAGACATCTACG	0
CAATGGACTCTGATAGCCGG	0
ATGTTCCAGCCATATAGTTC	0
GGCTGGCAGACAAAGTATGA	0
CGAAGTCCTATGCAAAATAA	0
ACCAATAGGCAAAGATCGAC	0
CTAGTTTGTGTGTTATAATT	0
ACTTGGATACATGTAACACC	0
ACGGTGATTAATTATTAGGC	0
TAGGATAACTACTACTGTAA	0
GTTGGGTCGAGGCAGATGAA	0
CCTAATACCAGCTATAAGGT	0
CTCCTCCCCCCTGGAAGCCC	0
ACCTCCGAGAGCTAGACACC	0
AAGCGTGGAGGATCTCTAGC	0
CTCAATATAAGCAAATCATA	0
TAATTACCGGTGAACTCGGA	0
CCGCCCGCGAAAACATCCCC	0
ACCAGATGCGTGGTCTCCTA	0
CAACAGGGCTACAAAGAAGC	0
ACGTAGAATCAAGCCCCCTG	0
CTCTGGAACCGTGGGGATGA	0
CTCCACCTGCGGGGCAATCT	0
TTCTAACTAAGTCATGCATT	0
AGGCCCGATCGAGGGTATTT	0
GACCATACGCAGAGTTCCCC	0
TCAGCTCCCTTAACCAGTAA	0
AAAAGGATCGCGTGCCACCA	0
TACCTGTGGGAACCAACATG	0
TAATATAAGATATGTATGCA	0
ACCCACTGTCTCATAACAAA	0
ATGATACCCAGCACATTAAA	0
TCCTCGCATCCACAAGACTA	0
CACTTAGGATATAGTACAGC	0
AAAATGGCGAGCTTTGGCGC	0
GTTAGGCCTAGGCTAAACGA	0
ACAATCACAATTTCACACGA	0
TTGTGAAAGGTTAGCAAATT	0
AAAAAAATGACCTCCAGCCA	0
GCAGAAATGTCCCGGCTCAA	0
CAAATAAGGATACTCGCATC	0
ACACCAAGTATTCGAGCACC	0
GCATGAATCAACCGGGGTGA	0
TTGAGTCCAGTGCACAAAAA	0
AACACGAGTGTTGTAACATA	0
TGAATGAACGATATTGGACG	0
CTGGACAGATGAAGCCATTG	0
GGTAAGATCTACTATACCAC	0
AGAATGCACGCGTTGCCTTT	0
ATACTAACTGCTTAGTAGTA	0
GTAGCGGAAAAAGGGACAAC	0
TAATCGCGTGGAGCAGACGC	0
GGAACAAGATTTAATAGGAG	0
AAGCTGTAACACATAAAGGG	0
AGGTGAACGCTCTTAGGAGT	0
ACTATCCCGTGTGTTTTAAG	0
AGCTAAGAATTACAAGCCCA	0
CAGACGACACGACCGGCTAT	0
AGCTTTCAAATTTTCACTTG	0
TCGGAGACCGCCTCTAGCTC	0
GGCATGACTTCACCAAATCA	0
GTCACCAGCCGCGTCTCCGA	0
GTTCTCGATGTAACGTTTTC	0
ATATACTTGCTCGGGCGAAC	0
TCAGCGTTAAATAGAGATCG	0
TTATACACTTAGGAGAGACG	0
GGCAAGGTAATGTTAGGACC	0
TCCGATGGGGTGAGAAAAAA	0
CGGACTTGAGGTTAGCACAC	0
ATTGACTTGAATACTACACT	0
GAATAGAATCGCATATCGAC	0
GCGTTTAGTGATTGACATGC	0
GTAAATTTCGTCCCACGAAT	0
CCTACCCTGGACCAGCAGAA	0
AACAAGACATCTACAAAAAA	0
GCACCTGAAGCTTGCCACCA	0
GAATCACTAGAGTAGGACTC	0
GAGCCCGCCAGCTATGGACC	0
TAAGACGAAATCTCACCATA	0
ATGGTGATCAAAGCATTTTG	0
GTAGGGACATTTAGGGCGAA	0
TCACACTGACAAGATAAAAG	0
CGAATACTTCCATCGCGTCC	0
AGTTGAACCAGAAGGACTAG	0
AAGCACTCCTTGTTGCCTAA	0
TAAGACACAGTGGCATCAAT	0
GACACAGTCCACCAAACACT	0
ACACCTCCGGGGATCCGAAT	0
AGACATGTACCCGGGCGCCG	0
TTAGCGGTTAATAGAACAAT	0
AAAATAATCGCGAGAGCGAG	0
CATATCATGGGAAATGTCCG	0
TGCGTACTGCGTTATAGATA	0
GCGTTATTAGCCCTATAGAT	0
GGGCACCATATCGTTTCGTG	0
CGATTACACCCAGCTCTGAG	0
AGAGGAAGCATCGAACAAAT	0
TAATGCTCATTATTTCGTCG	0
ACGACGTGTGAAGCATAAAC	0
ACACGCCACAAGGCAGCTCA	0
AATGAGTAGCATGGCATGCC	0
GCGATATGAGAACGTAAGCA	0
GAGTTTCCCAGGCCAACCCC	0
GCCTGTATTCAAGACGTGGA	0
GATTAAACCCCAACAACGAA	0
ACATGAAATGCGAACGATCG	0
ACGGGGCTGAGCGGCTTCGA	0
AGCATCAATTGCCGGTTTAT	0
GTACAAAAAAATGTGGCTGA	0
GTCGCATTCTTTAGTCGTAT	0
ACCGACAGACCGGGAAAGTC	0
AGATAAAGAACCCAAAGGGG	0
CACAGGCAATCGTGCCACAT	0
ACAAACACTCATTGTTCAAC	0
GTTGTGGAATAAAGGCATAT	0
ACAATCACCGCGCACCCAGG	0
GTTGCGACAGGGACTTGACG	0
GGGCGGATAACCAATAAGGA	0
AAAATACCGAACAGCTGAAG	0
GTTTTTATAGAAACTAGATC	0
GGGAGCTCATCGAGGATTAG	0
AGAACCTTATCCCCTAAGCC	0
AACATAAATATTGGGACCTA	0
CCTCCTCATCACTGCTCTCA	0
GGAGCGAGTGTGATGACTAA	0
CAAACTAACGCACTCACCGG	0
CTGACTTCACATATCCGAGC	0
AAACACCGCATGGCTGCATC	0
ACAGGCTCAGCCTCTCAGAC	0
GGCATGCCGGTGAATTATTA	0
ATATGACTGCTAACAGTGTT	0
CCGGGATATCACATGTACAA	0
AAGCACCACATAACCCGCAG	0
AACAGAAGCTCGATACCCCC	0
CTACGCTAGTGGCAAAAACT	0
TTTGCCCCTGACTTAGGCAC	0
CCATACTCCCTGTGCCCGCT	0
ACTTAGACTCACCTATAGAA	0
CGAAAAACTTGCAGAGCTAG	0
CAAAGCCATATAGTTTTCAA	0
CGTCGTCGTAAAAGTTCTTA	0
ACCGTCGATGGCTGGCCGAC	0
CTCATTGTTAACAATAGGAT	0
TACCATAGATCTGTGAAGAC	0
AAGGATACCGTAGAGCGCGA	0
GTATCTACCCAGCTGGGCAC	0
TAGATAGAGCTTACTTGAGG	0
TTTTTATCAAAAGGCTTATG	0
GCGACGCACGTAAATAGTAA	0
ATCGACATAGTGCTAACTGC	0
TTAATTTGAGATTTAGAGAT	0
CAACCTTATAACCAGTCGGC	0
AAAGCCACTGAACGAGTGAA	0
CAAAAGCACTGCAGCAGTAC	0
GTGCTCTACCAAACCAACCT	0
AGCCTCCTAGGGACTCCAAA	0
CACAACAAATGGGAAAAATA	0
AAGAACAAAATAGGGAACGC	0
ATCCACGTTCGCACAAAGGC	0
CCATGGCAAGTCCATTCTTC	0
CACACGTAGCTCATAGCGAG	0
ACAAACAAGTGATATTTTCT	0
TCAACTTCGTGCCGCGCTTT	0
TAGCCGAAGGTGCATCACTC	0
AAATGCCCTCAACATAAAAC	0
AGCCGCAAGATAAGTAAACC	0
CCACATGAATCGAAGTCAAA	0
TGTCACACGTTACAGTAATT	0
TTAAGTCTATTTTGCCGGAC	0
GTACACCTCCAACACCCCTC	0
CCGGGTTCAGGCCTAGACGT	0
ATGGTGCTACTGGACCCTAA	0
CTAAAGCAAACGGGTCGCTC	0
TAGTAGAAAATTTACCGCAA	0
AGGTAAAGTAGTACCACCGC	0
GCCGACCACGACCAATTATC	0
GAGAATTTAACATAAGAATC	0
CTTATAACTTCTAAAAGATG	0
TGACATGAATCGCATCATGC	0
AATGTCACGTACTATGGCAG	0
ACAAGATCCTAGCTCAACAT	0
AACTGATGACTCTTGCGCAC	0
GGTCCGCGTTGTCTTGAAGC	0
AACTAGACCCAGTCATAACG	0
ATTAGCCTTATATCCTATCA	0
CCCAGTACAACTGTCACGAT	0
ACGATTTCCGGTGGCAAACA	0
AGCGTCCCACCATATTTAAG	0
AGGTTAGAAAATAATAACGT	0
GACCAACCACATCCTTTATT	0
AGGCTGAATGCACCCACATC	0
TATCGACACAAACATCTGCC	0
CGGATAAAGTGCAACTCTTA	0
AGGCTTTCTGGCTAATTACA	0
ACAGGAAACAAGTAGAGCCA	0
CTGCAATTATATCACCCTGG	0
GTTAGGATCTTGCCAGAAAA	0
ATAATATAAATTGCTACACG	0
CGCGTTGACATACAGTCGTC	0
AACGTAGTAGGACTCAAGCT	0
ACGCATTAGACAATGGGCAG	0
AACAGCCACCACGCTGATAG	0
TATGGAAGCAGGTTATAACT	0
GTCACTAACGTTCACCGTAA	0
TAGGATGCCTGAAAGTTTCC	0
GCCAAAGACAAACTGGTACA	0
AAGCACTAATGAAACCCAGC	0
ACTCGCAGATATGGGTGGAG	0
TCGAGTAACAGCTTGATAAC	0
GAGTGCTCCTCGCGAGCATG	0
AACAACTTGCGCATGCTATT	0
CGCATCATCATGCGTGCTAA	0
TTCGCGCCGGTGCGGAATGC	0
ATTCAACCTGGTGAGACGCG	0
CAATTTCCTGATGCCATTAC	0
GTGACCAGCGAGACCTTGGC	0
AAATCTAGTTTTCGCAACCC	0
GCCTCCAATACCCCTTACGT	0
GGGCACTTAGTTTGCACCAC	0
GTTATGTGGTATGACTTGTT	0
CCCTACACATAGGATTACCC	0
CTCGCCCGTATACCCCTCGC	0
ACAGCACCAAAGCCAAATCA	0
TCTGGATTATAGATCATAGG	0
AATGAACACCTCTCGTCAAA	0
GGACGTAACTAAGAGGGAAA	0
TGGTGGGGATGGAGCGTGAA	0
TCCGAAGGGACCTTAGCAAC	0
TCCCACCGCCTACAAGTACA	0
AACGCACCGTGCAGTGCCAT	0
AGCTAATGTGGTATTTCGCT	0
ACCTGAGAATGCAAAGACCC	0
TCACACTAAATAAGTCAAAA	0
AGCATTAAACTCTTTAAAAA	0
ACCCTATTGAAGCTTTCAAA	0
ACGCGAGCCTCACCTTGAAG	0
GCCCACAACGCCCCCGATCG	0
TCTTCGCATGAATGTACGCG	0
GCGCGCCAAAAACGAACGTT	0
TAACAAGCTTAGTGGTTGTA	0
ACACGACGAATGCCCTCAAC	0
GGTGACCGGGAATAGGGGAA	0
GCAATAGTGGTGTATGACGA	0
CAGTAACGCCTTCGCACGGT	0
TGAAACTACGTTCATGAATC	0
ACTTTGTAGCAACCCGCAAG	0
ACGGATGATCTCGCAAGTAA	0
CGACATAGCACCTCGAAAAC	0
ACTTAAGGATGGGCAGTGGA	0
AGACTTGGACGAAAAGAACT	0
TGTGATTCAAAAAACCAAGA	0
TGAAAAAAAACCGTACATAA	0
GACCCCGTAAGATAATCCTC	0
CAGCAGCCACTGGAAAACCC	0
GTAATCCCTCAACTGCCCTT	0
AACACTCAGAGGACTGCTAA	0
CGCAGGAGCGTAAGAATCAA	0
TGACGAACGCACCTTTGATA	0
CCGACGGGAGTCTTTGGAGC	0
ACGGGGTATTAAGGTTCGTA	0
GAGACGGAAGAAGGCCCACG	0
TGTCACACGTGACTCTTACC	0
TCATAGTACCTGGCTTCCAT	0
AACACGCGCTCGTACAGCTG	0
TACGCATGTTCCATCAATAA	0
GACCCTTAATGCCCACATCT	0
CATTACAAATGAAAGAGAAC	0
ATATAGGCGTACATAGAGGC	0
CAAGACATGATCAAAACTTT	0
CGCGGACAAATTCGAAAGTC	0
TAGCTCAGCCGACTCAAAGA	0
ACTTCGTGGCCAACATGGCA	0
GCTTCCTCACTCAAGGGACA	0
AGCTCCCGTCGCCTATCTCC	0
AATGAGCAATGGGATAAATA	0
ATCAACCTCTCTTGTTTACA	0
ATCGGCCTTAGCCTGCACGC	0
CCATCCCGACACACGTCCAA	0
AGTGCGCCGATAGGATGACA	0
CGCGACTTGGAAAGGCGACC	0
TAACAATCGGAACATGCCAC	0
TGCTCGTGATGCACACACCG	0
CCTTTCAACCATTCGCTCAC	0
ACTGGTGATACGCCCGAGTG	0
ACATGCAGTAACTGCTGACA	0
GCGAGGCTTCTAAGCGAGTC	0
TATTTTTGTGACTCGTATGG	0
GGCCACGTAGATATATTGCA	0
AAAGCAAGATACTCTGACGC	0
AAGAATAGCAATACAACGAA	0
CCGCTTTACCAGTACCCGCA	0
ATCCTGCCACGAACTATCGC	0
GGCACTAAGAGTCATTGAAG	0
AGTGTTCTTGTAACACAAAG	0
ATTGGCTTGTGTATTTCTTG	0
CAACCAAGGGTTGAAAGCGA	0
TGAAGTCCTCCTGCGTCTCC	0
CGTAACGAACGAATTCCCGA	0
CGGTGCTGTGCGGAAACGTA	0
AGCTTGCCACTGTACACATA	0
ATAATTAACGGATCTGCTAC	0
TCGCTCACATCCGCATTAGT	0
TATATAAATCTGAGCCCAAA	0
CACGGTCTAACAAACACTGC	0
AACACTATCCACTTACCACC	0
TCTTAGGAAGATGGCTGTTT	0
GAATTGCTGTTCCATTAAGA	0
GACCGTAAATTACTCAACTA	0
CAACTTTCAGCGCGTCACAC	0
ATGGCTCTAAAATGTGCGAG	0
AGAATTACGTACGTAGTGTT	0
GGATCATAATAAAGATGCGT	0
AGATGAATAAGCCGCGGCCA	0
ACGATAAACGAAGTTTCTGC	0
GGTGGTAGCCACGGCACCAA	0
CGCAGGCCGCTCATGCAACC	0
GCCGACACTAAATCGCGATA	0
TAAGAATAACATGCTAAACT	0
ACGCAACAAACGACGCTGTA	0
AATTGGCGCATAACGCGAAT	0
GTGTCATCACCACTAGACCA	0
GGGAATTAGCCACATAAAAA	0
GGTACGAAAGGTACGGACGT	0
TACGAAACACTTACGTTTCG	0
TGCTCTTACCTATGGTATGA	0
CATCTAACTCCTCTAGCTCA	0
GTGACTAAAAGTTCTCTAAC	0
CCGCAACGCCTGAGCACCGT	0
CGGAGTGATAAAGTGTACGC	0
CAGCATACTATCCAACAGCC	0
TAAATACGATGGAACTCTGC	0
GCCTCAACATATCGCGAGTT	0
GTATGATTGCAGCATCGTTT	0
CCTAGCCAACACAATTAACC	0
GATGGGACATTAACGAATAT	0
CCATCGCGCCAACAACCTGG	0
CAAACTAACAGTTCCACGAA	0
ATACCCCAGTAAGTACTATG	0
TGCGTACTCCTCAAAACATC	0
TTCAACCTAAACCACTTTTA	0
ATGGTTGAACAACAACCCGG	0
AGATCATGGTACTAAAGATT	0
GTCGGGAACTACATTCAGGA	0
ACACCCCCAACGCGGTCTAT	0
AAAGGGATAATAGGTAAATG	0
CCAGGGCGCGCAGGTCGCCC	0
CTTATTTTTCGGCACACGGC	0
AATCCGAAAAGAAAATGCGC	0
CTTATCAGACCCTAAACGAC	0
CAAGACATTACGTTGTGATT	0
ATTATCCCAAAGATCCTGAG	0
AGATGCGTAGATGCAGAGAG	0
AAGAATAGTTGCATTCCTAA	0
GCGGAAGAAAGGGTATGGAC	0
TAGAATCGATTCAACGCGTA	0
CGCTCAACGTCTTTAGGGCT	0
GTAGAAATACCGAAAGCGAT	0
TGACTCGGCAAAAAAAGTAC	0
TGCTAACTCAAAAAAGGTGA	0
AACACAACAAGATATCCCAG	0
TGCGATGTAAGAGCGGACGA	0
TGCCTATCCAAGTTCGCCAT	0
TGACATGGGCGGAAATTTAA	0
TAAGCTCATTCGCTCGTTGT	0
CTTAGATTGAGACGTACTAA	0
CACACCATACACATAACATC	0
CATGTCCCTCCCTACCGAAT	0
AGCAGCGGCATCCGCCGAGC	0
ATTGCTTTGCTTAGGACATC	0
CACCAACTCCCACTCACTCC	0
ACGAAAAAGCATAATTACCA	0
TAAGATCAAGACTATACCCT	0
GTAGCACGAGAGTCTTAGTC	0
CACAAACGATAGCTACGAAA	0
TATATGAAAGGGTTGTATAG	0
ATACATGGGGTGCATCGCAT	0
TATTCCAGCATTTTGATTTG	0
GAAGACTACATTAAGGCATG	0
TTCAGAAAGTGCAGCTTCAG	0
AACAATCGCATAACCATAGC	0
CATTAGCCTCCTACCGAAAC	0
CGCACCGTACCCTAATCTCC	0
GTCATACCTTTCATTTCAGT	0
CCGAATCATACATGAAGGAA	0
TAAGTATATATGATCTTAAA	0
CAGTACTTTGACATGGCAAA	0
GAGAAAAGCGCCAAGCCGGA	0
GCGCCCCGCCCCCTCCCCGG	0
CCTGCAGTGATACACCCTGC	0
ACAAGAACGATTTTGCTTTA	0
GGCATAGATTACTAATTGAG	0
CTTTTTAAGTAAAATGATTA	0
TGACTCCTGTATGGGTAACA	0
ATTACTGTCACACATTCCCG	0
GCGCCTCGTGAGGACAACAT	0
ATTTACCAAGAAACAATGTG	0
CGCGGGCACTAAAGTCGCTC	0
GGGCACGAACGCACGAGGGA	0
TCTCTTGATTTATCTTCTAT	0
CGTAAAGACTGTAGAAATTG	0
TGAGACCATTATCGTCGGAC	0
GACACCCGACAATACAGTGC	0
AGCAATCTTTGCCCTCACTT	0
CACCAACACCCCCACCTGAA	0
TCGTTCGCTATTAGACATTG	0
ACTAAAAGTTGCTCGACACA	0
AATGACCGCGGCAGATTTCA	0
GGCCACGGCCATCATTCTGG	0
TCCTGTTTGTTCCGGCGCAA	0
TTGCACCTGAGATGAGCAGG	0
AGAAATTATGGAGTATAATC	0
AAAATTCCTTACCGCGAATG	0
GAGAGACTGGGTATCTATGA	0
TGAGCATACCGCAGTATATA	0
TCCGCGCCAACCATTCTGGC	0
GCAATCACTTTTTACCACCA	0
TCAGGGCTAAATGAGAATAC	0
TCCGCAACAATACCGAGAAA	0
GCTCTCTTGTTACGTACCAC	0
GAATAAGGACTAGATTTTTG	0
TATCGGTTATTGCTGGAAGG	0
CGATCCTACCTTTACATCAT	0
CATTCCTAGACGCCTTATGA	0
GAATCTCACCATCCAACCCA	0
AGTTACGAGCGATACAATCC	0
ACCGTCCTAGAACCGACAAG	0
GAACCCCTAATGGTGCCCTC	0
AAAGCATGAGGGTAAGAAGT	0
AACCCACCCGTTACCCAAAT	0
GAGCCACACTGCACACTGCA	0
TGCAGCAAACCATATGAAGT	0
TAAATATTGAATCTAAATAC	0
AATATTAATCTTATTCATAT	0
AAATACCGAGAACTACTGCA	0
AGGCAAGGGATACCTGACCA	0
CACGCCGGAATAAACGCCCC	0
CACATACCATACAACAAAAC	0
GGTGTACTTCAGAAAATCCC	0
ATGAATTTACAGAAGTAAGA	0
GCCAACGCCCCAAATAACAC	0
ATTCTTATATCAGCCCCTGC	0
TACTAACTCGTGCGAAGGAA	0
GGCCGTACGGGGTCTCCGAG	0
TACTCTCCGAATGCCCATAC	0
ACACATAGCCAATACGCGCA	0
ACTGTAAGAGTTAGGACAAT	0
CACCGCCTCCCAAGCCTCGA	0
GCACGCTTAAAAACAGCGTG	0
TTGCGATATTACCAACTGCA	0
ATACGACACTCCCCAGCATA	0
TAACCCCTTGATAAGAATAC	0
CGCCACACGTTAATTGTTGC	0
AGGGGCCCATCCTTTGCTAA	0
TAAGTTCCGTTACAGTGATC	0
TAAGATTTAACTTTTATTAA	0
ACGATAGAATAACACCGCAG	0
CGAGAAAAGTTCATATTAGC	0
GCCAGCTTACAATGTTAAAA	0
CATCTAATGAAAATGACCGC	0
AACCCGGCCCAAACATTAAC	0
ATTGAGGACAGAAAGCAACG	0
CTACCGAAGGTAAACGAAGT	0
TGTGAGACCCCCTTCAGTAT	0
TCAATGGTCTGTCCAAACAA	0
CAACACAGGGATCAATCCAC	0
AAACCGACAACACTGCACAA	0
GGCCAATTTTATCGCGTGTA	0
TACCTACGGGGGCGGAGGGT	0
GCACCGAATGACTCAAACCC	0
TAAATACTGTTAGCGTTAAT	0
GCAACACTTTGTTTTGGCAG	0
AACGCTTCACCCCGTTTGAC	0
TTGAAATAGAGATACCACTT	0
CCATAGCTTAGATTGACTGA	0
AAAGATGCCGGAGCACCATC	0
GCGCCTTATGTAATCACTGA	0
GACGCGGTTCAAGCCTCAAT	0
ACAGTCTCCCAAATCAACCA	0
CCCGTAACCGACCCTTAGGC	0
TTCTTCAAACCTAACTAACC	0
TTGCGCTAAGCTACTATGGA	0
TATAGTGGTTAAGTGTGCTG	0
ATCCATAATAACGAACTGAC	0
TTATGCAGTGCCAAAACACT	0
CTACATCATGAACACATACA	0
ATAGATGAGAGACTACTTTA	0
ACGATGCACTTATTCGGCCA	0
CGAATTTACTGCACTGAAAT	0
ATAACGCAAACTATGAAGGC	0
ACGACATAGCCAGTAGGTTC	0
ATTGATATTCCCCCCACCTC	0
AGACGCGTTGGCGCAATACC	0
CCCTCCGTTTCCTCCTTCGC	0
CGGATGAGTATAGCTAGCCC	0
AATTTGCGATTGTAAGTAAA	0
GATGTTTCTACTGCCATTTG	0
AGACGAGACTAAAGGGGACA	0
AAAAGTACTAAATGAGACGT	0
GACCTAACCCTTTGAAAAGA	0
GCCGCCAACGATAAGATGCC	0
TTTGAACTTATGGTAATCGT	0
GCAGGAATTATTGTTTAGAA	0
AAAAGGTCCCTAACATTCAC	0
CAACCTCATATTCTACGACG	0
ACTGACCTAAAGACACCAAT	0
AAATCCTCCGCTCCCGGGGC	0
AGGTTAAGTAATATATCGTA	0
TGCTTGCAGAAGTGTGTTAG	0
ATCGATAGGAGCATCCCTGC	0
ACAAAAACCGTATGGAGATG	0
CTCATAAGTCCGCGCCATCA	0
GAAAATGGTGAGCTCTGCGT	0
AGCCGCTCCTTTCGATTGCA	0
CCAGCAGAACCTCACTCAAG	0
GCACAAGATATTTGGCTAGT	0
AAGGCAGAAGTAGATACAAG	0
AAACATCAGAAAAAGGGCGG	0
AGTAAGTGCACTACGAGTAT	0
GAAATATTAAAAGCCTAATC	0
GAATAGGGCGCGTAACACCA	0
TTTGAGGCATGCTAAAGTTG	0
TTTTAATAATCTTACCAATA	0
TATCCTCTTGAAAGTAGGAA	0
AGTTGGTGCCTTGAAGACCA	0
GTCAAACGTACATGAATAGG	0
GGAGCGAGACTGTACATAGG	0
AGAGCGGACGGCGACCAGAA	0
CGGTCTAACGCCCCAGAACG	0
TGCTGAGACCATCAATGAAA	0
ACAAAACTTTGATGACCCCC	0
AGTAGCTAAAGATATAGCAC	0
AGTTTTCACAAATACTCCAC	0
CCCATCATTCAGGCTTTAAT	0
AGCTTTGTCCCATTAAGCCA	0
GCTCGCAACTTATAAGATGC	0
CGCAGCTGTCCGTATACATT	0
GCACCTTGAACGCTTGAGGT	0
GAACCATAAAACCCCAAACC	0
TTCTATAAGATGGAGTCATC	0
ATCATTAACCTAAATTCCCA	0
ACCGAAAATATCTCAACACC	0
AGAATAGAGAGACAAGTTGG	0
TATAGCATGATTGTGCATTA	0
TTCATATCAGTTCTAAATTG	0
ACGTGAATCTTCATCATCAC	0
GACAACAGACAAATCGAAGA	0
ATCCGCCTTGCAAGAGCTCA	0
GCTGTTAAAGGTATTAAACT	0
GTGGGCAACACTCATATGAG	0
AGCGGCGCGTATTTTCTTAA	0
TGCTGAGGATTGAACGCATT	0
GAGAAGGTTCTTTAATAGGA	0
CACGCCTGAACGCCAATAAT	0
AACTTAGCACATGGTGGGCA	0
AGGAAAAGTAAGTTAAATGT	0
TCACAGAAACGAGTTGTGGA	0
CTAACTTTACGCACCTGGCC	0
ACATGAGTTAAATGTAGTAA	0
ACCCGTTCGTCACCCCACAC	0
TGTGAGTATAGAGTGACACA	0
ATAAAGCACGGCCAATGATG	0
ACGCCCTAAAAGCAATACCC	0
TCAAAATATGAGGCCGACCC	0
TCGCCTTAATTCCCCGGAGG	0
CTAACAGAAACAAATGCCGA	0
GATTCAAAAAGACGTGTGCA	0
CCTAACCTCCACAGAGGGAA	0
GTTCCTCCAACGCGATTTCA	0
ATGCCTATCTGGCCGGCTAC	0
TACCTTATATGAGAGACGCG	0
CATTCCACCCATCCGATGCC	0
ATCGAACACCACGGTCGGAT	0
TGTAAACCACATTATCGTAG	0
AGTTGTGCATGCGCGTGCCA	0
GACGAGATCGAAATGCCGGC	0
CCCCATTCTTTCAAAATTAT	0
ATCTACAGGCGGCCACCCAG	0
GACGCAATTCCAGCAATACT	0
TGTATCCTGCTAACTCAGTA	0
TTATGATTATTAACTGGAAC	0
ACCTCCTCCCCGATACAATC	0
TATCGCTCTATTGCTTACGG	0
TTATGGGTTTGAATCCACAA	0
GCTGGCGAAATTCCGGAGGT	0
ACGAATCCCCTACAAGCGGC	0
ACCTTAACAATCTCTCTTAT	0
ACTTCTGAAACAAGGGCACC	0
GTACCCAACATCAAGCGCGT	0
AACTAATAAATAATTGTAAA	0
GCCTCATAGAACGCAAGCCA	0
AATAATAACGTAGGATTTAA	0
CGATGCATAACCGCTTTGGG	0
CCCCAACACTTCCCACCAAA	0
ATCCTGAGGCTATTGCCTAC	0
TCATTACCCACAATTGAGCC	0
GAAAATATAAGTTTTTTAGC	0
ATTATGAGTGTTAACCCGAT	0
CGATATCACAACGTCATGTC	0
ACGGACATAGCTAAATTATA	0
GCGAACACGAAACAAAATGA	0
AGCGATATCGTGGAAGGCAC	0
AACTGGGGATCACACTAACC	0
GAGTACGAACGAAGGCCCAC	0
CAGGGTGTTTGATTGCTGAC	0
ACATGCCGCATTACACACCG	0
CAAATCCCGAATATTGGACG	0
TAATATGATGTTGTGACAGG	0
TGACTGGAGCACTCAAAGCA	0
ACGCAGATAGATGTAGCCAA	0
TTGCGCATTCTGATACATGC	0
TAACGTCGATTGAGCGCCAG	0
GTTGACGCACATTCTCCTGG	0
ATGTGTTCCTTTTTCTACAC	0
TCCTCAGGGGACGGAATAAA	0
AGTATCTGAAATACAACGCT	0
TCAAAATGATAATATCACCC	0
CACGAGTGTTACCGCCCACC	0
ATATTTCCGATTCATAGAAC	0
TGATTGATTCACCTTGCTTC	0
TACCAGCGCTCGAGGGTGCA	0
GGCCGCGGGCTATCTATGCC	0
GGGGATCGTCAGCTTCAGAT	0
TTTGGCCTATACTCATTAGA	0
TTAAAGCGTTATCAAGCGAT	0
GAATTTATTGACGAGACCCA	0
CAGACCTTATAAGCACAACT	0
AATGAAAGTCATTTTACGAT	0
GTCATATGTAGACCATGCCC	0
GCACCATCAACGAGCGGTGC	0
AACTGATACGAAGCAGGTCA	0
ATGTCTATGAGATATTCTAT	0
ATTTGACCGGAAACATCTCA	0
TGATAATCATGAGCAAGAGC	0
AAGCGCCCCCTGAATACACC	0
CGAAGGAGCGGTACCTAGCC	0
TAGAAAACCAGGGCGTACTC	0
ACTGCTAGGTAAAAGATTCA	0
TAATGAAGACATGCTACCTC	0
CATTACTCGTCTTCCTGTCC	0
CTTCCCTCAACGTGTAACCG	0
AAGAACATAACGTGGTCCAC	0
CATCCGATAAAAAATGCCAC	0
CCTAGAGGATGCAACCCCCA	0
CGGTACATCCCTTAATCCGC	0
AACCACATACGCCATATGGT	0
GCGTTTTCATGGTGAAATAA	0
AACAGAACACCATATAAGCC	0
AACCATTCCTGATCACACCC	0
GGACTTGTCCAAGCTACCTC	0
TCTAATAGAAGATGAGGTGT	0
ACACTAAAAGCAGTGCTGAA	0
AAGCCTTAGTGACCGGCTGA	0
ACAGAATCCAGTTGCGTTAT	0
GTCTTTACGAGGCCTATAAC	0
AAAACAAAGTTGCATAAACT	0
GGGAAGACTTGCACCCCGTA	0
AGTGGGAACAGTCCACGAGC	0
GGCATGGTGGGTTTTAACCA	0
CCTCGAAAAAGAACATGTAT	0
GGAAAATTCTAATTTCTAAT	0
GTGAGTAAAAATAAAAATAA	0
ATCAATTAGAACTTATGCAA	0
GCCAATTTTGCCTCGCCATC	0
CCCAAACAGTTACCGGCGGA	0
TTAACAATGGACTCAGCGTC	0
TAACTCAACAACAACTCAGC	0
ATGCTCCAGGGGCATGTCCG	0
TCCATCATGAGCCTGCTAGA	0
GATGTATCCTCTTTACCACG	0
GTTGTCGTTGATTATTGTGG	0
CGAGAGTAAACCAAAACCGC	0
TCCATCCACTGAACCGTCGC	0
TACCATAGAGCAGCTTACTC	0
AAGTCCTACCAGCTCTCAGG	0
GAGATAACGTTTGGCTTGAC	0
CGATACATACTACTTAGAGA	0
AGTGGCGATGTGCCTTGGCC	0
TCCCCACAGCGCACAGAACG	0
CGCAAATGAGCTCAAGTTCT	0
CGCGATGGCCTCGTTAAAAT	0
TCGTAATTGCAAAGATTAAG	0
AGGCGACCGTGAATGATACC	0
TCATATTACCGGAGAATATA	0
CTCCCACGATTGAAGACGGT	0
ATAATATGACTAGACTGATA	0
GCGCATAAATTATGGACCTT	0
CGAAAATTTGACACTAGTTT	0
CATAATTGTCGACCTGACAA	0
AATAGGGGGCAGAAACCTTA	0
AGTATAGCGAAGCCTGACGA	0
AAAGACTATAACACCATGGC	0
AACCCAAGCCGTGCAACCAC	0
AACAGCGAAAGATAGAAGGT	0
GAGGCGGGGAGCTCAAAATG	0
GAATTTTCAAGACTAACGGG	0
TAGGGCGTGACCTGGAACCA	0
CCATAAGTAACTCTGCACCA	0
TCTCACACAACATCAAGACC	0
ACTTCAGATTTGGCTCAAAA	0
AATTGCAAGTCCGGTAACGT	0
CAATAAACTTAAACGGAAGA	0
TAAGACCATTAGAGTTCTGG	0
GCCTCTAACGAAAGTTCGAA	0
ACGCAAGATACAACGGGGCT	0
AGACATACCCTAAAAAACGT	0
ATGTAACCTTGGAGAAGGGA	0
AAAACTACTAAAAGGGCCAC	0
AATACCACCGGGACCAATTA	0
ATGGCACTAGCAACCCTCAC	0
TGATTTCATGCAAAGACATT	0
ACGCAGCCATACAAAGACTT	0
GCCGGAACTACAGCCGGAAT	0
ACCTACGACACGCGCCTCTA	0
GGATAGGGGCAAAACAGTAC	0
TGCCCTGCCCTCGGTGGCAA	0
CTTGACACTTTAAAGTCTTT	0
TCGAGACCCTTACGTAAGTT	0
TGCCACCTGGAGCTAGGGTC	0
ACTCATGCATATCTAGCGCA	0
GTAGGCTTAACTTTCACAGG	0
GCGACTATACCCAACGTTAG	0
AAACGAACAACACATCAAAT	0
TGGCTTAATATGCACCGAGC	0
TGCTACTGGAGAGGGAGCAG	0
GTACAAATGGCCTAAACCCT	0
AATTTGTACGGGCTATGGGG	0
TACGCGTGTAACGTCCCCAC	0
TACTGCTCGAATGGGCTTTT	0
CCGTCGACCTGGGCTTAGCC	0
GCTTTAACACGGCAGCGTTC	0
ATGCATTTTCATTGAACCCG	0
CGATTCAAAGGGGAGAAACC	0
AAATTTGGCCAATAGATAGC	0
GAGCCCATAGATTTGCCGGT	0
TTAATAAACTAATCAGACAC	0
TTCCTTATACCCTTGTGCAA	0
AACCAACTCAAATCATCATC	0
GGGTCAGAAGGTGCCACGCA	0
ACGAGAGACACTACTCGAGA	0
CTATTTGGACAGCAACATAG	0
TATCGCGACATGGACTGAGC	0
ATCAGATATTCTCTGGGGAA	0
AGACACCATCCGCCTGGACA	0
GATGATAAGTGACGTCGGCA	0
CAAGAAGGATTACAAACAAT	0
CTAAATGAAACCTACGCATA	0
GAACAATGCAACGTTTAGAA	0
GGCATGCTAGACAAGATTTC	0
TCACAACGTGAAGGTTAGTA	0
GCCCTGCGAATAACAGACGC	0
TGATTACTAATAACATGCTG	0
TTTCTGCCATATTAGATGTA	0
CGTAAACGAGAGGCCATATC	0
TTAATGGTTGATGAGAACTA	0
CTTGGATCAGGCAAATACCG	0
AACAGAGCTCGGGCTCAGGC	0
CAATGCCAGAGACCTTTGAC	0
CCTAAGCCACGTAAGAATAC	0
TGTATCCAGATTATCCCCGA	0
AAGTGTTTTCTCATAGTACT	0
AGCCCGCATTCAAGGGTAGC	0
ACGCGAACTGGGCAACTCTG	0
GGGATTGATGACCAGGCGGA	0
CGAAGGTGTTGGACGGAAGT	0
AGACCAACTTAGAATTATAC	0
TCGCAATAAGAATAATCGCG	0
TTATCCGCGTTGTAGAATGA	0
TCTTGAAACGATACGCAGCT	0
GGGGATGGGGAGTATTCAGA	0
AGGGCTTATCGCTTAACCAG	0
CGTTGATATGTGATTGGCAG	0
TCTCTTTATATTCAGAAATT	0
AGCAACCGGGTCTGATACCT	0
TGAAATGGCAATCGAGTCTT	0
GTTTAATGAGGATTGGTCCT	0
GCGCGAAACTAATCGCCTCA	0
ATGAAAACATATTAAAAGTA	0
TGCAGGCAGCCAGTTACAAA	0
CCACAGCGAGATATCGATAA	0
CAATGATCAATCCCTTTCAC	0
AAAACCAGAGCATGTTATGT	0
ATGTCTGCTTCAGAAAAAGT	0
GGGGAAATTAGGAGTTTGGG	0
CCCTAAATAAGGGCGAGGCC	0
TGGCTTGACGTCCATACGGG	0
ATGGGGTATCCTAGTAACCG	0
TACCCACTAACAAGGACAGC	0
ACTGCCATGTTAAGTCGTAG	0
ACGGACGTTATCCTACAGGG	0
CGAGCTCGATACGCCAGAAG	0
GTCAACCAGCACACGGCCAT	0
TCACTTACTCGCTGGGCGGC	0
GTGGGGCGGCATGCTGCTGT	0
TGCAAGACATGCACGTCTTA	0
TCAAACCAAAGATGTTGCAC	0
GGGGTGGAGAAGAAATAACG	0
TATGGACGTGGGGTAATCGA	0
GCGTTACAGCGCGATCGTCC	0
GACCTCCATCCATAGAGAGT	0
CTAGTTCTCAATAGCAGTTG	0
ATGTGATGGAATTACGAGCG	0
TGTTTCATGTAGTTAAGGTT	0
GTACTTAGATCTGAAGCATA	0
AACGCTGAGTCCTACGTGGC	0
TGATTACTACGCGCTAAAAA	0
TTACTGTTTCAAGTTCCGGC	0
TGGGCAAATGCGTTCGAGTT	0
TATAATTCCGATCGAATCAA	0
GATCGCCTTCTCCACGACCG	0
ACGCTCCTACCCTTGATCCC	0
TAATATTTCTCAATCGGTAG	0
GATCCGGTCTTCACCAATAG	0
GTAAAGGTTCATGGCAAACA	0
TCAAAAGATAGCATGAGCAA	0
GCTAACCCTCAGTATATGAC	0
GCTGTGAGGTGGGGAGTGCA	0
CCTTATACAAACAACGTGAT	0
GACCGAACGATGCTATGCCT	0
ATGATCAGTTGAGAGATCTA	0
ACGCTCAGTACGCATGTCTT	0
CGTGGGCTACCAGTTTCCAT	0
AGAAGCACCACTGTCTCGCA	0
CGCGCTGATGCAGGATTGCT	0
GATGTTGACGGGAAAAAGCT	0
TGTTGACCGCAAGCAATTAC	0
CAGACATCCAAACGACAACC	0
TCCAGAAGATCGAACCAAAC	0
TACAGTAGCTACTTGTCTAG	0
AAGTGGAACACTTTTGACCC	0
TCTCACGCCAGGGGAACCGC	0
AAAGTTTCAGCTAAGTCACA	0
TATGCTGTGAAGAATGTATA	0
CACCTTGTACCTCCGACGTC	0
GCCAAATAAGTAGCAGATCC	0
TGCGACAGAACCATGTGCAT	0
GAAGAATAAAATGACTATGA	0
AATGAATGCTTAATACCGGC	0
ACCCCACGCGCCACATCTGC	0
TTAGCGTAGTGATAAAACTA	0
GTTTACTCATATCACCAGAT	0
ACACAAATCATTGTAAAGTC	0
CTGGAGCACTACATAAGCGA	0
GATAAGTAAAGTCAGGGTGC	0
AAACAAACGCACCCACTGGC	0
ACACTCACGACACCTCAATT	0
TTATCGCGAAAATCAGATCC	0
CTACACCGGCTTAGAGAATA	0
TTATATTCCGTCCCCGGTGT	0
CACCTTACCCCGTACGCAAC	0
CAGTAGGTAGTATAAACTTA	0
CGATTGTGACTTTTGGCGTC	0
ACCACCACACAAGCAAAAAC	0
GAAGAGACACAGCAGATAGA	0
TTATAGCACCATCTGTTGAA	0
CTATACTATAAAGAGGTAAT	0
CACATAATTTAACAGCCGGG	0
TCGATGCATAATAAGTTCAT	0
AAGCGTCTAATAGTAGACGG	0
CATGAGCGTGCTAACCTCAG	0
GAGGAAGAGGGAGTCCCACC	0
TACGCATAATCGCAATTCCT	0
TCGGTTTTACGTCAAAGCCC	0
TGTAAGATGACCCCGGTTCA	0
TAGTGCTACAAGCATAACCG	0
ATTACACCAAGGCCTGCGAC	0
TCCGACAAAACTAGCGTAAA	0
CCGCGCTACACGAGTAACAG	0
CGATACCTAGCTGCATACCA	0
GTTGACGAGTAAATATCGTG	0
GTCTCTATAGGCAGAAAACT	0
ATAAGGAGAGGATGGGTTCA	0
CGAGTCTAAGCGAGTGTGTG	0
GTTCGTGAAAGCTCACAGTT	0
TCCCCAGCCTGCAGACGCAC	0
ACACGACTTGACGGACAAAC	0
ACGGAATGAGTTTAGCGTAC	0
CTTGCAGCATGGAAGCTAAG	0
ACAAGCGAGTGGATGACTTA	0
TAACCCTCCTAGCCTTAAGT	0
GTCGTACCGAAAGTAGTCGG	0
GCTTACTCATCGAAACGCGA	0
ACATCCACTCATTAGAACCT	0
ATCCGAAACGTCCAGTTTAG	0
AGCGAACTTGGAAACAAATC	0
GAGGCCAACTGGAAGCGAAT	0
TTCAGAACCCATAATCTATT	0
TGGAGCCAAGCTAGTAATGT	0
TTACTCATGCATGGCATGAC	0
GACCCGAATTGACAATAACC	0
ATCTCTCCTGGTTCCAATAG	0
GAACGCGACAACAATTATTG	0
GTATAACATGCAAACATTAC	0
AAGCCGACAATTGAAGAACA	0
CCATCCCAATGGTTCTTCAA	0
CCCGGTGTATGGCTCAATAG	0
GTAGATAGGTGCTGGTAAGA	0
ACGCTGACCTACAGAAGGCA	0
TGCCAGTCCAATACCAAACA	0
TCTCACCAACACAGCCATCT	0
AAACCGTGGAAAAAAAAGTT	0
CATGATGAATGTATCCTCTA	0
GCGTCATACGGAACTCTTCC	0
AACTGAATAATCCCGTGGAA	0
TACTGACTCATGCTTCTCAA	0
CTCCTACAGATGCAATTCGA	0
ACTTTTGCACCCACAAAAGA	0
GGGAGCGGGTTGGATACATG	0
GCCCACGGGACTAGAACATG	0
GGTGATTAGCAGTGCCTCTC	0
TCCCAATGACGACACCACTG	0
CGGAGCGAGCAGCCCCCCCA	0
TACGTCTGGCTATATAGGGA	0
ATTTTTTGGGCTTGGGCACA	0
TATAAGCGCTAACAGCTGAG	0
TTCAAAGCACTAGGTAATCT	0
ATTAGAAAACGTGTCCTTGA	0
GGCACCCCATGGAACGCTCT	0
AATGTGGAACATAAATCAAG	0
TTAAACACCGCAGAAGTATG	0
CTCATTACCCCGAGATCCGT	0
TAAGGCAAAACAGCTTTACG	0
CCAGTTACGCACTCACGCAG	0
TGAGTGAGGGGTAAGAACGA	0
TCTGTTGTTTCTAGACTTAA	0
AAATTCCATAATACTATGTA	0
CTCCTCCACCTGCCATCAAA	0
CGTAATGAATACCAAACAAA	0
CACTTGCAATAGAATGAAAC	0
AGCTGATATTATATTATGCC	0
ACTAGAAAGTATGATACAGT	0
TTACACGCAAGAGAGGTACT	0
ATTAGCGGTCCTGACCTCAT	0
AAGCTGATGATATCTGCCTA	0
GAAAGAAATCCAAACTACCC	0
TAAGACAACCAGATAGTGCC	0
CGCAACACCTTAGCACTGCC	0
AAGACTTATAAACGAGGGCA	0
CTATATTCAGTGCGTATCCG	0
GAAGCATGCCGGCGCTCCGG	0
ATTGCATCATGCTATGAAGA	0
GATATGTGGTTGATACCGGG	0
GAACTAGAACGCTTCAACTC	0
ACAGAATATAGCTTGCCAAG	0
GGTTGAAACCAAACACCGAA	0
TAGCTATTGAGTCTGTGTAT	0
GCGTGCTAATCAAACTTGTT	0
TATGTCATGGATGCTCCAAC	0
ACACCACAAAAAAAGCTGCG	0
GAATCAGTCAAATCCGTGTT	0
ACGGTACCAAGAAAAAAATC	0
CCTCGTGATCCAACGCGCTC	0
ATACTAACAAGCTCAAGGCA	0
GTGTTAACCCCCGCCAGGAA	0
GGAATTCGATGACTCTAGTT	0
ATATAAATGTATAATAAAAC	0
AAGGTCCCCACATCAATGGT	0
GAGGTTGACACCATACTATT	0
CGCACGGTTCCACACCAGCC	0
ATATGGGTAATCGCTTTCCC	0
CGTCCAAACACTAAAGTTTT	0
TGGCACTAACGGGCAACTGG	0
CTGGCCAGCCACGCCTACCG	0
TAAAATCACAGTAAACCATG	0
TCAATCGACAAGTCTACGTG	0
TAATTATTGTAAAGCCCGAC	0
GTCCGACCCAAGGAAAGTTA	0
TCATAAGCGATACCGCATAA	0
TGCTAGGAGATGGCCTGATG	0
AAAGAAGTTACCCACGCCAG	0
ACACACGTGAGCACAAAGCC	0
GCAGATTATGTAAGGTTAGC	0
GAATTTGACCATCGTTCAGA	0
GAAGATCATAACTATCTTTA	0
GAAGAGATAATTTAGACGGT	0
GCGGTTTTAACACATCTTGA	0
TTAGATTTGCGTGAGATTCC	0
ATGCACATTCGCTTTTTAAC	0
CACTCTTGCCTTCGACTGGT	0
TTATTAAGGCAGTGCTGAAT	0
AGGACATGGCACATCCCCCG	0
GTTGCACGGAACGATATTAA	0
TGCTCACGAGTACCTCTTGA	0
TCAGTATCCTAGTGAAGCTT	0
AGTCCCTGTAAATGCGTAGA	0
TCCGGAGCTATGGAAGGAAC	0
TGTTGCGCATCTTGCCCCAA	0
TTTTCACCTGGTAACGGACG	0
TCTACCCGGGAGTTTAGAGT	0
AAATTTATTTCCAATGACCA	0
GCACAAGAATCTAAGAAAAT	0
CGGACAGGATTTAATTGACT	0
TTTGAAGGAAAGATTGCTTC	0
GTATCGCGATGAATAGACCA	0
ACGTGCCCGCAAGGACTGTA	0
GAGCCGCATACCGCCCTATA	0
AGTAACGCTAAAGCCGATTG	0
GCTTAAACCGTAAAACACCG	0
CGTTCCTACCTACTTCTTTC	0
CTACAGAGTATCGTGAAACT	0
ATCCCTCGTGGAATACTTTT	0
ATAATTCAACAATGTAGAAA	0
GACGCGGCGATGAAGGACAG	0
ATGCTAACGAGGCACCCCGC	0
ACTAAATCCCTAGAAATATT	0
GACCTGGGATGGCATTTTCA	0
GCACACAATTACGGGCCCCG	0
TAGGAGTATTGAAACTCGCC	0
GATAAAACACACAGTATCGC	0
GTACTCAAGCATCAGCGGAT	0
GCAAGAAGACAATCTGGCCG	0
AAAACGGCGCGATATGCTTA	0
TAAACGCAAGGCGTGCAGCT	0
CGCACAATTCACACATCCGA	0
GCAGATCTCTCCAAACAATG	0
GCCCGCCTGGAATGATAGGC	0
GAAGCCTTGCTGTGACCCCG	0
CCAATGTTTAAGAATAAAGC	0
AGGAACAGCTTTCAGGGCGA	0
GCGTAGAATGTCCGATATTA	0
GTAAGCTATGTTGTACCCCA	0
TTCGATAAACGAAGCTGCAG	0
ACAACATGACAAGGTTCCGT	0
TAACTGTTAATGACCTAAGC	0
CACACTACCATGCCATCCCC	0
AAAATGCATCACAATGAAAC	0
AAACAGCCGCAAGTTCCTTA	0
CGATGGATGATCAGATTAAC	0
GCCCGGTAGCCCCTACCCCC	0
ATTTGTCAGGTGAAAAGTAG	0
AGCGTAGCGCGCAACGCACC	0
ATGCAAGCGATATGAAATTC	0
TACTCTGATCTTGAGTATAA	0
CATAAGCCACAGAAGTAGCC	0
GCGAATAAACATCCCTCCCT	0
ACATAGTATACGACCTAGAA	0
ACAACTCGAGTTCCGGCCCA	0
GTTAGATAATAATGGTGGTA	0
TTGTGTTGACGGTAAAAAAT	0
GAACTCCGATTAATGCGGTT	0
CAGAAAGAGAGGATTTACAC	0
TGTAAGCCTGACGACTGGAC	0
CGCGCAACTTATAGCATCAG	0
GCAAGGCTAGATGATCTACG	0
GAATTGGCAATAGCCCCTTG	0
TCCTTGCCCCGAGCACACGC	0
ACAGATCCTGCCCGAGCGAT	0
AATGGGTACAATGACAGAAA	0
AACCCCACGGTCTCACGCAG	0
CCCTATTCTGATCTTTCGGA	0
CCTGGCAATACGAAGTCCAA	0
TAGCACACGGCAACTAATAT	0
TCAAGATCTGTAGTTCGTAT	0
ATCCTGCACTTCTTGTATAC	0
CAGGTACTGGCCATACTACA	0
GGTAATCTAGTCCATTACAT	0
CACACAGCCCCACCTGCAAT	0
GTTACTCCCCCCCTCAATCA	0
ATACTGATGGTGCCTGCATA	0
CTTTAGTACCTGCACTCATC	0
CACTATCTGGGAAATTCCCC	0
TGTGACATCGTCGTATACTT	0
TTGAAAAAAGAAACGTGTGG	0
GTTCATGCACCTCCGCTACA	0
ACATTAACATTCGCGTTACC	0
TGATAAATACATGGTGACGA	0
GTGCGTAAGTTAAGTTTAGT	0
ATGCCTCGTATGCATCCCAC	0
GCATCTTTGAAAATGACTTT	0
ACACCATTCGCTCGTAAGGT	0
GCTCCAGCCTGCCGAGATGG	0
CTGAGAAATTTCTAATAGGA	0
TTACGGGAAGTAAGCAGCGA	0
TCTTGACCACAGCGTAGCAC	0
TGATCTCCGTGACTATGGCG	0
TCGCAGGATTAACACTGGCA	0
AGCCCCTACGGCTCGCGTTC	0
GGATATCTTGAGTTCTGGTG	0
TGGTTTACAAAAACTAATGG	0
CTAAAAACCCATAATTTGAA	0
ACCTTGTAGACGTGCTAAAA	0
TATGAAGTTGTCCCCCGCAG	0
CTAAATCGATGGCGCCCGAG	0
CGCGGATACAGAAGACAGGA	0
TACCTCCGCCCAAAATAGTG	0
ATTGACCGAACCAAAGTGAG	0
AAATGTGTTGTAGTGGGTAA	0
CAGATACTTTACAATGAGAT	0
TGTGTTTGTTGGCGCAGGTT	0
CGTCAGTTGTTAAATGAGGT	0
GCACCGCTAATTTTCTTAAG	0
AAGCTCGGAGGATTAAGTCA	0
ATTCATAATAGGTGTCGAGG	0
AGGTCCCGCGCTCAACAACC	0
AGCAACACATGAAGAGGTGA	0
AGGAATTTATACACATTTGC	0
GCGAAACATGACATTATTAA	0
GAGTAGAGACATGACCAAAA	0
TTATTCATCAAGTCAGCATG	0
CGCTTACGTGTAATTAGGCC	0
GCGAAGGGAAGATACCGCGG	0
CAGTAATCGATGGGTTGAGC	0
AATTTGCTTAGTAATCCTTG	0
CTTTGCCTGCTTTGCTTTGA	0
TTCGGAATACGGCCCAAATG	0
AAGAATAATCGGTAAATTTA	0
ACCACTTAGTGACAGAGAGC	0
TCGTATCAAACTCTCTCAAT	0
CACGACGTAATGAACATGAC	0
ACGATACACCGGGTATGTCT	0
CAAGTTTTCCGCAGATAATT	0
ATAGACACTGGAACGAACAA	0
CCCCTCTCACACGCCCGACC	0
CTATGGAACTCCCAGGGAAG	0
GGGTATTTAGACGCCAGTTA	0
CCTGAACGACGGCAATAAAC	0
TTATATTGAATTCTGACAGA	0
AGAGGGAATTGCAACTCCGT	0
GAGCCACCGCGTTACGTGAA	0
TCTTTCCGCTGACGAACGGG	0
ATGTTCTAGCCCCACCTAAC	0
GTGGCACGCGGTGATTTTTC	0
TACGTTATCAACATGATAAC	0
GACGACTATAGATTCAACGT	0
AATAAAGGCATATTATTCGG	0
ATTTGAACGTTCATCAAGAG	0
TACACTAATGAAATCCTTGG	0
TTAACGACCTACGTGTCTCA	0
TAACGTAAAAGTAGAGGTTT	0
GATTAATTTTCAACACGCCG	0
CACGTCCTCCAAAATAAAAC	0
AAAAGTAATAGTGCCGCGCT	0
TAGCAATATTTGCACGGAGC	0
GAACCAACTTAACCTGCGGA	0
TTTGTTAGCAGAAATCTAAA	0
CCGAAGCATATTTGCGGTCA	0
CTGAAGTCAATACATAGTCA	0
ACCACCCCCGCGGCCGAATA	0
GAAAGGAAAATTATTTTCAT	0
GCGAAAGGAACATTTTAATC	0
AATAACTTGCGCTATTCGGA	0
GACTGGAGTACTTGGTGAAC	0
GCTAAGCTATAATTTTGTGA	0
GAGATGACCTAGCACGCCTA	0
CAATGCCGTACCGCACACCT	0
ATAATCGAGGGGGTTATCAT	0
GAGTACTAGAAGCTCGTAGC	0
CCTAGCTCCTCCGGACATGC	0
GATCACCATCCCATCGAAAC	0
ATCTACAGCGTAGTCACTGC	0
TACCTAGCTAGCAGTAGCAG	0
AGATTAATAGCGCTCTACCC	0
AGGGAGTCGTTTGTATACTA	0
ATACTTCTATCATCTATATA	0
CCGTCTCGGTGTTATGAGCT	0
GATTGATTAAATCAACAGTG	0
TGTCTTCGACAACGAATTAC	0
AGTTAAACGATTGGAGATTT	0
ATTCCTGCTTAGTCGAGTAT	0
AACCGCCATAATAGCATCAA	0
ACGACACACCAGTTAATGCG	0
AACCTATGCCCCGATAGCCT	0
CTGGATAACATGAATTGTTT	0
ACGAGTAAGTCTACTCAAAG	0
TCATATTAGCTAATAGAACG	0
ACCGTCACATATTGCCAGCT	0
ACGTGAGGGACGTACCGAAT	0
TGGTAAAAGTTAATTTAGCA	0
TGTCGCACACACTTGCAAGC	0
ATATCAGGCTCCGACCCTTA	0
CGGAGGCCGCTTGTTAAACA	0
GCTGAACGAGTAGGTGTGCC	0
AATAGCATGTGTTATCATTC	0
ATACGCAAACGGATCGGAAT	0
CCTTTTCCAAAACACTGTCT	0
GATAAACTACATGGTTAGTT	0
TGACAGAAAAGGACAAGAAA	0
TCTAGTGAAACAAGCCCACT	0
AGACGCGAGTATATATCTCG	0
GCACGACCACATGCTTATAC	0
ATACTGAGTATCTAGTCAGC	0
GGTATAGGAAAGTCTGTGAC	0
TTTGTCGAACTGTAGGGGAG	0
CTCCCACCCCTATAATACTG	0
CCTAGACGTTAGTGAAAGCT	0
GCGGCTCGAAAACACGTAGA	0
GTATTTGAAAATTAAGACAG	0
CACAGCTTGGAACAAAATAA	0
GATCCCACACCCCCCTTTTC	0
GGGAAATGGGCGTATTTCTC	0
ATAGTATTAAATAACCGCGG	0
GGGATCCAAAGATAGCTGGC	0
AAAAGCATCCACGTACGTAG	0
TTGGAAATGCATCGGCCTAA	0
TAGCCCAACACTTCAGAAAC	0
CGAGAAAATAATATCCTCCA	0
TGTACATGAAGATGTGGAAT	0
CCAGCTCCTATTGGGCATGT	0
ATAGATATTAATTGAACGGA	0
TCCTCGAATCTGATGGTCGT	0
TCCCAGAGCAAGTTATCTGA	0
AATTAAATTATGCTACGGAT	0
GCCGAAAGGCTCGAGATATC	0
GTTGGCCGGTAATCTAGCGA	0
GATTCACCTTGGCAAAAATT	0
TCGTTATACTCACCTCCACG	0
AATGACCGGAGAGTGGGGAC	0
ATGTTAATGACAAGCTTAGA	0
CAGTACAGAAAAGGCGCGCT	0
ATAAGACGTTGAATAGCTAC	0
TACTGGTCTGGAAAAGGTCC	0
GACATCCTCGTAGTGTGCCC	0
GTTCCTCAAATGAATCAGAC	0
AGTTAGAGGCACAACACTAT	0
ATACTGTTGTCAGTTCGCCA	0
CTGTAGAACCTACCCAGCGA	0
AGATACCCTGCCGACACTAA	0
GCACCGAACCGTAACCGTAT	0
CAAGTCCAATGGATTAACAT	0
AACCCAAATACCAAACATCG	0
CTTGAAGACGACAAATGTGG	0
TGAAGACTAGATTGTAAACA	0
GTGATTTGGCTGATAAGCGA	0
AACCAGACAGTCCGATCCCA	0
ACTTACTAAGCAAATTTCCC	0
CAACAGAGGCCCGGACAACC	0
ACCATTCCCAGGAGACTGCC	0
AGAACTATGTCGATAAGTCC	0
GCGATAGCACACTTATGATA	0
GTGACATCAGTAGACTGACG	0
TGCTGCGCTCACAGTCGTAA	0
TATTCTTCGGGCGCAGCAAT	0
ATACAGACGATGTCTGCAGT	0
ATAACTAGGACGGGTTATCA	0
AATGTATTGGCGGTGCGTAG	0
ATACTGAGAACAAGCTCGCG	0
AATGGATTCCTTATCTACCC	0
CCCGCTCTGCGAGACTGGCC	0
GCAAGTTTGGTCAGGGATGA	0
TCGTGGGCATATTTTATTAC	0
CGAACGAAGCAATGCGTTCG	0
ACGAACACATCATCTCACAG	0
GACCCCAACCCTTCTCGCGC	0
AGTTCGTGGCCGAGAGCTGG	0
ATGAACATAGCTGACTTCGC	0
AAGATTAACTACGTGTCCAA	0
GAATTAGAAGAGGCCAATTT	0
AGAGAGCGAATTGTTGTCCA	0
TCATTGCACAGTTTTGTTGA	0
TCCAACGGATATAAAGCCGC	0
CAGAGTAGAAGCGTGATAAG	0
AATAAATACCACAATATGTT	0
CACGATCCCGTACAGTGTAT	0
TAGATTGAGAATATCGCCAA	0
ACTAGAGTGAGTGTAAGGCC	0
ACTCGACACGGTCCAAGCGA	0
TTCACCTCGACCCCCCTTCA	0
GATGCAACCAGGTCTCAGTG	0
CCAGTTAAATATAGCCGCGG	0
ACATATCCGAGATCGCAAGA	0
TTGATATGTCCGCTTAGGAA	0
TAACCCGGTAGCTGCGGTAT	0
TCCCAGCCATAAATAACCCA	0
GTCAGTCCCTTTTGCCCCAG	0
TCAGCAGCATGTCGGTGTGC	0
TTTTGTCCATAATACGTTAC	0
TTGTACCACGACCTCACACC	0
TGAGTCTCTGCTCCCTCACC	0
GAAGATCGAGACCACCAAAT	0
AAATTTCACCCGAAAAGCTA	0
GATATACTGATGCGAATAAC	0
CCAATCTCCATTTCTACGGA	0
AACCGGGACAGCGCATTTAG	0
TAGTAAGTTATTGATTATAG	0
CTACGGAAGCCGAAGTATGA	0
ATTTATGTTTTGTATATAGA	0
ATATTCCATCGCGCTTGAGC	0
CGGTAACCCACGTGCTGCGC	0
ACACACTTGTCAAAATTAAT	0
GACTTGTTGTTTTCTTTAAG	0
GACCAACTCACATAGTAACA	0
ATCTGTAAGCCATGGGTAAG	0
TGTTAAAGACTTCGAAAACT	0
TTTACTCCCCGAAAGGCCAA	0
GTCAGTAAGAATGGCGATCA	0
CAAAGCCAGATAACCGTTAG	0
TGATGTAGAGCAAACTTAGT	0
CCGCAGTATGAAGAACCGTA	0
GACGCATTCCACGTTATACC	0
GCACCGCCTAACAGCTAAAC	0
GGAGTTAGCAGATTACGGGC	0
TTGGATATCGAGTCTGGTCC	0
AGATAAAATCTTCTTATTAC	0
AGGAAAATTTGCCAGCACGA	0
AATACATGTCATAGCAGTAT	0
TCCAGCAATGCATGCATGTA	0
AAAAACAGGCTCCCTGATTA	0
CGGGTCGATAGGGTATCCCC	0
GATGAGCATTAAGCGTGTAA	0
AAGTTGAAAGGAGAGGCGGT	0
CCCCAAAATATCCCGCAACC	0
CGACGGTCTATGTCATACGC	0
GCCATGTCCCTTCCCCCTCG	0
AGCCGGCGACATACCTGCAA	0
TCTGATTAAAACTCGTAGCC	0
CATAACATACGATCCCGGAC	0
ATATACCCGCACAGAAAAAA	0
ACCTATGCCCATCCACAATG	0
ATAAAGTCCCCTGTCGCATT	0
TATTCCATGTTCCATACGAC	0
GCGACCTGACACATTGATAA	0
GAATACATAAATTTATGACT	0
GCCTGAAATAATCCGGGGAC	0
GATTCCGAATAGCGAACCAA	0
ATGGACGCAAGAGACAATCG	0
TCTGAGGCACTTATAACAAC	0
TAAAACACATTCCAGATGCT	0
TGTGAAGCGATATATTTATC	0
GAACCACGGCATGACACGAG	0
AGAATTACGGGAAATTCCAA	0
TGAGAGGCAATATCCGGGCC	0
CTTGTAGAAAATCTACATAC	0
ATTAGTTGCTAACTTGAATT	0
CTACCGAACAATAACAAGTC	0
TCAATGCACAATTAGCTGGT	0
GTATTGGATCTTCACTACGG	0
CCATCGTCTCCATGTTCTCC	0
TCATAAAAAAGTCCTGACGT	0
AAGAATATAGTCTGCCAAAT	0
TTAGTGGAAGATTAATGGTC	0
AGCCGCGCAATATATGGATA	0
CACGGGTTTCAAGCCGTGAA	0
ATTCGTTCTTAATAGCAAGG	0
CCACTTACGCCACGCGAACT	0
TTTTCATACATACTAAAACG	0
CGGGGAGAACGAGCGGAGGA	0
AATGCGTAAGATCCAATGCG	0
CTTTATAAATGGAAGCGCCG	0
AAAGATATAGAAAATGAGCG	0
TACAAATACCATCAACCAGC	0
AGTGATTAAAAACTCTGTCT	0
TGCCGAGCAGGGCTATCTCC	0
GCACTACACTTGATCGAGCG	0
AGGAGGCAGCACAGGGTTCT	0
GTGAATCGATCAGAATCAAG	0
AACGAAGAGAACTAAACATC	0
AAAAATATCGAGTATGAACA	0
TGCGCTGTGAATACCGGTGC	0
ACGAGAAAAGAGTTTGTCAG	0
AACGGTGATATCGGGATCGG	0
TGCCCCATGGGGACTAATTG	0
GCATTCGGCATGAGGGTTAA	0
TACGACGCATATTAGTGTAG	0
AGCTCAATATGATACTCCTA	0
GAGAGTTCGAAAATGTGAAG	0
GTAGGTTGTAACAGCGTACT	0
ATAACAGGCGACCCACGTAA	0
CACCACAATCTTGAGCAGGA	0
CCTCCAAGAATAAGGGTAAT	0
CTGAAAACACCTCAAACCAA	0
CACTCAAGACGCCGACCCCT	0
ACGCATATGGCTCAAGGAAA	0
ACGCGACATGCTCAATTAAG	0
ATCAACCTCAACCTACGACC	0
ACCATTCCTACGAGAGTGTT	0
ATTACTGTTCTACAACATTT	0
ATCCATGTAGCATGCCACCC	0
AATCATACCCGCAGTGGTCA	0
GCCGTAAGAATCACGGCGCC	0
GACTACCCTTGGGGAATCAT	0
CTCAAAGGAAGGCACAGACC	0
TAGCGCAAAGGGGAGACTAC	0
CGCGAGCGGCTGGGAATTGC	0
AATCGCAGAGATGTTCAATG	0
CTCATGCGTTTCTCCTTGTC	0
AACCCTCCACCCAGTTATTC	0
ACGACACTGGATTCCATCCC	0
CGGAAAATAGGCGCTCTTAT	0
TCCTCCCGTACCTCACCATG	0
TGAAGGTTAGAGAGCGAGTG	0
CAGGCGCCCCCGGCGTTTTA	0
ATTCATCTACTATCGTCCAC	0
ACGACTCCAACTCGGCAAGA	0
TCATTTCTGATTGGCGAAAA	0
TCTCGTTGCGCGAGTAAAGT	0
AACATAAAGCCGGCGATGAT	0
ACTTCGATTAAGGACTAAAG	0
ACTGTGTCCTGAGCTACTTG	0
GAAGAGACACAGCTCAACCT	0
ACCAATTACTATTAGCTTTA	0
TCAAACATCATTGCCATGCA	0
CCTCACCCTCCTCCATGGAG	0
TTCTCCTGATAATCAGACTA	0
ACCGGGACTCAATGCCAGGA	0
AAAGAGGGTTATTCAGATAC	0
GTTGCCACCAGAGGGCACAC	0
AGAATCGCGAGAATACTCCT	0
GGAATGATAGACATGATGAA	0
TGAAAACAGTTGCCACCAAT	0
ATCCAACAATGGGTGCGAGA	0
ATCATGGACCCATACGATAT	0
AGGAGCCAGATATGTTCTAA	0
CAGCGGGACTGCATGGCAAA	0
AGAAAAGGGCACTTGTTTAA	0
CGAAGATCCGCCATGACCAA	0
GACCAACATCGAGATTAGAG	0
CGTCGGGATAACATCACAAA	0
AGCTGAATTGTAGAACCTGC	0
AAGGAAGATGATTTTAAGGA	0
CCACAGAACTACTCCGCGAA	0
GGTGCTACCTGTAGGACATG	0
GAGACCGATGAACAATTAGC	0
CCGAACCCGTATATAGCACG	0
CATATCCCAACAAGCCACCC	0
ACCCGGAAAAGCCAGATCGA	0
TAATCCCGCATCTTCCCTTG	0
AGGTAAAAGACCCTAGCAAT	0
GTCGAAGAGGATGATAGAAA	0
CTCAATTCCAAACCACTTAA	0
TTAAGTGCAAGCTTTCAATA	0
CGTAGAGACAGATAGTATGC	0
CAGCCGGGGCACGGTAACAA	0
AGTGGCTGTTAACATAAGAT	0
GAGTATACTCATCCAATCCG	0
TCGTGATCAATACCTAGGCG	0
GAACCAGCAGGTCATCAAGG	0
TACATTCAGCCAAGCTCAAT	0
TACTGCCCTATAATGTCCAA	0
GATCTAAATGGCCCGTTCTA	0
CACTGCGACCATTATATACT	0
TTGTCTTTCAATGTTCTGAT	0
ACCCGCAACGGCATGAACAG	0
AAGCCCACACCTCTACACCC	0
CTGACCAACTGCTGGTAGAG	0
TTAGCATAGTTTAAATCGAT	0
GAGGAGATATTGTTACCCGA	0
ACATTATGTATGGCGCTCGT	0
TGTGGCACAGTCCATATAAG	0
CTGTGATCATAACAAGTTAT	0
ACCACAGGACTAATCGTGAC	0
CCCGAGCCGGTTAAAAAACA	0
TTGAGTCAGGATCACATGGA	0
CGACCCCAAACTATTCCTCA	0
TCCATAGTTGGTCCGAGGCT	0
GTAGGGAGTTTGCTCAATTA	0
ACCTACAGGGAGTAAGAGTG	0
GAACACTCCCATGGATTCGC	0
CCAATTACTTGTTGCAAATT	0
GAGAACTTGCGAGTTAACAC	0
GCGCATTTGTGACTTGTGTG	0
ACCGATACAGCACATAACAA	0
GCAACCCGAACGAGGGACCA	0
ACTGCATTGTTAGGACTAAG	0
CGTGTCCGCGGGCAGGTGAT	0
TGATTTGAGCAAAAGAACCA	0
CTTGATCCTAGCAACCAACC	0
AGCGTTCTCTTCCCGGATTT	0
TAACTCGTCAAAGAATAAAT	0
AGGCGGATGCGCACCGTCGC	0
TCAGAGGGTGCTGACTCTGG	0
AAACACTGCGGCCCATATAA	0
TTTATCAAATGGTATGCTAC	0
AAGGAAGTGCATTTGAGCCG	0
AAGATAGTAAAAAAGAACCT	0
CGCAGTGAACAAAGCTTGCA	0
CCAGGAGCGAAGCCTATTAA	0
CTATAGGATGATGGTAGACC	0
CTCAAGCGGGGTATTAAAAA	0
ACGAGATTTCTAGGCCAAAA	0
GGGGGAAGTCGTATCCACAC	0
AATCTATCAAACGAAAAACA	0
ATGTGCGCGTAACAAATATG	0
GTCTGAGATATTAGAACCGT	0
CATATATTGCTTGCAACAAG	0
ATGGATAGATAACATTGGGT	0
GACGATAAACACGGGGATGC	0
CCAATCCAATGCTCGATTCC	0
GTCAAACTGGATTGTTAGAA	0
AAAACCGTAATATCGCTGCA	0
CAAGAAGAACTGGTCTTAAA	0
CCCAACTTAATAGACGCTTT	0
ATGCTCCATCACAACAACTA	0
GCAACAATTCACGAAAAGGG	0
AAGATTGATGTACATGCGAA	0
GAGAACTTGAAGAGGTAATG	0
ACGTGTATGGCGCAGGCCGC	0
GAACAAGACCAAAATAAGGC	0
CTCTAGACTTTGCATTCTAG	0
AAGCACACCCAGTTGTCGAG	0
ATTCGTCTAACATGCGCATA	0
CCCCACGTTTATAGGAAAAA	0
AGACCTGACTACATAAACGC	0
CCTGACCCTCCTACAGTAAA	0
CCAAACCTTTAAAATTTATA	0
AAAAATATACAGCCCGAAAT	0
GACGCGAGCGCAACCCTCAC	0
ACCGATGAAGCGTGGCCCAC	0
TCACTGCCACAAAGTCTCGG	0
ACACGGCGGGTTCTTTTATC	0
GTGCACTAGACAGTATGACC	0
TGCTGTACATGCCCCCCAAG	0
AGACATAACTATAATAGTAA	0
AGAAACTAACAAAACATGAA	0
CTCTCAAGTGTCGAATACCA	0
TCTTCCCGAGTATAAACGGA	0
TCCCGCCTGCTTATCCTGTT	0
ACCGTAAATACCACCAAACC	0
TGGTCCCAATACCTAGAACA	0
TAATGGTGAACCGTAGACAC	0
CCAGTTGTATAGTGACCGAC	0
CGTATTCCCGCACGCCTCCC	0
TTCTTTAGGACGCCCAATCC	0
TGGCGAGGAGGGAGACTGCG	0
CGTAACAGACATACCAAAGG	0
AAAGGGTGGTTTGCTGAAGG	0
GATTATACAAGGCCTTTCGA	0
CCCTAAACAAACGCCTTTAT	0
AATTAGATCCTAAGAGCCAG	0
CGTCGTAGCACTGCCTAAAC	0
AAGACCTGATGAATAATATA	0
ACTCGATGCGCAGCGTGAAT	0
TGGGAAAAATGACATAAGAG	0
ATTAATGAGGATTGGGGAAA	0
TCCATGAACTAGGTGGTATA	0
AGCACGAACAATAACATGGG	0
GACCTGGATATTGAGCTGTA	0
AAGTATTAGGTACACCCCAA	0
GGCCCAAGGTCCCCACACAT	0
AAGGGATAAGATTGAGGGTA	0
CGAAACCTGTCTCTTGCGCT	0
AAGCATACGCCACTGCTACT	0
ATACCTACTTATACCACACC	0
CTCAATTTGACGTACTCTTG	0
GATGTGAACGCTAAGGAGCA	0
CAATAGCCCCCCGGAAACCC	0
GGGAAACATACACGTATACT	0
AACTTTGTTAGACGTCACGG	0
ATCCCATCATGAGCAAATGC	0
TACTAGTCCCGAAATTACAG	0
CCCTGAGCACCCCCCTATCA	0
CCGATGAACTAGCGGGCTCC	0
TAAATTCATAGGCAGTTCAG	0
CACCATGACCGGAGACCCCG	0
CCCAGGCCTAAACAGCCGCC	0
TTTCCACCGGAGTTGGGCCC	0
CTCGGGCGTGTTTAGCACAT	0
ATTCAGTCATTCTCAGAATG	0
GCTTCAAGGGCTAGCGGAGT	0
GTCGCTTGGAATTACGTTCA	0
TGAGTCCATTCTGCTAACGC	0
ACTTGTCAGGACGTGGACCA	0
AATACCTGGTAGTTCGAATG	0
AGGTGGAGAGATCATCAATT	0
ATGCGGTGTTAGAAACCCTA	0
GAGTACTGTTTCTGCGCTTA	0
TGGCGTACTAAGAGTGATAC	0
CCATCAACCTGAAATAGGAT	0
GACTACCGTGAATGGCCTAA	0
AGTCGTAAAGAAAGCATAAA	0
AATCTATCGGTTACCACCCG	0
CTTACTTAGACTAAGAGTAT	0
CCATAACCCATTGTCAGTGC	0
TCGCTGTTTAGAAGTATTGA	0
AACAAAAGTCGCACACCGGG	0
TACACCGGTACGCATTTCAT	0
GGGTCATCAATATGGTGGGC	0
ACCCTTACGTATTATAGAAA	0
CCAGCCGCGCTGGCTTCTCC	0
CGGAGTTAGACGTAAGTATC	0
GAGGAAACCCACTATTTTGC	0
GATAAATCTCAAACACTGGG	0
ATGGTTGACGCATAGCCGGG	0
ACGCACGCCCCCCGACAGTC	0
AGAATGAGACTCTAATATAT	0
CGACACATTGCTTGATCACT	0
TGGGCTATATGCCTTAGTTG	0
ACCTTTACCCCAGGAATAGA	0
AGAGGCCTCATGCACGTCAG	0
GACGAAACCCAAATTCACCA	0
GCTTGCGAATAGTAGTATAC	0
TATGACAGCGCTGCCAATTA	0
CAACCCGTTTGCGTCTCATG	0
GTCTAGTTGATTTGTGCATG	0
AATGACATATTGGCTGATTA	0
TACCCCCGCGGGTCAAAGAA	0
CATAACAGAAAAGTTAAAAC	0
CAAAATCGATACAGGGCTCC	0
TAATAACTAATCAGTACATT	0
TTTCATTCAGGCAGGGAGTG	0
TGGCATCATTCGCGAGAATA	0
AAATTTGACCAAGCACTCGC	0
GGACGGAAAACATAACAGCC	0
TAAACAATACATGTTACATA	0
GTTTTCAAGCCCTAAACCCA	0
CCCTCTGAGGGCTAGTAAAC	0
GTTTGAGTTCGCAAAGCGCA	0
AGCATCGCGAGGATGGTTTC	0
ATCGAGGAGCGGACAGTGTG	0
GATGTTAAACACCCAATACT	0
CTAAATGTACACAAATAACC	0
TTCCCAAGCTTCTTATTGAT	0
GGAAAGTTCATTTTATTGTG	0
TCCGCTCATGAGTTAAGTAT	0
TGAGTAAGGAGCAAGCTTAA	0
TATATAGAATCCACTCCAGA	0
CCTGAACGAACCGAGATTGT	0
CAACAGTAGAACCGTCATCC	0
TACTCGCTAAAGCGTGACTA	0
GAGGGTCGTCGAAATTCGCG	0
GCGATTACCATTTAACCGCA	0
AATAAGTCAGAAGCGTCATA	0
TCGTAATATACCCGCCGACT	0
CTACAACATGAGCCGATTCT	0
ACCGGGATCAGAGGTAGCCT	0
GCGTAGAGCAACACTTACCC	0
CCTGCACTGCATGTTGTTTA	0
ATAAAAAAATTATTACAATC	0
CACGGACATTACTGGGTGTA	0
GCCCCCGTTTATACTACGCC	0
AAGGACTTGATTTGGCTCTG	0
AGCCCTTAAGAGCCTTTATG	0
CTATGTCCAATATGGTTGTC	0
CTATTGCACGATCGCCGTAA	0
TTGGATAGTAGATAACAGCA	0
GTCCGATAGTCCAGGGTCAT	0
GCAGAACACCTTAGCAGATT	0
CGCACTTAAAGCGGGCTTCC	0
GTTAGCCCACACACCTGAAT	0
TTTGCTAAAAAGGATGTGCC	0
GTGGACCTTGGCAGGATAAA	0
GAACGAAGTAAGCCGCAGGA	0
GTACGGACTACTCCGCCACC	0
CATTCCATGCGAAACACGAC	0
GTAAACAGCTCATACCAAAC	0
CGGGCTACCATCCGTGCACG	0
GAACTAAAACTTGAGCTTCC	0
ATGGAGAACCGCCAAGCATT	0
TCATTCTTAACATAACAGCC	0
GGCGATAATCTCTATACGAC	0
GGGGAAACATTTATTCTAAG	0
TGGGCTTTCCTACAAATGTT	0
GTAGCCACGCTGGAAGCGTG	0
ACCGTTTTGGTATAGGCCAT	0
ACGAAAGCCCGTGTAACTAT	0
ATACAACAGTCTGGCCCCCG	0
GCCAGAGGGTGCAGTGCAAT	0
TTACGTGGAAAAGCACCACT	0
GTAATCGCGGTGAACGTTAT	0
GCGTCACCACATGCCGCAGA	0
CTCAGGCTAATTTGGCTGGT	0
TAATTAGAATCAAACCAGAC	0
GTGTATAACCTGGCTTGCAA	0
ATCAACGGGGTGCCGGTTAT	0
CTCCCTGGCTTCTCCACCAG	0
AATGATCCAAAACTGCGCAC	0
ACATTGTGGCAAGTCCTGCT	0
CCAGACATGAGAACCGGCCC	0
ATCTAACCGTAACGGTGGAG	0
TAAAGGAATAAGCGATAGGC	0
ATAATGTGCACAACCCTCAA	0
TTGCTTACGATCTCGTGCAT	0
GGAGTTAGGAAAGTTAGAGA	0
CAATTAACCATAACCCCAGT	0
AGCCCGTTGTAGATTGCTAC	0
AATCGGAAGGGAATGGCTGT	0
GTAACTATATCGCCGGACCC	0
AAAGATCCAAAGGATAACGC	0
ATAACCGAACTACCCCTAAC	0
TAGGCAGACATGGCTCGAGA	0
CCGAGGGTTAGTACCTAACC	0
GTGGCTGCGCTCGGGCTGAT	0
ATAGGAAAGTGTTGAATGTT	0
GTGCGCGCAAAGTCCCTTCA	0
AACCGCCCTTGCCCCCACCC	0
ATTTAAAATCAATAGCACGA	0
GAATTTGGTACGCGCTACCG	0
GATAAACGCAATTTTCGCAC	0
TTAAAGGGCAGAACTAATTA	0
GACTAGGATTCAACGGGTGA	0
GACCATGACCACGGTACCAC	0
GCTCGAACTGGCTAGTTTGC	0
GCCATTTCCGATTGTGAACA	0
AGATCCAAAAGGCGGCTCGC	0
AGCCAAACGCAAGGAGCTTT	0
GGGAAGCAACTGACTAACTT	0
AACCCTCACCTACCTGAGAA	0
TCCCACAACGTAATAAATTC	0
ACTGAACCCACGGCGAATAA	0
ACCTTGAACCATTAAATTTG	0
TGCATAGAGATAGAAGCTGT	0
TGCAAGGCACGGTCTGTATC	0
ATGCAATTAACGCGATGATT	0
TGGGATTTATTTTTCTAAAC	0
GAATGAATTTTTACAAGGCA	0
CTTTCGATTCCGCTGGAAGC	0
GCAACTTTAAAATAGATGAC	0
ATTCAGTTAGAAACAAGTGA	0
AGGCTCGCCACATGTCCTAA	0
TAAATCGTACTCCGCGGCAT	0
CTTGCACTAAGCTACGCGAC	0
TCAGTTGATTTAATTAAAGA	0
AAAGTCTAAACTGACTGGTA	0
CAGTGCCTGGAGTTGTAGCA	0
ACACCCCCTCTGACTTAAGC	0
TGAGCAAGTGCTAACAAAGG	0
AAAACACAGCTCCTACGTAT	0
ACTAACCCTGGACCGCGACG	0
AGTTGTGATCAGATATCAGA	0
GCGAACATGAGTCAAAAGAA	0
AAAGGGTGAACAACGTGCCT	0
AATTTTATGATAACGTACGC	0
CCGATGTAAGATCAAAGCCG	0
TCTGATAACACTCTAACGAG	0
TCACAACTCCTCCGCCGCCA	0
ACACAGCACAGCCACATACT	0
CTTTCGTAAGAGTCGAATAG	0
TAGGTCTAATCAATCATTAG	0
GATATAACTGGGCACAATTC	0
AGTTAAGTCCCAGTCTTACC	0
GCACTCTAAGCAATTAAGAG	0
AGAAGTTAGGTAAGTATGCC	0
AACACAATGCAGAGAAATAC	0
AGAAGATCGAATAATGCGAT	0
GGGTGGTCAGCATCCCCAGA	0
AAGAAGGTGTCGCATTCGAT	0
GCTGCAGACAACCAGCTCAC	0
CCTCAATGTATTAGAAGCCC	0
ATAAACAAATAGACTAGATG	0
GTATTTGGGTAAGTGACGTT	0
GCCGTACCCTTAGACCATTA	0
TCGAGGCACGTAGCGGTCCT	0
GCAGTTTCTTGTTTCGCGTT	0
AAAAGATACCCACATGCAAC	0
CATTGGATCCGCTAATGTAA	0
TACCTAAACAGGTACTCTGT	0
ATGTGAATTAAGCACGTTTC	0
AGTTACCAAAGCGACCGGCG	0
GACGAAGGACGTTAGCCGCG	0
TACTCTTACACTGCCGTGGA	0
GTTAACGGTCACAACGAGCC	0
CGGATTTTAGCTCTTCCAAT	0
GAGATGTCTCCCCACTAATT	0
TGTGAACCGGACGGCACGCA	0
ATATGAACGGCTGGCCTTAT	0
TACGCTTTAGTTGCATGAAT	0
GTTGCTGGTAAGTGAACACA	0
TCTACGCTCGCTCTGCATTG	0
CCCGTGACAGCATCCAGTCT	0
TAAAGCTAAGCGGAGTCCCC	0
CGTGAATCCAATTGTTAAGG	0
TTCAGCCACCGAACAAGAAA	0
GGTCCTGTTGAGATCTCGAC	0
TGTACGCACACCCCTCTACT	0
TGACCGCTCCTAGCAGCCCG	0
AGCGCGTCCCAGTCCCGGCG	0
CCGAGATTGTAATAATTAGG	0
ATTATTACGGGCGGTCGTTG	0
TGCAAGACACCGTCGGCAAT	0
TATCCGTCTCCCAATGAGTA	0
GGATGGTGCGTTAGAAGGGC	0
GCTATCGATAAGAGATAAGA	0
TAATTGATTGATGATTTATG	0
ATCTCAGAACGGAGAGAATC	0
AAAGCGAAGACCCCTATTAC	0
ATTTTGAGGACAACATGTAA	0
GAAATTCTAAGAAATTACAA	0
TGGCTTCAAGAATATACAGT	0
TTTTGCAACATGGTACTTTA	0
AAAATGAAGTACGGGTGATT	0
AAGCAACTTAAACCACTGTT	0
AGCATAACATAGAAAATTTG	0
AAGATGCAAATAAAATCACC	0
TGGCAAATCCGATTTACCCC	0
ATAGATACAAAAGAATGTCC	0
TCACTGGCTGTTAAAGTTAC	0
CCCCTCATACCAACCGAAGT	0
AGCATGGTCATGGCGCAACT	0
TGCTTGCTGCGTTTACACGA	0
TTCAGTAATAAGACTATTGA	0
CCCCGCCGATATTCTAACAG	0
CAATGAACGAGACCGTTTAT	0
GGCCTTCCCCAGTTGAAGGA	0
ATAGTATCGATCGACGGTCC	0
GAAGACGTTTGTCCACGTCC	0
AATAGAACTCAAGCAAAGAG	0
ATTTTTATAATGCTGACCCA	0
GGTTATATTACTTAACATCT	0
GAATGACCCCATCAGGCAAA	0
AACTACGAGAAGACCGGCAT	0
CAACCACTATACCCTGACTA	0
TTCCTTCCCCCCGATAATTA	0
CGAACATCACTAATCTCGGC	0
GAAGTTTACCGTTACCTAGC	0
CTGAAACGCGACGCTACGAT	0
CAACGCGCAGTTCCTAAGTG	0
GAATCACCTCAACGAGAGTA	0
TCATTCTCGCGAGATAAAGT	0
GGGGCTCGAGTACTGGAATA	0
ATTATTCGGCCAGTGGGGAC	0
AAACTCCTGGCTCATGATGT	0
GCTGGTTTCTGACTAATGCC	0
AATCCGTGACTCCAGAATAG	0
ACCGAGCAAGTTTATTAACT	0
ACCGTGTCTTCCAAGCTATT	0
ATTTCCGTTGTAATGTGCGT	0
GTCGCTCCTATAAACAACAC	0
GAATGCTTCTTTATGAATAA	0
ACATGCCAGTGTTGCTTCAC	0
CTCCAATATTGTGTATAAGA	0
GCCCTCTTAGCACTAAACTA	0
ACCCCGCGTTGTATTGTGGA	0
CCAAAGAGGACCTAAGGTGA	0
GACCCAGGGCTCAATTCGAG	0
AGACATTGGGATAGCCCGTG	0
AAAACTCACGTAACTGAATC	0
CCAATGGGACTCTGGCAGGC	0
TGAATGCCGTGAAATCTCCC	0
CTCAGCTTTTCCCAGACGAA	0
AGCGGCGTCATGAAAGAAAT	0
GCGACGTTGAGAATTCAACC	0
GTGTTGCTGCCCCGCCGACA	0
TAATGTCTGAAGAATATCCG	0
TTTAAAGAAGTAATTCTATT	0
CGCACCCCTCCCTGTCAACA	0
GGTCAAATGACACGGCTTCC	0
TAATCTATAATTACCCTGTG	0
TATGTAGGATAGGAAGAGCG	0
ACTCAACAAGAGCCATAGTG	0
TATAAATTAGCACAATGGCA	0
CTGGGAGTATAACCCGACTT	0
GAAGTCGGTTCAAGGGCCAA	0
ACAGTGCAAAAGGCAGTTGA	0
TAGCGAACATCAACTACCAC	0
GGCAGGTCATCCTTTACCCG	0
GTACATACGATAGAATTCAT	0
TAAGTCGCTAAATTGAGCGT	0
GGCGTTGCTTATCGCCAAGC	0
CCAAGTAAATACCGCAATAT	0
TGTTCAGCGCAAAGAAAAAG	0
GTGCGTCCCGCACCATCCCT	0
CGATGGCTAAACCGGGTCTG	0
GAGCTATTACGGGTATATAG	0
AAGCATCAGCCCGTGAACGT	0
GCGCGCTACGAAATGAAACG	0
CTTCCTATGAATTAGCATTG	0
AGTATATTGACTTTACTGAT	0
AAACAGACTCTCCAATAAAC	0
CACGGAATTAGTGCTGGACT	0
CTATGCATAAGACGCATTCA	0
CGCTGTACAAACAATTTAAC	0
ACCTCATGCCAACCGCCAGC	0
ACTTGGGGGGCGTACATTGC	0
GCTGCTACCATCGACCCAAA	0
GTAAAGCCACGAGACCATTG	0
GAAAACAAAAGGAATAAAAT	0
ATTGAGTCGTACGAGTTTTT	0
AGGCTGACTAACGGTTGGGC	0
AAACCACTCCGAACAACGCG	0
GCTTCCCGTACGTACCCATT	0
AGCATAATAAGTAAAAAGGG	0
AATCTTAGTATAGGGCATGT	0
TCAAATTATCGCAAGGTACC	0
CATACAAGTTAAACAAGAGT	0
GTGCATCTAGTTTAAGCTCC	0
AAGAATGAAAAAAGGGATTT	0
GAATTGGATCACAGATACAG	0
CTCAATGAACCTAAACTCGC	0
TCCCTTCACTAAGTTTAGAC	0
GACAACATGTAATTCCCCTT	0
ATCTCCAATTTCAGAACGTT	0
AGTTTCACTCATCGTTAGGA	0
CGATTCTGAAGGAACTCTCA	0
ACCAACTAACCAGGGCGAAC	0
CTTATAGCACAAATATCAGT	0
TTCGAATGCGGACGGGCAAG	0
GAACTACGTTCTATCTACAT	0
GTACGACTCAGTAGCCCTTC	0
AACAGCCAGGCAGAATAGAC	0
TCATGAGTGTTACCAGCGCA	0
AAACAAAGCCAACAATCGAG	0
GTCCTCATCGACCCTCTCAA	0
ATTCCGGACAAGCAGAAGGA	0
TATATAATGTGACGACCTGC	0
AATACCAATAGGCATACTCA	0
CCCCGAGGATTTACCTCAAC	0
ATACTACACGTTTCTGTGTA	0
GTTATCAGATGGATTGCTCA	0
CGATGTGCCGCATACTGGGA	0
TGGCTTGCGCGGCACCATCC	0
AGCAACCCTATCAGTAATCC	0
ATAGAGCAAAGACCCCCGTG	0
ATCTTGAAATTGCACATGAT	0
AGTCACTTAATGTGGCAATA	0
GGGGACCCATATTTAGTGGA	0
ATCAATGACTTTGCTATTAC	0
GAGGACGCCTAACCCCCAAA	0
GCCGGCCGGATCTCAGCAGC	0
AGAGATCTAATATCCGACCC	0
CAGGACACTAGACCTCAGTC	0
CGAAGACGTAGCGACAGGGT	0
AAGAACTTGCATAATAAACT	0
CTTCGGGCAGGAGAAGTTGG	0
GACCGGTTATATGGTCACAT	0
AAGGAACGAACTTACCTATA	0
CTGAAAAATGTATTGCTCAC	0
ACGCCACATTACAAGCGCCG	0
ATGCCGGCTCCCAGTTCAGC	0
AGAAAAGAGGAAAGAGGATT	0
AAAGGAATGGTCGAGAGATG	0
CCCCCCGCATTCTACAGGGT	0
CGCGCAAACGGTAACATCAC	0
AAGCAAAAGCATGAAATCTG	0
GCTTGTCGCTGCGCGTGGGC	0
TCCCTTATATAATTGGTAGC	0
ATGAGGTTCCATCGCCCTTC	0
GTGTTACAATCTGATGCTCC	0
CGACGCTAAGGCACACTAAC	0
CTCTCAACGCCTGTTATAGC	0
AATGCGGTGTGCGAACAAAC	0
ACCGCAAGGGAGTAACCATG	0
TTTTTCGGATCAGCACCCCT	0
AGCTACTTTGAGGTATTAGT	0
AGCGTGAATATAGCACAAAG	0
ACGCAAAACGCTTTAATTTA	0
TCAACCCACGGCCTGTCCTT	0
TCGTGTGCGTACAGATAAAA	0
TCGTCCTGAGATGATGGACA	0
ATTGAAGGAACATTCACAAT	0
CACGCGTCATCCCGCACGGA	0
GTAGTGGACGTGTATGAACA	0
AATAATGCTCATGCGTGTGA	0
AAGAGATCACGGTCCCGTAC	0
GTCCATAAACAAATGCCCTC	0
TTAAGAAAACTATCCGGCGT	0
TAATCCAGGTGAAGTAGTTT	0
ACCAAAGATAACAATTTCGA	0
TAAACCCGAATGTGGCACAT	0
AATACGTCGACGCAGATGGT	0
GGTCACGCCCAGATGAAGCT	0
AATATAATGAGGACTAAAGG	0
TCACACTACCCTTCCCCGCC	0
TAGTTCCGAGTGGAGGGCTT	0
ACACGTGCCAACACCCCAGA	0
ATGCAACACACTCTTCTTTA	0
TATATATGGAAATAGACATC	0
GGAGTCTTAATTGTTATTAC	0
ACGCATGAAAAGATAGGCGT	0
GATAATGTAAAACAATTGGA	0
CGTTCCGATAAAGAACACCC	0
GCCTACCGATCGTAGCGCAC	0
ACATGATGCCCCCCTGGCAC	0
CCACGAAACATGGCCCCAGG	0
GCACCGCGTGAAATTGGTCC	0
CCTCTTCCCGCCCTCATAAT	0
GATGGACCCGGTAATCTCTC	0
CAAGACTGCTTAAACGTCCA	0
ATAGGTCCCTATAATATGGC	0
TACAACCAACTACCTATACA	0
AGCAGTTGCGCGGTTGTGCC	0
GGCACCCTAACGATAGCCGA	0
GGGTTTACTCAAGCCCGTGC	0
AACTTAGTCCTCCAGACATC	0
CCCGGAACAAGAGATGTGGG	0
CTGACTACTAACAGTAAAAC	0
CTACGCTTACTCAATACAAG	0
AAAAACGCCAAGAATAGGGC	0
GCGCAGACAGAACGGGAGTG	0
GCGGTGCCAGCCTCATCTCC	0
ACGACTTGTCACCTTGCAGA	0
GCGAATTGCTCTGACTGGAC	0
AACAAAGCACTCGTCGCACT	0
CCCTCGCCTCCGTATACTAA	0
AAATCAACATAAGTGTCTGC	0
TAAGCAACACCAGAAGAAGA	0
TACTTACTAGAGCTGACATG	0
GCAGAGAAAGTGAAGAAATT	0
GCCGGTTGAGGAACCCAATG	0
GAATTACGGTACTATAGTGA	0
TCGAGCGATACTGGGAAGGG	0
ACCGGATTAGTCATCAGGCC	0
CATTACTGAATGACAACAAG	0
CCACAATGTCTAATGAAGGT	0
AAATGCGAAGATACCCTTTC	0
GTCTGGCTACCAGCCACCCC	0
CTCCGCACCATTATAAAGCC	0
CGAACCTACAAGGTGTTTTT	0
AGTGAGACTTCGCTGTCGAT	0
GTGATTAAACTTTTGTTAGG	0
TCCAGAACAGGATATTATCA	0
ATGACTTACAACGCCCCATG	0
TATATCCCAATATGTGTGAT	0
TGCAAAAACCATGCTATCTG	0
CAGAAGCAAATGCAGAGAGA	0
ACACGCTTGACATAGTCCGT	0
TAAGCAGCTCAGACTTCGCA	0
ACGTCCCTTAGGTCGGAGGA	0
GTAATTCTTAACCACGAGCT	0
TTAGGGCAAAACAAGTTTGA	0
GTGCCGTGGACGTTTTGAAC	0
GCGTACTCCTACATTGTGAT	0
TAATGACGAAGCCCTCGTAA	0
AGTCAACCGCATTCTATATA	0
CACATGATAGTTATCGCAGA	0
TCGCGTGATGCGTAAGCCAT	0
AATGGTAAACCTGTCCCGAT	0
GCAGTGCTAGTAGTCACCAC	0
AGACTAAAACCCCGAGTGTC	0
AGTCTTCCAACGCGTGAAGC	0
CATCAGATAAACTACAATGT	0
AAGCAATCGAGCCGCAATAT	0
GTGTCGAGCAAACTCGTCTG	0
TATGCATCCACTATCCTTTA	0
AGGGGCTCACGGGTGCTTGA	0
GGGCGAGAACAAGCGTCCAA	0
TTGTCAACAACATAGCGAAC	0
GGGAATTGCCGTCCCGCGAC	0
ACGAAAGTTTAGACCCGGAA	0
GGAGTGGCAAAGAATGAGCT	0
CCAGAGCTAAGTAGATAAAC	0
TGACAGTCCAGGCATAACTG	0
TGCGTACTATTCGCACTGTC	0
CGAACCCAATAGCATCATGG	0
AAGTAATCTAGTAAGGAAAA	0
ACGAGGCAAGTAACCCTTAA	0
GGCGTTTCCATCCCATTACA	0
GCGCCAAAGGAGAACCGTGC	0
GGGGGATCACACTGCTGAGA	0
GGAAAGGGAAAACTGCGACC	0
CGCCATTCCTGTATCTAAGC	0
CGACCTACTATCGGTGTGCG	0
GCGGAGACCGGATTGAACTT	0
TCCGCAGAGTCGTCTGAAGC	0
TTGAACATTTTCTGTCCACC	0
AAACTACACGCCTTACGCAC	0
CGACATACCAGATAGGTAAA	0
TCCCTCAATGTACGGGGCAC	0
TAGAAAGTTTTCGTGTCACC	0
AAGAAGGCCCGGGAACACTG	0
TGAAAGGGTAATGCGTATCC	0
CGCGAGCAGACTAAGTTGAG	0
TCATGAGGGAGACAGAGTCA	0
ATGTGCTGTACCGACTACGA	0
CACGCGATCCTCCCATCGTT	0
AGTGGTGTATCGTGAGCCAA	0
CCAACGATGGTACCGGTCAC	0
CGCAACGTACTGCATCTCAA	0
ACTAGAAATGAGCGCTACTA	0
ACGAGACATCCATGCTGATT	0
GTAGTATGAATCGAGTTGTG	0
AAATCGCCTAATGCTTCACA	0
CGCGAATCAATGGGCGTGAA	0
GTAGGTTGATTTGAAACTAA	0
TGCTTAGTTCCATGCTAATA	0
AGGATGTTGTAAAGTACGGG	0
TAGGATGTTCAAAGGGGCCG	0
CAAAACAACTTAGTACCCAA	0
TAAATAATCCGATGAAAAAT	0
GATTGCAAAAACAAATTCCC	0
ACACTACCTGCGCTCGAGTC	0
CAACCATCGGCCCCACCGCT	0
GGTGACAAACACTGATTCAC	0
GTATTTTGTTCAACGGATTT	0
ATATGTCAATAGGTAACATG	0
CTCGTTGAACTCAGCTTCCA	0
GTTCAACAACCTCAGTTTAG	0
AAGCCAAAGAGAAAAGCATG	0
CTACCATGTCAACCGGGATT	0
TATAGTGCAAAAATACAAAA	0
GGGTGTCAGGCATTAAGAGA	0
TAAGACACCGAACCACCTCT	0
TCATTGTACGGCACCAGGGC	0
AAGTCACTACGCTACATATC	0
AGAAAGAGTCTGAATCTAAA	0
ATCAGTATTCACCACGAGAC	0
AAAATTGGACTAATGTGACT	0
ATCCTATATATATAGTCCCA	0
ACTAGTACAAATCTAAAGAA	0
GTATTGCATACACAGGTGCC	0
AGTGTCCACAAAACCTACAC	0
AGCACTTAGAAATGTTAAAT	0
AAAGAAAAAACTTTATCTTT	0
GCGGCAAACTAACAACATAG	0
GAATACATGACGCGTCCGTG	0
ACTTACACTGCAGTACCATG	0
TAGTAAATCTAGGTCCGATT	0
GCCCATCCCCGATGACAAAC	0
AGTGCGAGGTGAAAGACACA	0
AGAGACGGAGCTATAATACC	0
TGATGGCCACGCCAAGAAGC	0
ATCGGTCCCGAACGAAATTA	0
TACTAGTATGAAGGGCCGCC	0
CTGATGTCAAACCATGGTTA	0
CCACCCCAAAGTCGCCCGCA	0
CCGGAACTGGACAACACTTT	0
GTCTTTTCTTCAATCAGACT	0
AGCACAAATAGGATAAGAGC	0
TATGCTTCCAATAATCCCCC	0
CGTGACTAAATTTCCCTCAA	0
TCTCGAAGATGCGGGTGATA	0
GGCTAGTTCGCCTCGCGATG	0
AGTATATTAGATCCATATGC	0
CAATGGGAGGACTGTTCTGC	0
CCCGCGGTTATGATAAATAA	0
CGCAGTTCCTCCCAATACGC	0
CCTTACTCGCGCGCCTGACT	0
TTCGCTAACTTGCACAAAAT	0
ACCAAAAGACCCTTGCGTAA	0
TATACCTTAAACACCTCTCA	0
TCTTCTACGTAGAAAGAACG	0
ACAAAGTCGAGATAATTCAA	0
CCACCACTCACGCGTAATGC	0
ACCCCAGGAACATCCGACAA	0
AATTACCACATACGGTAAAC	0
AATTAAAGTATTTTGGGTAA	0
CGCTTTTACAAGCCTAACCT	0
AATTATTTGGGTACAAATCA	0
ACGATCATTTTTCAGCAGCT	0
AAAAACCACAGAATAGCTTC	0
GGTAATTCCGAGACTCCTGT	0
AAATGTAAGAAAATCGAAGG	0
CGTACTTAGCGCGATTCCCA	0
GCCAGTCTCACGAAAAGGCC	0
CCTAGGACCATCAATAAGCG	0
TTGTCAAGAGAGTCATGATT	0
GAATGAGTCCCGCCACGGTG	0
CGGGAGGCCCTTCCTCTATA	0
TGACTGTAACTTTAAAGATC	0
CGTCAAATATATCACTCCCG	0
GTGATGATAGGGGTTATAAT	0
TTGACGAAGGACATCCAGAC	0
ATTGTGCGTATACACGTATC	0
TGGGCTATGATCACAGGCTC	0
AGTATGGACTGCGTCTCCAG	0
TTTGGAGCTTTTAATAAAAC	0
GGACGTGTTAGGCATACGTG	0
TATGAACTAACGTAAAAATA	0
AATGAAGGATGGCTACCGCA	0
GGTCGTTGAGTGGTGAAGTT	0
ATCCATTAGCATACATATAA	0
TGTTTAATAAGTGGCCGGAT	0
TGACTAACATAAATTGTTAT	0
ATAAAACTGTTTTCAAGATA	0
TACTTGGTCCAATTAGACGT	0
AGGTTCACTCCGGGGTACCA	0
TAAGAAATCACAGTGATCCC	0
CGAAGATTGCCATGCCATAA	0
ACACCATGAATAAAACAAGT	0
TCCCTGGAACTCAATTACTG	0
GCAACTAGACTCTTTCCACC	0
TCGAATTCACGCCCTCAAAG	0
CGCGAGTAGGATCGGAGAAG	0
GTCCACTAATAGCGCATAGC	0
ACAGTGATGTGATTGATAAC	0
GTGTGAACCATACTCGTGAT	0
TATTCAGTAATCATCACAGA	0
ATTGCCCATGAAGCACGACA	0
AATGATGATCCCAGGTAGTT	0
TATGTAGTCCCGAATGCTGT	0
TCATCTTACTTAATTAAAAT	0
TGAGCTTTTCCAGGGTCGTC	0
AACTTTTCCGAACGCCCCAC	0
CGGAAATGATCCGCCTCAGG	0
ATTTTTACTAGACCAGAAAG	0
ACCTCTAGATTTTACTACTG	0
GTCTCGACGCGACGAATCGC	0
TCTACGCCAGAAGAGAAATC	0
GTACGACCCATGGACTTCGA	0
ACATGCTACGGCATAACTAA	0
AATCAAGGCAAATGTATGAA	0
TTCAAATACTTAGAACAAAT	0
AAATATCAATGTATATACTC	0
ACTGTTAACGCAAAACCTCA	0
CGTAGAGTCCTGGACGCCGC	0
GAGCAGACGCATATCAGCTT	0
GGTATCATCTGGAACATTGC	0
GCCATGACGACCCAAGCAAT	0
GCGTAAAGGCCAGCATGGAA	0
AAGAGTGTTGCACAAGTATC	0
AGAAGTAAAGCCTCTTTATC	0
TGAAGCCATCCACGTCTTGG	0
ACAATTAACCGATAACCAGC	0
GATGATGCAAAATGCCATCT	0
TTACAGCAACGCAAATGTCA	0
GACTGTGTGGGATGAACACG	0
GAACATTCGCAACGTCATAC	0
ACAGAGGAAACGTACACATC	0
CCCTTACTGCCACTTGATGC	0
TAAAACCGTGTCGCCTAAGC	0
CCTGGTGCAAACACGAGGGA	0
TATTGAAGGTGCAGCACCAC	0
GCATGTTGTTGAAGCCCTGC	0
GGTAGAGGAGTATGATAAGA	0
CGAGACATGAAATGGTCACA	0
ATCGATACACACATTATAGC	0
ATGCATTCCTGACAATCCTG	0
TTGATAAGATTGGCCGGTTT	0
CCATGACCATACAGCGCCCT	0
GTGAACAGTAGACTCAAGTC	0
GAAGACCCTTGATGTTTTCA	0
GTATGTATAAAAAGCACAAT	0
AACGAGCATGAATTTATCAT	0
TGACAGCATTAGAGACTAAT	0
GTACGGGCACTTTACCGAAC	0
GGTGAGACTGGCTAGGCGCG	0
CCGTAGCGAAGGGCCAGTGA	0
CGCCTAAAAGTTGCTGCCTC	0
ATGGGTCACCGCACTAACGC	0
CCTTTGCTATAATAAACACG	0
CAGCAATAGACTCGTAATAT	0
GTGGCGGATAGCAAAATGGA	0
GGAATTAGAAGATTCAGGTG	0
GGCCACATACAAGAAGTAGA	0
GAGAAAGTAGTAGTGCGCAT	0
TCGTCATGACTCTAGCAATT	0
AGTACATACGCGCATATTGC	0
TAAAAAGGAGGATATTCACC	0
CAGGAGGCGTGCACAAATAC	0
ACCCAGGATTAACTTTTGGG	0
ATAACCTAATAGATGAGCCA	0
GGAATTGCACCGATCAAAGT	0
GAACCAAACGTGCCAACTAA	0
TCATCGAAGTACGGAGCTAA	0
AAAGGGGTCCCAACTACAGG	0
CAGACACTGTTCTAAGCTGT	0
GATTAACGACGCTACTTGTA	0
TGTGTGTTATGGGCAATGAA	0
AAAGACAACGTGTGCCAACC	0
AACATAAAACTGAGGGAGCG	0
ACCAAAGTATGCTTCGAACT	0
AGGAACACCGTACCCGCACA	0
AAACGTGGCAGATAACAGCT	0
CATCAGATTGCACTGACTGC	0
GGACGTAAAAACGCTCGCCG	0
GTAGTTCTTTATAGACGGCG	0
TGGCATAGATATATACGTCA	0
CTCTCAGCCGTCCCGCGGCG	0
AGTAACCCACGCCCCCTTAC	0
GCGCTGGCTAGAGTTCTGCT	0
GAAATGTCGCGTAGCCGACC	0
CGCACAAACCAACTGGTCGG	0
AATAATCTATAACTATAAGC	0
CAGTTAGATGTATAGCATGC	0
CATTAAAGGTTGTAAACTGT	0
CCAGTTAACACAACAACCAT	0
GTAACGCTAGATAGCAGAAC	0
ATTCGCTGACAATAACGGGT	0
AGAGCTTGGCGAGAAATGCT	0
TACAGAGCAGGCACCTCCTA	0
ATCTGCCGGCAGTTGCAACC	0
AAAAACGGAGAGTCTTAATT	0
TCCATGGGTTATAGGAATAC	0
TTACAGGAGTTAATCTGCCA	0
TGAAACATCCCGGCTCAGCA	0
CGCTGATTCATACCAAAAAC	0
ACCGGATAAGCTAATCAGTG	0
CCATGGCCCTGTGCAGGCAC	0
CTAAAAGTGTGTGCAAATGA	0
TCATCGACTACCGACTACAA	0
TTCCTTTTGGTTAGTTACAA	0
ACCCACAGACCGCACACCCG	0
CTTGCCCTCTTAAGCCCGAC	0
ATGATAGTAGAGCAATGCGC	0
AAACAGAAGTAAGTTTATAC	0
AAACTGCAATTGCTTCGCTC	0
CGTATGTGGCCAGCAACGCC	0
TATCGCACCCTACCTAGCGA	0
TGCTAAGATTTTTGTTATCG	0
CACCCCATTGGAAGCTCCTG	0
TAGTATGTTACAAAGTGGGT	0
GCCCGCCCCTTGCCGAGTTG	0
TTTGTGGAACCCAAAGCAAC	0
ATACTGGGAGACTCGGGGCG	0
GCCATAGTCCGAAAATTAGG	0
ATTAGACCGGCATAGGTTAA	0
AAGGGTGTTAATTCGCTATG	0
CTCATGATGACCACGCATCC	0
CTTGCAGCCCCTCCACCACA	0
CCATGAACTCTTAGCCCCCA	0
GAGTAGGCATGCTAAATATC	0
AGAAAAACGCTAAACATCCA	0
TTACGGGGATATAGGATCCA	0
GGGATCCCGACCATTGCACG	0
CTCGCCTGGAACCAACAACG	0
CCCTCTACACCGATTACAAA	0
ACTAGTAGCCGAGCTTACAC	0
TTCGTCAGCTCGCCTGGTTG	0
AACTACACAGCAGGGCACCA	0
ATTAGGAAATTTCTGAAGTG	0
GGACCTCTGTATCTACCACC	0
AACTACTCTACATCTGCGTC	0
TAGCAATACACTGACGGATT	0
AGATCATGAATACAATTGCC	0
CGCAAGCCAACCCTTTGAAG	0
ATATAAGAAGTGATACGACA	0
ATGGATCCTAAGAGTAGAGC	0
GGTAATGTCCCCCATTCGAG	0
ACCACAGAAGCCCAGCTATG	0
AGACAACGAACCTCCTTTCT	0
CGCTCCACCGTGGGGATCGG	0
AGTAGGCAAGCCGCTCACCC	0
CACTCATCGAAGATAGATCA	0
TGAAAGTCATCACCTCTACA	0
GAATTAAGAGGGCGGACTCC	0
CAACTGGCCGGTAGAAGCAC	0
ATACCGACTCGGCGTTAACG	0
CCCTTACTACAGAGTCCCTT	0
AGTACAGGCCAGAATCAGTC	0
TAGTAAGCGCTGTTAGATAT	0
CCCGCAACAACACTTGGGTC	0
ACGTTGTCACCTTCTCCGGC	0
AAACTACATAAAGGACAACT	0
ATAGTGACAGTCACCTGACT	0
AGGTGATACAAGCTGTACGT	0
CACATCACATTAACCTAGCA	0
AGTCACAGCCCAGGTGCTAA	0
TACGCTAGACGCGATACAAC	0
ATATACGGACCAGGCACGCT	0
TCGGCCTACAGATATTCTCA	0
GGCCGTGCTTAACATAAAGC	0
CATCTCGTTTACCTCTGTTT	0
TATTAGTACGCGTACTGGCT	0
CGGAACATACTAAACCACGC	0
CCAAACGAGACTAAATTACA	0
AACTTGAACAAAGACGCTCG	0
ACCATAACTCCGAGATCCCC	0
AGAATCGCACTCGAAAGTCA	0
GTACAGTACGATCTTGATTA	0
CACACTGCTACATGATTCAA	0
GTGGTCATCCCAAGTAGCTC	0
GTGGACGCGAGACCCAAAAA	0
CAACTGGCTTGTGGTAGAAC	0
GGCTTCACATCCTATTTGAC	0
AGTTTATTCGCCCTGTGGAC	0
TCCCCCACGTTAAGCAAATC	0
CAAACGTCCATGCGCATTGG	0
GGTATTACCACTGGCGAAAT	0
TTACGCCCATGGCCCTTCGT	0
GCTGTCGATGTGACTGGAAT	0
TACAACCACAGTCGCGATAA	0
GGGCCCCGTCCCCATATAGC	0
CAAGAAAAAACCAACGCTAT	0
TTGTTGCTACACACCACAAG	0
CAATGCTACAACGAGCAAAA	0
GGCTCAAGTGTGAGATTTGT	0
CATCCAACGGGAACCTGTCC	0
GATTCTATCCAACAAAACCA	0
AACCTATTAGAAACATTTCG	0
GGCATGCTTACTCACCCGAT	0
AGCAAAGAACTCACGCGCTA	0
AACACAGTGGGAATGCGTCC	0
TGCGTATGGATAATGACGCT	0
GTTAACCCATAGATTTGGAG	0
TTATTCCGAGAAAATGAAGC	0
TGAGATGCCCTTCCTAAGCG	0
AAAGGAGAGCGTAAGAGAAG	0
GTGTTAGTAATAAACTGATG	0
GATGGGGAAAACCACACACC	0
GGGGGGGCGACAGCTTAAGA	0
GTACCCTAGTCCCCCAGCCC	0
GACTCCGAGTACGAATGGAA	0
AACTTATGCGACCTTGCATG	0
CCCCAACAAGCCCAGTAACA	0
TATCCACATTGAACGCACTC	0
TGTGACGACGTTTCATGTGA	0
TTGATCCGTAACCCACATCC	0
CGCATACCCCCAGCGTCGCA	0
CTGACGTCTACGTTGGTCCG	0
GCTTGCGCGTGCTAAATTGG	0
ATTATAGTGCACATAAGGCA	0
TAGAGGACCATCGTGCATAC	0
ACGCGAGTCGGTACGGTGAG	0
CCCAAGTTAGCACAATGGGT	0
ATGTTTTCGACCCGCGCGAC	0
GTTAATGTTCGGTGAAACTG	0
CTCGTGCAACAGCCTGCCTG	0
GTATCTAGAATAGGTGAATT	0
AGGCACATAGGGGTTCTCGC	0
AGGCATATGTCTAAGTACTA	0
TTTAGGGTACCGGTGTCATT	0
CGCATTTGTTCCCTACGCGC	0
GGATGACAAAAAAAGCTTTA	0
GACAAAGTAGCCCCAGTATT	0
CCGCAAAACTCATTATAATC	0
ACAACTAGTCTCAGATTAGA	0
CGAATGACTGAGTCAGCAGA	0
CATATTATCCTGAACATAGT	0
AATGCGTTGAAAGGTTGGAC	0
GCATCTTTGTGTCTGGGCTG	0
ACGTAAGTGACTCTTGTGCA	0
TATCCAAACAGTCACCACAA	0
AATTATCGCAGACTTGCTAC	0
CACTGATTAGTAGAACAAAT	0
GACCCGGGCGGGCCCGGTTC	0
TGTTTGCTGACTTGAACTTA	0
AAACCTACCGATGAATTAAC	0
GAAAATGGGAGTGCCACATC	0
ATGATGGCTGAGCCTGTAAT	0
TTAAAGGTTGGGAAGGATTT	0
CCCACAATGTCTAATAGCTC	0
ACCTATGGCAATTCCCATGC	0
TAAGCTATTAGTTCCATAAG	0
CGTGTCTAATATCAGATCAA	0
GCTCAACTCCGTATAGCGTT	0
TAATCCGATGGTCATGCTAT	0
GTGGGAACACTGCAAAGAAA	0
GCGGCGGACCTTCATATATC	0
CACCATGGTTTGGCCGCTTC	0
CAGTTGGAATGACTCGTAGT	0
ACACGATCATACAGCAGGTA	0
AACTACATGCACGTACTTCA	0
TAGATAAAACAAGGACAAAT	0
CCAGAACAGTTGGCGTGCAC	0
GCAGTGACTGGCCATCTAAT	0
ACTTTAAGTGTAGCCTACTG	0
CCAAACACGTACCGGGCGTC	0
TAATAGAATAATTTATGTTA	0
CTTGTAAGTACCCGAGCGGA	0
ACTTCACAGCGACCTACGGC	0
AGTTTCTATGCCACGGTCGT	0
ATGCAATCAGCCATTACTGG	0
ATGGTTTAAGCTCCCGCGTG	0
CCCGGATTCAAACTAAGACC	0
AGCCCTTCACGGCCGAGACA	0
CTTCTGCGAGAGTATTCAAT	0
GTTACACCTACCGGATTTGA	0
AACAGCGCAACTATCAAAGT	0
GCCCACACGGACACATGTAT	0
GCAAGTGTAGGTCCTACAAG	0
ACCACCCCACCAAAGTGAAA	0
ACACTTATCCAAGCAAAGCA	0
TGATCTAGCCATAGCTAACC	0
CATCAAGTCACCAATGTCTA	0
GCTTTTGACACGACGGATAA	0
GTGAATCCCAATGCTAACCT	0
GGCTTCGAAGTTCGTGCCAG	0
ACCATTCTAAAAGCCGCGCC	0
CGGATCAAATATGTATGGAC	0
ACCATGGGACAAAGCCTTAT	0
TCTCGTACATACGAGCACTA	0
GGCTCATGCCCCATTTATAA	0
TTAGCTTTGGAAGGTCAACC	0
CTAACGGCTGCCGGATTGCC	0
ACAAAAGTATTGTAAAATAC	0
GTCCTAGAAATTTTCTGTGG	0
AACGTGAAATGGGCATAAAA	0
GAAGTCAACTGCGAGGTACC	0
GGTGCTCAACAATAGTTCAG	0
TGCGATAAAACCCTCTAGGG	0
GTTCAATATACTATGTCAAA	0
CCAACTTGCTGGCACGAGAA	0
ATAGCAGGTTGTGCTCGCCC	0
TAAGTGCTCGTAGATTACCT	0
GTTCAATAGAACTCCAAGAA	0
ATCTGTCACCTGGCTCGCGT	0
ACTTACGGTAACGTGCCACT	0
ACACAGCACGCGCAGGAACC	0
AGCACCACCTAACCCTCGCG	0
GCACACCCTGGCCACCTAAC	0
AAAATTTGCTTATCAGCAAC	0
AACCATAAATTTTTAATTGG	0
CTACAAAAGCTAAATGTCGA	0
CCTCACGCTGACCACAGTCC	0
ATAACGCCAGGCCTAGGCCC	0
ATTATGGCTGAGAGCATCTC	0
TGAGAACCGTAGCTATTATA	0
CTGGGAGTTACGCTTTCAGG	0
GAATATTAGATGCCAATTGC	0
GCACGTAACGGAACTGGGGG	0
TCACGCCCGCATTACAAGTG	0
ACATTCCCACAGTGGATTTG	0
AATATAGCGATACCTGTCCA	0
GCTGATTTGGTCGAGCTTGG	0
GAGTCAAACAAATTGCTGAC	0
ATACCTCATCCTTAACGCAG	0
TATGACTGGCCTATACAACG	0
GTACAAAAAGAACAAAATGC	0
GCGCGAGTCCCAGAGTCTCG	0
AGAACAATACTATAAAAGAG	0
GGGACTACATTCCCTGTATT	0
ATTGCGGTGAAGCGATAGCT	0
AGGATATGGTTGGTAAATGG	0
AACTGAGATTGCTTAGGGGC	0
CGCAGGAGACCCTCCAAATC	0
ATTGTGTTTAATTTCCATAA	0
GGTAGAAAGTAAAATCTGTT	0
GGAACAGCGATGCTACGCGC	0
TGAATCTATTGAACGGACCC	0
CCACGTCACTCTCCCATGGC	0
AGTGAGCGCGCAGCGAATGA	0
CGGGGATGCCACGCCGTAGG	0
TAGACAAGAAACGTGTAACA	0
AGAGACTTACGAACTTGTGT	0
AACAAGTATCAGAGTACGTG	0
ACCTAAGAATACAGAGTATA	0
CTGCCCTGGACGGTCCGCCT	0
TTAAATTGTTAAGTAGAGCG	0
TATCAAACCGCTAACCCAGT	0
TAAACTGGTAACACACCTTT	0
ATGGTAGCGTCCCCTTAGAA	0
CGGGGCGCGCGAAACCAGGC	0
ACGCATAATGTAATAAGTCG	0
TCGAATTGACTTAAACAATC	0
GTCATTTACGGTGCAACGTA	0
CTATAAGGAACCATGTTCTC	0
ACTCAAGTTTGTTTGGGCAC	0
AAGTGAAACGAAGATGATTA	0
TGTGCCTCTTGGTAAATGGA	0
GGTCCACTTGTGTTCTGGAA	0
GGTGTGACGTATAACTGCGT	0
CTGACACGGCGCGCTCAGAA	0
CAAAACTGTTGAGCGGCGTT	0
ATTAGGCTGATTTACAACTA	0
GAACTACCTTTCGGGGGATG	0
CTTCTAACGACAATGCCAGA	0
CATCCACCAACGACTCCTGG	0
GCCATCGCGAGTCCGTTAAT	0
GGTAGCGTTACTGCAACACA	0
TTAGGTAGAAACAGATAGTA	0
TACATCCGCTTTATGATAGC	0
ATAACAATCACTGGTTTTAC	0
CGCGTGAACCGGTTCAATAC	0
GATGAATGTTAAAGTCCTTC	0
CGTAAACATGCTACTTCCGC	0
CCACATGGCAACGCTGCCTC	0
CCCTGCTCTACGACAAGCCG	0
AGAAAATTGCCGCTACCTGT	0
TGACGCCTACACGGTCTGGG	0
TATCGATTGGGCCAAAAAAG	0
GCGCTTTAGGCTATGCAGCA	0
GTGCGTGAATTTTACCTGTC	0
CGGAAGCACGAGTCCTCCCG	0
ATAAGGAAGATTGGTCGATA	0
GTATTCACACAGTCACAATG	0
GTCCAAATTCATTCGAATCA	0
CGCGTCATAACTCGAAGGGA	0
AAGACGTTCAAATGAAATTC	0
GTATACAATAACTTTAGCTT	0
TCCCCAGCAGCGCACGTAAC	0
GATGTCCATCCCCTAAACTC	0
AACTCGAACTAGCACAAAGC	0
AATGTTGATATAGGCATGAG	0
GAATCGTGGTTACATTGCAC	0
GGAAGCCTTAATGATGGTGA	0
ACACTTGCATGCCACATGCA	0
ATTCAATCCAGGAACTCTTG	0
TCCACTTAGTTTGACCAGCT	0
TTTATGATAAGGTTTATAGC	0
TACCTTGGATTTTAAAAGTT	0
AACAAGAGCGGAATTGCTTG	0
GTGACTTGGTACCACTACGT	0
ACGGGCCAGAACAATTCGAA	0
ACAACTCCGAGCAAGTCTGA	0
TAGTAACGCAAATGGGACAC	0
TAAAACATACACGTAACAAG	0
TCCGGGGGAACGCAGCTACC	0
CTTGTGGGTTACACTAGCTT	0
CAATACACTAGAGGAAGATT	0
TGGCAATGACTGAAAGCGAT	0
GTAAGTTGTTTGATCATTGG	0
TCGTACGCACACCAATCTAT	0
ACTGATTCACGTAGTGACTT	0
CTAACGAACACGAATTGAAC	0
CGTTTGCCTCCAGCCACGAT	0
TACTAGATTAGGACATTACT	0
AGGCACTCGCGCATTTTCGC	0
CTGAATAAGCTCACTAATTG	0
GATAAGGGACTGACTTTGTC	0
AATAAAGCACCAAACTGGAA	0
ACGACTACCCCCGTCGCGAG	0
AAAACCAAAGGTAGCAAAAC	0
AGTGACAGTTGTGATACTGT	0
GGAATTAAACGGAAAATTCG	0
AGAAGTGCATCCTATCAGTC	0
TCCGACAAGATACTAATACC	0
TCCAAATTTCACAATAAATC	0
TGAACAACGTGCCAGCGTAG	0
TCGACCTCATGGTTTAGGAA	0
CACTAGTACCGCATCTAACT	0
CCAAGTCCTTGTTTCATACC	0
AGTTGAAACTAGGATACCTC	0
ATGCCGCTTTGCACTCGACG	0
CGCTGCGCCTATCTGGGGAT	0
GTCATCGGCAATTTGCGAGG	0
GGGAGCCTAGGCTAATAAAA	0
GGGTCAAAAAAGCTGATCTC	0
GCAATGAGTTGGCGACATTC	0
CAGGATTTGATTGAGCCTTT	0
GAGCAACCGCTAAAAAAACC	0
GCATTTTACTATAGAATAAA	0
AGTCACCCAAACTTAGCGCA	0
TCCCTTGTGGTGTACCGTCA	0
GTAATTGGGGGAGTAACAGG	0
CGATCGACAAAATAATGTTG	0
GCAGCTCCGCGGGAAGATAA	0
TAAGGAGCGATCTACCGACA	0
TAGCGCACCTGAATTACGTC	0
CCACGGATGTGTTTCGTAGT	0
ATTGCAAGAATGAGAGATAC	0
GACCACGCTTCAGTAGTAAT	0
GAATTAACCGGACTTACACT	0
ACAATGATTGGAGATAGTTT	0
TTATGCTTAGACGTTCCACC	0
ATGCGAAAAAAAGAAAACAT	0
CTAATTCTGACAGTGTATCC	0
ATGGGTTGGGGGCACACACA	0
AAGTTTTTTGTGAACCGTTA	0
CGTGCTTGTCCAAGACCTAA	0
TAAGATGGAGACCTTAATTA	0
AGAGTGGTATGTAAGATGAG	0
GACTACATAGCCAGAAGCCA	0
AGCGAGCCAGGTGCATGGTT	0
CTCGCGACTAACACGGATCA	0
GTGACATTAAGTGCTTATGA	0
CAGTAATCCGCTTTTATATC	0
CACAAGTCATACGCATTAGG	0
TTGGATCCTCTGCAATATTC	0
GTACCTCCTAGACCGCGATG	0
AGAGGAAAAAAAACCCGTCC	0
GATGAATGTTATCTTCCTAA	0
TCAGCAAGTACTGGGTGCTA	0
ACTGAATTGAGACAATTGTC	0
GAAGGGGATTTACGGATATG	0
ATTCGTGGACGCACCGTCCA	0
CATAAGATCGTTGCCCGGAA	0
AACTGATGCACAGAGGTGTG	0
AACTCAGCCTGTCAGATCTT	0
ATTACTACTCTGTCAGATGA	0
ATCTGTTGCCCAAGTTCCCA	0
GACTCAGGGCAAATAAAAAA	0
ATGTGCCTGCTACTCGCATT	0
CTGCCTACGATCAACAGGTC	0
TGAACCAAAACATGAATAGC	0
CTCTGGACAGCAGCCCACTG	0
CCAGGCGACCAAACACGCCG	0
ACCACAGTACGTACGAACTC	0
ACCAGTGCGGGTAAATTAAC	0
TATAGAGCCAATACCCATAT	0
TTATAAAGAGAAAAATGTCT	0
GATTCCTGCCAAACCCACTT	0
GGGCGATAGAGAATAGATGG	0
TATGGTTTGGTGACTCGATG	0
AATCTAAAAGGTGCAACTGC	0
CTAGCCACTAATAAAAATCA	0
CTCAAGAGAAGAAGAGTTTC	0
ATAGATGAACCGAGCAACTG	0
ACAGCCGGCGCTAGGGAATG	0
GTGATCCTCCGAATACAAGT	0
AGAGTTACATGTAGCCCGTC	0
ATGGACAATATCAATATAAG	0
GGGTTCCAGATAAATACTTT	0
CCATCCTCGATACACTAAAA	0
ACAATCTGCTCAGCCAGCTC	0
GCTATACTTTAAACAAAACG	0
TAGGACTAAGAACGCCGCAC	0
GTCTCACGACGCAAACCATC	0
GCGATATCAGCCGTGACGTA	0
GTTGAGCCCGCTAGAAGTCT	0
GATGAGGGTACAAAGTCCCG	0
AAGGTAACAGTCTACGGAGC	0
TATCTCGGAACCCTGACCCA	0
TACATATATGAATACCAAAT	0
TTAGATGCATGAATAAATTT	0
AACACAGCTTTAAAAACCTC	0
TTACCTTGACAATCTTTGCT	0
CCAAACAGCAAAGCAGCTCC	0
AGCAAAAGGAGTTAACAAGA	0
ATTGGGAAATATTAAACCTA	0
AGTGGCGCTCCCTTGATCAT	0
CATAATACGTCGGAATGGAT	0
CCAATTATCTACACGTTCCG	0
CTTAGGACACACTAGGTACA	0
GAGCGCAAATTACTAGCTGC	0
TTAGTCCGCCATTGGCAAAC	0
GTGTAATTGATATGGGGAGC	0
ATTCCAGGTAGATTGTACTT	0
CTTAAAAACATGAAAAGAGA	0
AAGGGATGGTTCCGCAACCC	0
ACCGAAGCTAGGAGCTGACA	0
GCACGGCACTTATATGCTAC	0
TCAAACTACAAACACATGTT	0
TAATGCGCTTACGTACAAGA	0
GAAAGAGCTGCTTGTGTTGG	0
CAAGAATCCTCCCACGATAG	0
ACAGTTGAGAGATGAAGTCA	0
CATAAATCGAAATCTGTCTT	0
TAACAAAAAATCTGATGGCG	0
TGTTTAGGTATCAAGCCTGC	0
CGTCCTTTCTCGTCAACCCA	0
CACTCCACTATAGACCAAGC	0
CTCTACAGGCAGCCAGCCCG	0
AGACAAAACATACATTCATT	0
TTCGCTTATGGAGTGTATCT	0
TTGCTCAAAGAGTAGCGAGT	0
TTATCAAGTAGTTGATATTG	0
ATTGCTGTATCTCGTCTATG	0
CAGTTGTTTCATTAGACCCC	0
TTATGGCACTTGGATTATCA	0
ATAGATATTGGTGTCATACG	0
AGATGTCGCATGACAGAACC	0
GCAGGGTACTTAGCCTACCC	0
AGAAGAGGCAATTGTGGTGC	0
AACCCGCACATAGAGCTGTT	0
CACCCTCACACGTTACATTT	0
AATGAACAGCCGCAACCTCT	0
TACATTTAACTGACTCTAAA	0
AGACGTTTGGGGGTAAATAA	0
GCCTCTAAAGCCAGCGCAAC	0
TTGACTTTATAGTTCACCAG	0
GACTCTGTCGATAAATTTGT	0
GCTCAACAGATAGCGCAAGA	0
AAAATTGTAGAGTAACGTGG	0
CGAACTATACAATAGGAAAA	0
GGAATTTCAGTCTTTCAACC	0
AGATATGCAAAGCGTGATCA	0
AATAGGCAGAGAAATAAGGC	0
CACCGTTACAAATTGAAAAC	0
GTATTCTGCATAGCGCGTCT	0
GACGGTATGCGATTAGCAAT	0
CTAATTTCCTCACTAATGCG	0
GTACGCCCGGGTTGGAAGCG	0
CCTATGGAAAGCCCCCTTAG	0
AACACTAGCCGGCTCAACGC	0
GCTTATCCGGTATAGTGTGT	0
CATGCGAAAAATCTTCTCGA	0
TTAAGCGAGAAAAGTTGTCC	0
AGCATTACCTCCCTCTCACG	0
TCCCATACCCAACTCCCCCG	0
CACCAAGTAGATATTTCGTC	0
GTCTCCATGCGCTATTCGCG	0
ACATCGACAATACTATACAC	0
TTTTATATTACGGGACTGTT	0
GGATAAATTGAGCACTACTT	0
TGGAGGACCTCTGTGCATAG	0
CGTAGTTGTTCCATTCGACC	0
CGTTGTCAAGCTTCGCCAGC	0
TTCACGAACTAACTCAACAC	0
ATACGATAAGATGGCAATGG	0
TACGAGAAACGAACCCGAGC	0
CGCGTATAGGTCCACACTTA	0
CCCACGAAGGTCACCACCCA	0
AATGTATCGAGAATTAACTC	0
AGGCTGATGTAGACACCATT	0
TTGAACGTGTTAGCTTCGTA	0
ATAGTGTATAGAATCCCACG	0
ACGGTGAGCAGTGGACAAAG	0
ACAGAAAGTCATCTCATTAA	0
TGTGTGGTAAGATGGATGCT	0
CGATAGTAACTTAACCCACT	0
ATAGTATATCGAACGACAAT	0
CTGAAACGCCGAAAAAGCAA	0
ACACTCAAGACTATCATCAT	0
AACGAAGACAGACCGCTAGA	0
TTTAGTCGTATAACGGTTTT	0
CGAGACCCGACACGTGTTGA	0
AGCTGTAGGACCGAGAATGA	0
CACTAGAGCATGAGAACTGC	0
CGATAGACAAGACCCCTACC	0
CAACCAATCGTTAGACGAAA	0
GTGCACGCAATAGGTGAGTG	0
ATCCGAAGCTGCTCGATCGA	0
TCAGCGCAGCATCTTAAGCT	0
TAGCAAACATCGTAATTTAA	0
CACACGTTTATTTCTGACGT	0
TTCTGAGATTGGACTGTTGA	0
TACGGACGCGATTGTAGGAT	0
AACCAAATCCAAATGGCTGC	0
TTGTTAGAATCCAAACAAGT	0
TACGGTATAACCTAGTTCTG	0
GAAGGTAGAGTAGAGACGAG	0
ACTATTGTAACTTCTTTATC	0
ACGCTAAGTCAAAATATGCG	0
CATCTAAATAAGTCAGGACC	0
AGATTAAGTGGAAATGAGGC	0
GCAACACACTTGGTCCTACT	0
CTAGGCATACTAGCATCACA	0
AACTCATACTACACCTCAAC	0
GGCCCCCAACCACAACAACA	0
AACCTTTTGAACATGAGGCA	0
GGATAAACTGTAACCTGCAC	0
TCAAAGGGACACCAACCCCC	0
GTAACTTCTAGACTGTGTGG	0
GCATTTTAATACATGTAACT	0
CGAAATTCCAGAGGGCACAA	0
TTCAAAAGTAATGATAGGCC	0
TCAAACAGTCTTGACTAATG	0
TGCCGCCATGAGCGAGCTCG	0
ATAGACGCAGGGCTTACTCC	0
GCATTGCTGGTTCGGCAAAG	0
GTATAAATTAGGCGCAGAAT	0
ACAATCACTGCGAGGATTAC	0
TATGGACAAATTAGTCGACC	0
TGCAAGTCGAAACCGCAGCA	0
TAAAATAAAGATCTTCCCAC	0
TGGCAAGGTGCCCCGAAGGC	0
ATATGTAATACATTCATAGC	0
TAGTTTCAGCGAACTTCACT	0
CAATGTGTTCACCGAAAATC	0
TGCTGTGAAACCGGACATAA	0
TATCGCCTTACATGTACTCC	0
GATTAGGTCCGACATAGATA	0
TGTACGCGCGGGAGTAGCTG	0
TATATAATACTACCGCGCTA	0
CAAAAAAATTTGAATTGCAC	0
TCGCAACTATTCAAATGTGA	0
CGTTCCGGTATTCAACCATC	0
AGCATCAAACAGAGGATTAG	0
ACGATGGCCGCGCTAAGGGC	0
ACAACCTTGTTAATTTAGAA	0
AACACGACAACCTTGCCGAG	0
TGTTAGTTGCGAATTTGGCA	0
TCTGCGAATCAGTGAACGGG	0
GCACACAAATATGATCGATC	0
GCTTTTGGGATCACATCTGG	0
TGTTGTTTGGACGAGACCGG	0
TACTTATGGTCCCGAGGAGA	0
AAAGTGAGTTGTGAGTTAAC	0
GTTATGAAGAATGGTTAGAT	0
TTAGTTTACAAAGCATCCGC	0
GTACACTGGCCGCGAGATAC	0
TACCTGGTACGTCAATATGT	0
GACACGAACAAAAGCCCATG	0
TGGTAAACTACGTTGCCCCT	0
TTCAAATTGCTAGCACAAAG	0
AATGCGACAAGGCCCAACGC	0
CAGCCCGCCGAAGGAAGACC	0
CGATAAGAAGCACCAGGCTA	0
ATACAATACCACGTACTGTG	0
GTTCCCCGCGTGACGTACGA	0
ATAAGCGCGTTTCGACGCAC	0
ATCACCGGACCACTCAAATC	0
TAGTGAAGCAATCGCACGGA	0
TCATGATTGAGAATACCGTT	0
ATAGACAGCTGAGTGTACCC	0
CCTCGTACGGTGGTGTACGA	0
AGGCGCACTAGGACCCGAAG	0
AAAGGGCAACTTAAAAGAAA	0
AAAGGTTAGCAAACCTCCTC	0
ATACAGCGCTCTTCCACGAA	0
GAGTAACCGTCAGTGACACT	0
GAAATCGAAGCATCCGCATA	0
GCTTGAACGGGCGCATTGCC	0
TGTCAAGTTAAACTTGTGCC	0
ACCCGGCTCTGGAGACGCCA	0
AAAGCACCTAACAAAGTATT	0
CCTAGATGCAGGAAGGAATC	0
AGTAACTTCTAAGTATCATG	0
AAGAAACTGGTATTCGAGAC	0
GGTGACACTAAGGCGACTGC	0
AAAATCTAGTAGGGTATTAC	0
TAATGGTGTAAGAACAGGGT	0
TAAGCGAAATGGATCAATAC	0
ACGTGATCTCGGGGACGCTA	0
GCCACACGATTTCCCCGTCA	0
GTGACAGAGGAATCATGATG	0
AGTGAACGAACTTAGCTACC	0
TGCGGCTGGACCGCAGCGGG	0
AAATAATATACAGCTGCAAT	0
GGCTGATAAAGGCTTAGTGA	0
ACGCATAGGACTATTTCCTA	0
ACCGGAGGGATGATTATTAA	0
TCCCTGGCAATCGTAACACG	0
AGTCCACTACCATGATGCCG	0
TGTAATATGTAACACGGCCA	0
ACATGACACGGCACTCCACA	0
CCTGTGTTGCATGATCTATC	0
TCGACTAACCGATGTAAGAG	0
CCCAACACAATCCCCCGACA	0
TCGTTCCGACCCTGTCTGAG	0
AGATTCGCCGGTTACACAAC	0
GCTCTAATCAACACAAAGAC	0
GAGCAAAATGATTTGGTTGA	0
AATCCCCTAGACAGTAGCAT	0
CAAGTGATTGTGGCGTTTCA	0
TAAACAATCAGGCGCATTAG	0
GCGCATAACAGCCACTATCA	0
TCGTAGTAGAATGTAGAGAT	0
TAACGCTCCCTGAAACGCGG	0
ATATTCACGATCGTGAGATG	0
ATGCTCGCCCGCCTTGAACA	0
ATATCCTCCTGTTAGTATGC	0
GCTCTGTTTCCCCTTTGAGT	0
ATAGAAAAAGAAGCCTGGGC	0
AGTTTAGGTTCGACGACATT	0
ATGTCCCTGTGCCGAGAAGG	0
CCAACGAAAAACAATAAACA	0
AAGATAAGAGTTCTGTGGCT	0
AACATATACCGACAGACACC	0
AGCTCTATGTCCATTACGTG	0
ACAAGTAATTACTACAAGCT	0
ATGAGACTGCACTCTACCGA	0
TCAGCGACTAGGAAAACTGT	0
ATCTGCCCCAAACCTCGAAC	0
CTGAGAGTAGCTACGATCAT	0
CTGCGCGTTTAGATACCTCA	0
ACAAGACGCCCCCTGAGTTT	0
AGTTTACGTACTTATTACAA	0
AGCAACGTACTCGCATAGGA	0
GAGTCAAATTGCAACTAATG	0
TGACTATCTAGCATCCCAGA	0
CATAGACAACGCGCCACGCG	0
ATGACACTGGGCTGTAGCCT	0
ATGAGTCGTATTCCTGCTTC	0
AATATCTGGCAACAATTTTT	0
ACGGTACCCACACTGTGCCG	0
AATCAAATAGATATACCCCC	0
GAGATACTGGCTAAACTTGA	0
TTCAGATCTGGAGAGAGCGG	0
CAAGTACAGCTTATAGGTCT	0
CCATTAACTAACCTTTTGAG	0
ATACAATACTCGCCCAATAG	0
AGCTTATCACCAACCGTAGG	0
ATTGTAGCTTAGCGAAACAT	0
AGATGAGTCGACTTACGGAG	0
GCCGTAATCGATCGGCGTTT	0
TTAAGGCGGTATAAGATGAC	0
CATTAGCAATGTCACGTTTA	0
GAGATTGGATGACGCAATTC	0
TCCTGTCAGCTCGTTAGTAA	0
AATTTTTAAAATTACAATAG	0
AAATTTTAATCCCCCAAGAT	0
CTACGTTGTCAGCAAGCACT	0
TTGGAACATGTGCGAATTCC	0
TACCGATCCTACCCCTTTAC	0
GATTCGAAGGCACTAAGGCG	0
GGGAGAGGAACAACGAATAC	0
ACATCGGACCGATAGCCTTC	0
CACCGTTGGCGCTGCCCGAT	0
CAAGTGGGTGCGTTTATGTC	0
CAGTATACAAAAGCATAATA	0
TATGAAATTCAACACATAAG	0
AGTCTCACGGTTAAGGGATC	0
GCATTAGGCACGGCACCCCA	0
CTAGGCAAATGAGCTAAGGC	0
CGGCCATCAACGCATCACCT	0
AGTGAGAGACGGCTGACGGT	0
ACGATCCATGGAGCAACCCT	0
TTTAGATAACGCATCCCTCA	0
AGAGGGCAGATAAGTGACAA	0
TGTCCCCTGTAAGTCTCATA	0
AGACAGCTCGAACATCGCCT	0
CGCAAAGTCAGTGAACATAT	0
GAATGCAATTAAAGGGCCTA	0
CTTGGGAGCTTTGATGCTGC	0
CGAACGTAGGCTCCACGTGA	0
TTCGGCGTAACTTGTTCAGA	0
CACTAAACTTAATGGTGCTA	0
AATTAGTTAGGGATAGTGCA	0
ACGTCCTGCCCAAACACTAC	0
AAGCACCAACATTAAAGATT	0
CACGAGACATTGCATAATGT	0
TCCGAAAGCCCTTTCCACAA	0
ATTCCCACAACGAACCGAAA	0
AACCTGTTGCCACCGGCATC	0
ACTCCAATTACCCATGACCT	0
TACTTAGCGAGTATTATAAA	0
CCTCATAGGTTGGTGAAGTG	0
TGAACAGTACGGGGCTATAC	0
GGAGTTCCTGCAGAAAGATT	0
TAGGGTACAGGGATAAAAAG	0
ATGCATACCAGAGACCGATC	0
GCAGTGTTACTTTAGATTAC	0
CAACGGTCGAAGATCTCTTC	0
TAATATATGAACCTTTTTGT	0
AAATAACACAAAGCTTTCCG	0
CAGGCCTGCCCCCGTGGGCC	0
CTTAGTAGCTTAAGTCAGCA	0
CCTTAGGACAAAAACCTGCC	0
CAGCACCGGTGAAGGAAAAA	0
TGAAACATAGAATGAGGTAA	0
CGTGACCAACGTATTGCACT	0
GATATCTCCTCGTAGGCCCC	0
CATCGAAGGTACATTAAACT	0
CCAAACATGTAAGAAGTGAG	0
CCTGATTGAGAACGCGTAAT	0
ATGGGACCACAGGATGCTAC	0
GATAGTGTAAGTGATCTGAC	0
TCACCGCACTAGAAATCAAG	0
CCCTGTTTGTGCATACAACA	0
AGCTAGGTTAAGACCATGAG	0
ACCCAATAGATACTACCGAA	0
AAGAACGATATTTTCGCAGG	0
TTCGATCCAATCAGACATTT	0
GGATACCTCAAGTAAGGAGC	0
CAATACCAAAGAAAAACATT	0
AACTGTGGAGTGACTCAACA	0
CTGTTTAGCATTGCGTGTCA	0
GTTATGATGCCCCTCCACCC	0
GAACAGGTTTACAGAATATT	0
CCTGCCCACCAGGTCAATCG	0
GACCAATATGCTTGCCGTGC	0
AAAAGAGCCGATAACGAGCT	0
TGACCATAAGTAGTCTTCCG	0
AATACCCACTCGAAGCTTCC	0
TGGGCATCGTTTAAGGCTTA	0
CACCTACAGGAGCTACCGCC	0
CATCAGATATCGCGAATCGA	0
TTAACGTGCCGTCATCATAC	0
AATAGCCGTAGAACGTAACC	0
CCCTAACTAGATTGCAGGTT	0
GTATAGCTGTTGTTTACGCG	0
AACGACAACAAGCCTACACA	0
CTAAAAACGCATCCCGCAAA	0
GAAAATGAATGGAATTAGTA	0
CATTCGGGCTCAACTAGGCC	0
TTAACACGTTAACAAAGCAG	0
CGACGATATAAATATCGCAG	0
CCAAAGGGCCAACAGCTACC	0
GCACGCACTACATACAAGTG	0
ACACGGTACTCAGTCTGCAC	0
GTGGAATGATCTGGTCGTAT	0
GTAAATTCTTCACAGCAACA	0
ACGCAAAGAAGAGTCAATCC	0
GAGGTTTTAGTTTGGCAAGT	0
CCATGTAATTGATGTGTAAT	0
AAGCACATGGCAACACTAGT	0
AATTGATACCTTCATACTTA	0
CATTTAGATGCAAGCTTTAG	0
ATAGCCTAGACCACTCAAAA	0
ATTACGCCTTTACACCAAAA	0
TAAATAGGGACGCCGGAGCA	0
ATATACCCTTTTAGCTGCAA	0
ACACTTTATATACCTAAGAT	0
AATTTGATGTACCAAGATAA	0
TTGATTAAATTCCTAGACTG	0
GACCTCCGCGATGAAGGGCC	0
GATATTGGCCTTAAAATGCG	0
TTAGTTCTAGACCGCGAAGA	0
TTGCTCGATGACTAGGTGCA	0
CCAGTCAAATTGTAAAGCGC	0
AAATACGATGACGCTGTCTA	0
AGGCATCAGCTCCAGACGCG	0
GATCGAGATAATCTCCTTGA	0
AATCTCGCAGATCCAGAGAT	0
CCCTCCACGTATACCTTCGA	0
ATCACTGTGCTAGGTGGCCC	0
TTGGGATCTGATGATGGCAG	0
AATGTGTCCAGTTTATATAC	0
ACTGGCAGCAGCACATAGAG	0
AGGCGGGGTATAAGTTTAAC	0
ACTTCCCGCCGAGGCACGTC	0
TGGTTTAAGATATTGCAAAA	0
CCCCGGACACAGAAGGAGTG	0
TTAAATCACTCGCAGTTTAC	0
CGACTGTGCAGTGACTCGGG	0
AGGCAAAAGTAAAGAGTATT	0
GTTAAGTCCCCGTCAACGAA	0
GGGTGCGACGACACGTACCC	0
GCTCTAGTCCGGTGCGATTT	0
AATTTTTGACATGACGTTTA	0
AAGCAACATTCGAGGCGTTT	0
AACTATCGATTCGACACTTG	0
ACAGCCTTGAGCATGCGCCA	0
TAAAAGCATAACTGATGGAA	0
GGGGATGATAATAAACCTGG	0
TCGGTTCTAACACGCTTTAG	0
AGTGTCACGCGGGAGGTCGA	0
TTGATTATACGTGACCTTGG	0
GTGAAACATGGAGTCAGCCT	0
GACCTCTCCCTGCACCAATT	0
CAAAGTACTAATTAGACTGC	0
TCGACGGGGAAGATGATAAC	0
TGATCTATACGACTAAGCCG	0
CTTGTCAAACAAATATGCCC	0
GCGAACCAAAGGCCCTAAAA	0
CCGCGGAATGATTTAGGGAT	0
CCCTAAGGAACGCTGGAGAA	0
ACTCGAGAGATGTATACTAC	0
CAGAAGCCTACAGACTTGAA	0
AGGGCCACGATTAACTGGTA	0
AATTTTCGGCTAATAAATTG	0
TACCTAAAATTAGCGAAGCG	0
GTCTTCTCAACGAAAATGGC	0
AATCACTCACTATGCCCCCC	0
GAAGCTTACCATTAGTTAGT	0
GTCAAGTGTATAGAGCACGA	0
CAACATAAGGTGGTCCTAGG	0
GCTTGTGGGCGACTAGTCAA	0
TGAGGTATAAAAGTCTAATG	0
GACCTTAAAAATTTGTGAAG	0
CAGCACTCCTTTCTTACCGC	0
TCCGGCTCTTATTGTTGCCG	0
CATACTACGACGGATCAGTC	0
AGACACCTATCAACGCCTTC	0
GGGAGTAATGACTACACGTC	0
CCTGACTATAGTCACAAGAA	0
AAACCAAACTGATCGAAAAT	0
TGCTCGAGCCTCCGACGTCA	0
ACTAGCATAAGAAACGTGAT	0
ATAAAGCTGACCCCTTTCAC	0
TGCTAGAGTTATACGAGAAA	0
TGATCAGATTGCCTATGTTT	0
AACCGCGTTGGTGCAGTAGC	0
GTAAACCACATTGACTGAGT	0
CTAAAGTCCTGCTGACGTGT	0
AAACTGCAAGGTTATGGCTT	0
CGTATGTTGCCGTCACAACA	0
ATCCTACGGCATCCCGCACA	0
TGGTCCGCAATATCAACTTG	0
AGTACTTGCGAACACTTGGA	0
GACCGAACTCCGGGTACAGC	0
CATGCAGACTGTTAATAGCC	0
TATCAATTCCTTGTGTCAAA	0
TTTTACTTAGTTTGATCCAG	0
GCGTGAGAGAACAATCAGTA	0
GGTAAAGTAACCCCTTTAAA	0
ACTCTCTGAGGTACTAGCGC	0
AAAGTGGAGTTCCCCCTGTA	0
CACAATCATCGCGCGCTCGC	0
GCGGGACTAACAACGCTCCA	0
AGATCCATTTAGCAGCCCTA	0
ACCCAACCTGGCTGGTTTTG	0
CCTTAGATCTAACGTGCTGG	0
CATATGTAAGCGTAATAAAT	0
TGAATAACACCAATAACCCC	0
AAAACGACACGATTAGGTAC	0
ACGATAAGAGTACGCTGCAA	0
TATAGCACCCTCTCTGTGTG	0
GAGACTAGAATCCACGCTCC	0
GGAAAATTTTTTTTGATGCC	0
TGCTGCCGATGTCCAAGCAC	0
ACCACATCAACCGGCCCCCC	0
ACGTAAAAGCTAGAATAGAT	0
ACATCGGTCTAATTGCCGAA	0
CGTAGAGATTGCTGAACAGC	0
ACCTAAAAATCGTGGCTAAA	0
CAGGACCTCTTACAAGATGC	0
CATCGCAGTCAAATAAAACG	0
GAAACACATAACGTACAACT	0
TAGCTGGGAGCTAACAACCC	0
GCCTCAGTAAAGGGGTACAA	0
TCGCTGTACCGAGATAGTCA	0
CTTTCGAGAGACTACGCGCT	0
ACAAGTATTATAACATATCA	0
ACTTTCTTTACAGCTTAGGT	0
TCTCAATATTGAAGGAACTC	0
TTGATTTAGCTCTGCCGCTG	0
GATGGTGACTTATACAAGAC	0
TACGGCCTTCCCAAATCAGG	0
CGACCCCTATTCGCAACAGC	0
ACAGATGTAAAACCTCATAT	0
GAGAAAAAAAGAAGAAACCA	0
ACCTCCATATCATCGCTCCG	0
AACTCTTTTGCAAAAGTGCA	0
AATGGAAAAAGGCAGGCTAC	0
AGCTAATCGCACAGATGACC	0
GCTATACGCAAGGAAGGCCC	0
TTATTGATTCGCACCTTCGC	0
TGATGTATAGAGCATAGATT	0
TCCTGTATCCGGTATAACAC	0
AGGATCTGTTCGCCAAACAA	0
CGATACAGCGACGTCCGTCT	0
GCTGGACAGCCACTTGCATG	0
TTACCCTCCTAAGTACCAGC	0
GAACGGTACAATATATTTAC	0
CTAACCTTGAGTCAAAGTCC	0
AAATGGCAGCAAAATACATA	0
CAAAGGATAGTTGAATAAAT	0
CACAAAGTAAGAAAGAAGAT	0
TTATGGCAGTAAAGAGGTTG	0
ATAAAGGATTCTACTTAAGG	0
ACTGACTCAACTATGTGCAA	0
GGCAATAATATTGCTTCGTA	0
CTCCTTTAGTTAAAATACCA	0
ACTTTCCTGGAGCATGTTAA	0
ACATTTGCAAGATATTATCC	0
AATCTCCGGACTACCACCAT	0
CATGAGTTCATCCAGTGCCC	0
GGTCGCATATCTATATCCAT	0
TTATTAAGCTTGCTGAACCA	0
CCCTCGAGGCGTCCCTTGCC	0
TCGCAATTGTGACGATGTGG	0
AAACCACCCTCATGCGCTTA	0
GCACTGTTCTGTTACGAACT	0
AGACTCCGGAGCTTCAAAGC	0
TAGTTAAACAAAGTTGACGC	0
TGCTGAATATGCTTGGACCT	0
GACTGAAAAAACAGCTCATA	0
CAAACCCAGTACTAGAGCCA	0
AAGTGCGAACCGTGTTAAAA	0
AAGAAAGGTACGATAACCAC	0
TTGGATCAACAACCCGTTAA	0
CTATTTAACGTTGCATTAAT	0
TTACGACAAATCTCACTACT	0
AGCTTTTGAAAGGAGCTGTA	0
CATGACTCTTCGTAGGGAGT	0
AAGCCAATAACACTGTTGCA	0
TGTGTGCTGACAACATGCCA	0
AGGAAAAGCATAGTGGCGCA	0
GTCACCCGCCACAGTTCGTT	0
TAGAAGCTGATATAGATCTG	0
ACTAATCACTGGTGACTGGT	0
CATCGGCCACAACACAGAAC	0
GTACATCGACATAATGGAAT	0
TTTCCAAGCACGTACAAGAC	0
ACTCACCTCAGGCTCCCAAG	0
CTAGATATTGCATAGTTACA	0
CTTCAGCTTAAGATTCGAAA	0
TATCAAACAGCGCTACCAAT	0
CGACGTATTCAACTGCCATA	0
GGGATACGGATCGCAACGAT	0
GTGCCAGGGCGCTGTGTAAG	0
TTGTGAATTCGTGAGCTTAA	0
TCCGATGCTATAGGGATGGA	0
CTAGCAGTACTGCATTACCC	0
CCTGGAGCCCCGATTTCTGC	0
TGACCTATAACATATAGTGG	0
CCTCACCATCCGCGACACGG	0
GTTTAACAACCACAACGGTG	0
CAAACGGGAGCCCATCCACT	0
AGGAAGGCATGACCGCTTAC	0
ACACTGTTCTGTGGCAATCA	0
AATAACACCAGCTCTCGACA	0
TCTAACCGCCAAACGAGCTG	0
TCTACGCGCCGTGTCGCACT	0
CGTTTGAAGATCTCCGCGCA	0
TTACTCACCCTCAATATGCG	0
GACCGCCGCCCAGCCTCGGA	0
AAAAATGAGTGATATACAAT	0
CTATTTATAGCTCTCTCCCT	0
AGTCTGTGTGGCGATTGATG	0
CGTGGCCGGACATGAGATCC	0
CAATGGCTTAACCAACCGCA	0
ACATCAAAGCCAACCCGCAC	0
CCATGCAGTGCTAACTGTCC	0
TGTTCGCTGATTCTTGTGAA	0
CCACGACTAGTATCGAGGAG	0
GAAATGACTCAATGCCAGAA	0
TAATGACTTTTCATGCACCG	0
CGAACCAGTTTGCACAATTG	0
TGCCATCCTAGCCCGCACTA	0
GTACCCATCATCACGGATAA	0
AAACCACTAAGCCGCCAGAC	0
CAATGTTGAGGAAAAGCGAA	0
TTAAAAAAAACGCCGCCGTA	0
CGCGCGCCTCTATTATATGA	0
TAGAAGTGCAAGGTAGTTGC	0
AAACACCGGAAAAATTTGTG	0
ATCCCCATCATGCCACATGC	0
TCGCCTAACAGACGCTGTTG	0
TTGAGAAGTTGAAGTGGTTA	0
GGCTACGCTAAAGGCATACT	0
AAACATCGGGGTTGACTCAC	0
CATTACACGCGCGATAGAAA	0
CCCTGCGCCCTTCAGTTCAT	0
CTCGGGATTAGGATGAGTAG	0
GCCCTTTGTGCAGCTCCGGG	0
AGTAACCACTCTAAAAGAAC	0
ATCGTTTCCCCAATTCGCGA	0
GGACACTGCTCATGATCGAT	0
ACATCACCTCACTACTCCTT	0
TATCCGAACGTAACCAATCA	0
AGGAAAGATAGCAGAACTTG	0
TAGAAATTCGTTTGTTAATT	0
CTGAGCCCTGCCCAAGTTCG	0
AGGTGACCCTCCTGGTCAAT	0
ATTGAGTCCCTGTTTCAGAC	0
TGACGCACCTAGGTCAGATT	0
AAATAAATTTCCCGGACAAT	0
TTGTCAAGAGGTGGAAAGTT	0
GTCCCTCCTTCCAATCACCG	0
TAGCCGGGAGAGGCTGACAC	0
GGAGCATAATTGCTAGTTAG	0
GAGCCAGGCCCCGAGCACCA	0
TACTGAAGAAAAAATATGCA	0
ACATACGAAATCTATAGTTG	0
TCTTAATCGTGACTGAAGCC	0
ATTCAGGGCATGTGAATAAT	0
AAGGGAAAATTAAGTTAAAT	0
GTACAACAAGCTCGCCTAGG	0
ACAACGCGACCTGAGGCGAA	0
TACGTCAGACATTTCCCTCG	0
GGAACTAATAAATACGCGCC	0
ATGCGCACAACAGATAATTG	0
TGATGAAATGAGCAACAATG	0
TCAAAAAGCCGAGCGCTAGA	0
GACAAAACACTTGTAAGAAA	0
GAACTTGGATAGGTATTACA	0
CGCGATACACTTAGAAAGGA	0
GTTCAAGATCGGTCTAAATC	0
GAATTTATATGTTTCTGCAG	0
CCATCCCTACCGTTACTACC	0
CAACAAAAACGTTACACCGA	0
GCGCAAAAGCAGCGGGAATG	0
CTACAGATCAAATTTCGATC	0
CAGACGTTGGGCGTAAGCTC	0
GCGCTATTCTCATTAAAAAG	0
CCCGACGCCACACGCAATGC	0
TGTACAACGGGGCAATTTCC	0
AGTTGACACCCACTAGGTGG	0
CCCTGAAGGGTTGATAATTC	0
AAAATAGAAAGTTGAGAGTA	0
CCGTTAAAATACCCAGAAGC	0
ACAACATGCGCGGCGAAATC	0
ACGTAAGCTTATACACTCTT	0
TTGTAAGAACGTCATGGATT	0
CTACCGGAAACACTGGCATG	0
ACGAAATCGCAATTGGCTGA	0
CGCCATTCACGCTTGCGACG	0
ATTAAGTTTAGTCGGATTGT	0
ACCAACACGATACCACGCGG	0
GCTCTAGCTGTGATGGCTTA	0
TTAACGCCTTGCGTCAGGTT	0
ACAGGTATTGCTGGGCTATC	0
AGCTGCAAAAAATGTGCCTG	0
GTCCCCCCGAACCAACTACC	0
GGGATGCCTAGTCTGGGTCT	0
TAAGCAACTTGGATAGAAAC	0
CTAACAAACGCGGCCACTGT	0
AACCGAGAAAAACCGACGAT	0
AATCTTTGAATAAGTCTGAT	0
AATTACCGATTGTGTAATCG	0
AATCAGGTAAGAGTAAAGAT	0
ACCAAATCAACGCAATAAAA	0
AACGAACACCACCATATTGG	0
GCAAGCGCCCTCCGTCGGCC	0
CCGACAAACTGTAATAAGAT	0
CGAAAGCAGACCTACGCGAC	0
AGTACGGGCTTTTTGAAATG	0
GGGTCGTAAGGACAACGGGT	0
CCGCAGTGCAGCCTTAACCC	0
ACGCCCTCCGGACCGGGGTA	0
ACGTGAACATCTCCGTATTA	0
TAGACCTTATGTCAAGAACC	0
GGGTGAATGAGGAGCGGCAT	0
GACGCTCTTGGGTGTCCACG	0
ATGGAACAACAAACATAACC	0
AACGTAAAAAGCTAGGAATG	0
AGTAGCAATACGGCAGCCCT	0
TGAAATGGGTTTGCAGGGTA	0
CTCAGATACGCGCCCGAAAA	0
ATTGCGGAGATAGTTTAAAC	0
CTGCCAGGGTGCTAAATAGA	0
TGAGACACTTTACCCGCACT	0
ATAAAACAACGGGTTATGCC	0
TAACGCGATATGCACTAAGC	0
TGCCACAAGCCATAGAAATG	0
CAGAGTGCAGGAACACCCCC	0
ATTTGTAGAGTCGAGCCCTG	0
AACAACCCGCATGGATGCTC	0
AAAGTTTTCACATGAAGTCA	0
CTGTGCTTATAATAAGCATG	0
AAACATGTGCATGTTCACCC	0
GAGAACGGAAAAATTGCTCC	0
AACTCACAAGAAGGGCTTAA	0
TTGTAGATCCGTTACCAGGT	0
GCCCCATAAGCCCGATTTAC	0
GTCACAGTGTGTGCCAAACC	0
CCTAGCTCCCGTGCACCTGC	0
GACACATCGGAAACACAATA	0
GCACTCTGCAAAATGCCTCC	0
CCGGCCAAGAGTCCGGACAG	0
TGCTGCGAGCCGCACACACA	0
TTAAGTTGGCCCAATTAGAA	0
TTAGAAAACGGCACAAACAC	0
TATAAACCGCGTAATTTCAC	0
CTAACGAAGAAGTCTATCCT	0
ATAACGAAAGAAAATAGAAG	0
CAAACCAGGGAAAACAGTTG	0
TAATTAATTTATTAGAGTGA	0
TCATACATGCAGGGCGACTG	0
TAGTTATAGGTACGGCATTA	0
ACGAATATTTTTACATCAGC	0
GACGAACCACCCACGGTCGT	0
TGATCGCGCCAGTCGTAGCC	0
GCGTTAGATCTCATTCGTCG	0
TATGGTAGGAAATCAACCTT	0
TCATGTACATTTTTGAAGTT	0
CGCGTGAATACTCCCCCAGT	0
GGGCGTAGGCCGTGTTTATG	0
ATGATAAAGTCTATCGTTCA	0
AGTCAAGCCTGGAGGAGATC	0
ACTCTCCGAAGGTATCCAAC	0
ATTAACCCTGTCACTTGGAA	0
AGGTTACGGGGTCCATTCCA	0
TGGCGGTTGGGATTTTGTAA	0
AATCGAGGCACAACAGTTCC	0
ATGTGGTGAGTAAGTTAAAA	0
TGCCGAATTACTTGTAGTAA	0
CTATAAAATGGCGAAGACTC	0
ATAATATCAGCTGTGAGAAA	0
CACTCCTTTTACATAACGAC	0
TAAGAAGAGCATACAACTCT	0
AAAAACCCAAAAGAAATGCT	0
AGATACCTACTATTGAAAAA	0
AACTAAAGGGTATGCCCGCA	0
CCTATTTCTTAACGCACACT	0
ACCCAAGGACAAAGCTCGTG	0
AAGCAGGAATGCTGAATGAC	0
AGATGTCTCGATATATTCCC	0
CATATGATTCAATATACACC	0
CCAAATACCCAATTTGGTCC	0
TCCCTGCAAAGGAGGAATAC	0
TACGCGGATCCAATCCGGCT	0
AGGACTAACATTAGCTGAGC	0
CGCTTTATAGATATATAAGC	0
GGAGAAAGATACCTACTAAT	0
AATATAGCAGAGCACCAAGA	0
GGAATAACACACGATTATTT	0
GACAGGGTGAGCGGACTAGC	0
AGCTAAGGTTCCGCGCTAAA	0
TTCCGACGAGAATTCGCCAG	0
AGGCACCGCAGTATTTTCAC	0
GTTTCAATAGGTCGTTAGCT	0
TCGAAATTGCTAACCACACA	0
AACTCCTTAAGCCGAATCCC	0
GCTGTGATGAATCTTTGCAC	0
CAACATTAGCATGAATGAAC	0
GTGAGATATACGTTTAGCGG	0
CTGGCAAACAACCGAGTGTA	0
AACTGGCTCTAATTATCATC	0
GCGGTTTCAATCATAACAGT	0
ATGTAACGCTTTAACATGCA	0
TTTCCCCTAAAGACAAACGA	0
TAATTTATGTGAGCGCGCAG	0
TGATTAAAGATGTACTCTAA	0
TGGGTGCAAATTTAGTGGAC	0
ATCTCCTGATGTGCGACCCA	0
AAAGAGGCAGAAGACATCGT	0
GGCAGGATCCTATCTGAGCC	0
TTCGACAAGCGTAGTAAATA	0
GATCAACACATTAGTTGGGG	0
ATATGAATACTGTTACTAAT	0
GCCGCTCGAGCCCGACATAT	0
GCTTAGTATTGTAATCGAAC	0
TTTTAAGAACCCAGAGTTAA	0
GAAGCCGCCTGATAGATAGT	0
CCCTTGCGCTAAGAGAACTT	0
AAACTTTTGCAACTAGTGGG	0
ACGATTAATGTCGCTAAAGC	0
CGAATGGGTGGGATTTACTC	0
AGCACATGTCTCATGATCGT	0
CAATTTAGGGAGGGGGGGAT	0
TCGACGTCCTCGTATCTCTG	0
TTGAAAGATACTCACGCGTA	0
TATCCCTAAGCGAATATCAG	0
CCGTTAGCCTTGAAACTCAA	0
TGACACGATAAATATAGCAA	0
AAGTACGAACGCATACATTG	0
AAACACGATAATACTTGAGG	0
ACGGACCCGGCCCAAGTTAC	0
GAGGACGAGCAAACCTCAAT	0
ATGCCGAAGCGACGGAACAA	0
GCCCATAAGTAATGGTCGCT	0
GAATCGGTCCGATTCTTCAT	0
TTACGCTGCAGTTACAAGCT	0
TTGACTCATTTGGCAGCTTT	0
GACGAACCTAAGTGCAATTG	0
AACTACAGCAGTAAAGCAGC	0
ACCAAATTTCACCCAGCATA	0
ATCACAGCGAATGCTTTGAG	0
TCGTACGATGACTGGAGATA	0
TGAGAAGCTCCTACCTAACG	0
AAATACTGACACCTCTTGTG	0
AAACAACTGAGCCATAAGGT	0
CAAATGTGTAACTAAGCTAA	0
ACTTCGATGTCCATCGCAGG	0
CTAATTTCGCACAGCCCCTT	0
ACACAACTAACACCCTCGTA	0
GCACCTACACGATTGGATTG	0
TGGCAGGCTGAAGGAAAGAG	0
AAAATTATACAATAGCGCAA	0
AGTTTACGCGCAATCGTATG	0
GGACCGACCACTACCTTACA	0
AAAGCAGTAAGGATAGTTCC	0
GTAACCCCGTTAGGCAGCAT	0
AAATGGACGACGAATACCGA	0
CGAATTTAGACATACCACAC	0
CAGCGCATCCCACTGCCATC	0
ACGAAAAATCCTAAATAACT	0
TTGCAGACCTCAGCTTGAAC	0
ACCAAAGTTAGATACCAAAG	0
AAACGCCTACTTGATGCGCT	0
CGCGGTCAGGTCTCCCACTC	0
CAACACTGAGTCGAGTTTTC	0
CAAAACGCCGCCGTCACGCC	0
CCCACTACAACCGAATTAAC	0
ATCGCAATAAAAATGGTGAC	0
GACCTGACCTTGCAATCAGG	0
GCGAACGGTCACGGTCAGGA	0
TCTCAATGACTCCATGTCAC	0
AGAATCCAGGCGGAGAAGAC	0
TACCGGATAGTACGAAGATA	0
GTAGATTATATTGTGTATCC	0
TCGCCTTAGACTCCCCAAAA	0
AAACACAGCCTGAACTGGGA	0
TGAGTAACGCCCTTATAATC	0
GTCTCATACATCGTTTCCTC	0
TAGTTAGGTCGTAATACTTC	0
TGGTGGCAGCATAAATTGAG	0
TATCACATCAAGTACTCACC	0
GTGCGACCAATACAACAACG	0
ACCCACCGATCGCTCATCAA	0
TAAGTCATTGAAGAGCCCGG	0
AATCATTAAACATGAAAAGC	0
CGTAGCTTGAGAATAACCAC	0
AAAAAAGTAAGTAGGTAAAG	0
AGAATAAGCACAGCCACCAC	0
AACATTGAATACCCACTAGC	0
AAGAGGACCCAACAAGCCAT	0
AATAGTTGCCTTTGCGTTCC	0
CGTGGGAGCAGTCCCCACCC	0
ACTATTGAAGATGCATAACC	0
CCAAACGCTTCTACTTGGGT	0
GGGGTGACACTCCCGGAGTC	0
CGTAGTAAGGAACGCTGACA	0
CCACATGTCCGATCTCAGTA	0
GTCTCCCTGACGCTAACTCC	0
CAGCCGTTCCCCTCGAAAGG	0
GAGCTAGGAAATTCGCCCCA	0
CGTTAAGGCACATATTAGTA	0
TAATGCAGCAAGCTGTCTAA	0
GCAGCCAGCAAGGTGCTGTA	0
ATGAGCCTGAGCTCTAACGA	0
ATCCAATAGTGACGTAATAC	0
TACTTGAATAGGATACATAC	0
TTGCGACCAAAATCTTTCGT	0
TGAGCTGTTTGCCGCCATTC	0
CCTGTAATGAAAGAAAGCAG	0
AACTAGCACATTACTAACGC	0
GAACCACCTCACTAATAAAA	0
CACTGCTGGTAGTGCACTAA	0
CACATGCTCCAATTCCAGTA	0
ATTTTAGCCAGCTTACAAAT	0
GACGATAAAGCCCAGTTGGA	0
GAAAACGCTTGGCAATAACC	0
TTCGATCAATAAACACAACC	0
GGAACTCGCAGGCCTATTAC	0
GCCGGAACTCGACCTCAGTC	0
ACACACCTGACGCCAAGAGG	0
CGTCCTCACGCGTACAAGTC	0
AAATCCGTAGTTTTGAGTCA	0
ATGAAGTAATCTTCCATCAG	0
AGTCAAGATGTGGACTCTTT	0
GTGCTATACTGCCATATTTG	0
ATCCTACAAGGCATTGCTAG	0
TGCCAAGAGGTAGACTTAAT	0
TACAATACGCAGCAATGAAT	0
AGCGAGAAGGTTTCTACCAG	0
AGGTATTTTACGTTTCTATG	0
CCAGTGTATTAGCATTGGGA	0
GCACACACACCTCACATATT	0
GCGTAACCAGGTTAAACCAA	0
CACCAGACCGGATAACGGCA	0
AGATCACAGCTTTACACACC	0
AAGCGATTTACGCTTTAATC	0
AACGAACAATACGCATATAT	0
AATCCCAGCTAATGCACTTA	0
CAGCCAGGCTGTAGTGACGA	0
ACCAGTATTAAAATGCATGC	0
CACTCGCCGCTGGTCGGAAG	0
GCCCGATCAAGCCACAATAG	0
TAAAGCTGTACGTAAGAATT	0
CTTAGAGGTAACAGTGCAAA	0
CCGTATCGTCTTACTACAAG	0
ACGACATACGGTGCTAGTAT	0
TATCTGAGCACTAATCGCCG	0
GTACAAAACAAATCTCCGCG	0
TGCGCGAGTCGCATGCAAAC	0
TTCCCCCGACTAACAATTGC	0
TTAGCCATAGGGCCCACAGT	0
TATAAAACGCACGTAGAGCT	0
TCACACCAATTGGAACGGCG	0
GTTATCCCAATGTATTATGT	0
TCAGCGTCTCTCGTACGAGG	0
ACGACACTAACATAACCTCT	0
CATTGACGAGCATCTTAATG	0
CACACAGACCGCTATCTTAA	0
GTATTAGTACCATGAAGGAC	0
AATAACAAGTGCTCAAAACT	0
ACTACCTTAGCGAGCGAAAG	0
ACTGAATTAAACCACAGTAC	0
TAATAGGTACGAACTAGCAG	0
GAGAGGTAAGTCGAACCAAC	0
GGCTAGTTATATTTCAAGAG	0
CCATAAATACGACCCACTCG	0
CATGGAGGCCGCCAGACATA	0
GCTGGTAGAAGTCCCAATTT	0
TTAATTTCGAGCAACATGAA	0
TCCCAGAAAAAACTGAACCA	0
CCCCAGTGCTCATAAGCCCA	0
TTGTTACCTTTCTCGAACAG	0
CGGATGCATACATTGCATGA	0
ATGGAAACCCCAGGTATACC	0
GCCACAGAATTCACTGTACA	0
GAGCGCATACATTTTGGGTC	0
TGCCCCTCGCACCTCTCACC	0
TCGCATTCACCGCTCACAGC	0
AAGATAGACACTAGTACGCC	0
TCTAAGTAATGTCTAGATAC	0
GCGACTTACAATACCTATAT	0
ATGCTAGGCACAGTCAAAGC	0
GGGCTCGCACCACAGCATCC	0
ACATCAGGTAACTCCGTTGT	0
CTCGTTGCATAACCGCCACA	0
CTAAATTATGTTGCGTAGCA	0
ACCTACCTACCTTTTGCAAA	0
CATGCGAAACATCTACCAAA	0
AAATGAATCCCAGCGCTCCT	0
ATCCTCGCACAAGCATCAAG	0
GTGTAAGAGATCGAACTCGC	0
TGTAGCTAATAATAATCTTT	0
CGCCACACATAGTCAATGAT	0
ATATAGCCATGAGACGCCGT	0
GGTGGCAAAGATATACAACA	0
ATAAAGTCAGGCTGTAAACA	0
GACCAGAACTCTCTACCTCG	0
AACGCACCCGGTGTTGACCC	0
ATCTTGATATCAGCTCTAAC	0
GACTGTTGGTCCAATAAAAG	0
ATTATGGCGGTAGCGTATTA	0
GAGCACTTACGATAACTAGG	0
AACCAGACCTCTCGCTCTTT	0
CCACTAGTAGTAAGGAGCAT	0
TAACATTACACTTCATAACG	0
AAACACGCCTCACAATCACC	0
AAATCAAGCTCAAGCTTAAA	0
CCACCGTACCCGAACGCGAC	0
TGCCAAGCTATGTTACGCAA	0
TAGTGAGCCTACTTAAGGTA	0
ACTACGCGATGGAGGCCCCG	0
AGCGAATCCGTGCTTGTAGA	0
GTCCATTATGATTAGTTCTA	0
ACTTGAAGCTTTATCTCACA	0
ACTATAATAATACTTGGCAA	0
ATCCATACTCGTACTACATT	0
CGAACGTCCTTCCCATGATG	0
GAAGAGAATCAATACTCATG	0
AATTAACGAACTATGGCCCA	0
TTCAAAAGAAGGAGTAGGAA	0
ATGGCACCTTACTTTAAAGA	0
ATATCTGATAAACCCCCGCT	0
GTATCAGACACCGCGTCACG	0
TACGAATACTAAAAGGCCAA	0
AGCAACCGAATAGCGGGCGC	0
GCAAGATGACACTAACAGTC	0
TCGACTAAGGATCTGACCGT	0
CAACTGCCCACCCACGCTCT	0
GAACAGGCATTTAAAATCTC	0
ACTAACCTGGGTTTAGCAAT	0
AGCTTGCCAATCAGGCGTTA	0
TTGGAGAATTAAAACGACAT	0
ACCCTGATACCATAAATCTG	0
GTTCACGATAGGCCCAGTTC	0
CGTCCGCTCGAACCACACGC	0
AGCCGATAATATGCCAGTTA	0
TGCAAGGGAATGCTCCGCAC	0
GTGTATCCTACATGTACCCA	0
TGAGCGACTCAGATTAGGCC	0
TATACATGAAGAACTTATCC	0
ATGTATTAATGCTTAAATCC	0
ACATCTATACAGTACACCTG	0
GTAGATTATTGCAGAATGGT	0
ATACGCAGTACAAAACCCCC	0
TAGAACGCCATGCGCGGACC	0
ACACAAGTAGCCCAGACCGC	0
ACAGGACCTGCCCCAAGAGG	0
ATCAGCTGCCCCCAAACATC	0
GAACAAACTTTATTGCCTCA	0
AAACGACCCCGCGGTCCGAT	0
AAATGGGAAGACACGACTTA	0
AAGTTCCGCTAATATTTCTA	0
CGCGGCCGAATAACATAATG	0
TGCGCGAAAAGCGTAATTTG	0
AAAGCTGTCCCGTTAAATTT	0
GGCCGACGCCTGCAGACGCC	0
TGAAATCATGAAAATAAGTG	0
GCTCATGTACAGTAATCACG	0
AAACACTGACAAACATGCAT	0
ACAAGGAACAGTATCATTGC	0
AAGGAGGCGTGACGCCATTA	0
GAGCAATGCGACAGGACATT	0
ATTTTATTGGGCTTATCATC	0
GCACGGATTCCGGGAATTAA	0
CCGTCCCGTGCTCATCGCGC	0
TGGTAGAAAAGGCAATGCCC	0
TGAGGTACCTCGTACAACGA	0
GCCCCGAACGCGCGACTTCA	0
GCTCGATAACCCACTTTTGT	0
AATATCCACGGAAACATAGC	0
CAGATGGATACAATTAAAAT	0
ACGATCAGTGTATAAAACCC	0
CTTAGGCCGTTCCGGGCGCA	0
GATGTAGCTCGCGGGAAAAA	0
ACATCCGATATGCTGATGGG	0
ACTTCACATTAGGTCTTGAG	0
CTAAACCAGACGATAATATT	0
TGCAAGATACATCATTGGTA	0
GCCCGCCTCGGAGTCCGCGT	0
AGAGGAGACCATGACAGTAC	0
AGACCTCACGAAATGGAAAC	0
ACCCAAAATGACGTTTCAGT	0
TAATTAAGCCAGCCCGTTAA	0
AGCTGTATACATTGGGCCAA	0
AGCGATGCTTATCAGTAGGC	0
AAGCCCGAAAGCGCCCGCGG	0
GTGCCGCTTGAATAGCAATC	0
ATTTACTATAAAAGCTTAGC	0
ACATACGTAATGTGCATGGG	0
CGTGAGACCAGATTACCTAT	0
AGCACGCTACCGAACAGCCC	0
AAGATAACTACCCACTGTAT	0
ATACCAGAGCCAAATCTATA	0
AAGCACACTTTGTCGTGTAG	0
GATAATTCCCTCTGTTTAAA	0
CTCCTGTGGATAAATCAATA	0
CCCACCACATGCAAACAATT	0
TTGCGTAACAGACAACTAGG	0
CAACGGATTTCCCTAATGAC	0
ACTTAATTGTCAGAAGCATT	0
GCTCGAAACTCCAGAACAGT	0
GTTCTGGAATGTTAGTTAAT	0
TAACACCTGAACCAACATAA	0
AAGTATCGGATGGGGCGAGC	0
CATCATCAGACTCAAAAGTG	0
AGGTAACAAACTTCGCCCAT	0
CAGAAATACAAGGCGGATGA	0
AGTTCGCAAATAGTGAAATG	0
ACTCTTAGGCGCTAGAGGCA	0
GCAGAGGACCACCAGAACAC	0
TTTCCACCTCCATAGAATCT	0
AGGCTATGATAACATTGAAT	0
TTTGCTTGCGCCAGCGTTAT	0
CTTTGGTTTTTTTCCTCAAC	0
GATTATGCTTTTAGATCTTT	0
AAGTTTTAGTAACACCACAC	0
CGGTCAAGAGCTAGCACAGG	0
GCGGTCTCCACTCTTTGAAC	0
GAAATTTGGAAGAGCAGACA	0
AATCATTTTATCCCTCATGT	0
ATAGCCATTCTCACTCGTCC	0
AGTTCATTGACAGCGCTAGG	0
GATGGGCTAGTCACCTAGAC	0
ATCGTAAGGAATTACGTCTC	0
TGGCATTGACAAATAATCAG	0
TTTTCGAATCGGTGCACTGC	0
AAGTAACCCAATTAATCGGT	0
CATCAGAACCTGAGAAATAA	0
AGATGCAGATGGGGGGAATG	0
TTAGTGCAACTGGTCCCTAG	0
GCTTTAATGACACTACACCT	0
TGACTATGCGACGACCCCAA	0
TTAACGTTTTGCTGTGTTTA	0
ATGAATGAACAGTAGAAAGG	0
GCGCTACCGGAAACTTAGGC	0
AGCATGCATTGTCCCAGATA	0
ATCGACGTTTTGATACTGGA	0
AATCGGCGCGCTATGAATTA	0
GATTACTATGACCGCGCTTA	0
ATACATAGCATGACCTCAAG	0
AAATAAGATATGATGAATAG	0
AGGGCATTCCACTTCCTGTA	0
TCCAATACTCCATTACCTTC	0
CGCCTCCAGACGCGTGCGGC	0
CGACCAGAATCGAAACATTT	0
CAAAGATTCAACTCTCACCC	0
GAACTAGATCAATTCAGTTG	0
TTATAGCGTATGGTTCTTTA	0
CTTCAACTATACCCTAATTG	0
ATCCTGAACTAGCCGGTGAA	0
CGAATTACGCCCTTTACACA	0
GCGGCTAAAAAGCTCTCCTA	0
AAAGACAATAAAATCTAAAT	0
CCACAATAGCCAACGGGAGT	0
AGGACAAAGACAACATTTCC	0
GTGGAGTATACCTATACGAA	0
GTGGTGCCAAGCTATCTTAC	0
TCATCACCATTGGTATTAAT	0
GAGGACGGATTAGGCGCACG	0
TACGCGGGCGACTGCTGGGT	0
TGTAAATATACGAGCTCTGC	0
TTTGGGTTTATAAGAGACTC	0
TGAGGTACATCGCTATAAGC	0
AGTATAACTGTTTGCAGGGC	0
TATGAATGCGTGCAATTTTC	0
TATTGAAAAATATTTGATCA	0
TCCATAATACACACGTATGT	0
ACCAAGACGTAACGCACGAC	0
AAAGGCGCCTGCCGAATATA	0
TCCGCCTCGGATTCCGAATA	0
AGACAAGAAGGTACCTACAG	0
TATACCTAACCGATAGGCAG	0
CATAAACCTTACATAGAAGT	0
AGATAAAGTCGCAAGTACGC	0
ATGAGCAGATCAATGGGTAG	0
CTTAACGCCACACTATTGTT	0
GTCTATGGTAAGGCCATTAG	0
ACCGAGCTAGATCCTAGCAT	0
ACGCATACGCAACAACTTAT	0
ATGGCATGCATGCAACTAAG	0
GCATGGTTCAAGTATCTGGC	0
TAAAACTAGGAACGCCCAAA	0
CACCATTGTAAAGCCCGCCC	0
GATGCTCGCGTGGGAACCAT	0
CGACAAGGGGTACTTACTCC	0
ACCTAAGGCCCTCCAAATGA	0
TAACTTGCGTCAATGGTATC	0
TGCAGTACTCTAACGAACTA	0
TGCGAAGCTCTGCAGGACTG	0
AAGCTCTGCGCGAACGCCCC	0
AGATATGCATATGTCAAGCT	0
CCACTGAAAGAACCAACGCC	0
TGACCATTTCCCTAAATCTA	0
TATGAATAAGACACCCTACG	0
AGACCGGCGACATCGGCCAA	0
ACGATGATAATATATAGCTT	0
GTTTGTTTATTAATCCCTGA	0
GGAGTTAACACTACTCTCCT	0
CACAGACAAACATCACTTGC	0
TAAGGTTCGAACAACGCAGC	0
TGTAAGATGCCAACTTTGTC	0
TTGAATGATTTAGAAGACAA	0
AGCACGTGTGTTGCCGTTAA	0
AATGAAACAGGAACACTTCT	0
ACTACAATTCGTGTAGTGTC	0
AAAGACTAAATCCTTGTAGC	0
TCGCCATCGGATGCAAAGTG	0
ATAGCATCACTGTTGAGAGC	0
ATACATAAGTCCACAGGCTT	0
CACATAACTGCAGTGCCCTG	0
TGCACTCTGAGTTCGGAATC	0
AATACCCAAGAGTCTCCCAA	0
GCAAAAGCCCAAAGTACATT	0
CTGAGCGGCGATCGAGAATA	0
ATCTCTGTTTCAGAATGGTA	0
CTTTGTATTGGGGGCTAGAC	0
GGACGTATTAAATGACCTAA	0
CGCGACTTGTCGATAGACGC	0
AGCTATCATAACTGATAACA	0
GAGAGGCCAGTGAAATCCCG	0
GGATGGAAGAGCTTGGACTA	0
CGGGAATTGACACGAGCACC	0
CTCCTGATTGCCGGACCACA	0
TCGTAAATTTCATTACATCA	0
ATCGCCCAAATTTCCGTTCC	0
TCTCTTGAGGACGGCTCCTA	0
ATAATGGTCGTGACGTGTGC	0
AAAAAGAGCTGTTACTCATG	0
CACACGTGAACCAACGAGAC	0
GCGCAGCCTTCACAAATTAT	0
TGGAGCAACAGTTCTTGTTC	0
TAGCGCAAAGCTCAATTCCA	0
TAACAACAAATGTATTCATC	0
AACACCCCATCAGCGCGTAG	0
AGAACACTCAGGGGCGTCCC	0
AAGCATGGCTGTACCGGGCC	0
ACTACTTATCTTCCTGACCC	0
GCAGCCTGTCAACGCGCAAT	0
GGAGACAGGGCGCGTCGCCA	0
ACAGCCACCTTATACACCTT	0
TATTGTGTGATAAAACTCTA	0
TCGAGGCGAGCCTGCTTTAC	0
TCCATTCTTCGTCGAAAAAC	0
AAAGGTAAAACCCAAGAATT	0
ATAGAAAGGAGTCACCTGAC	0
CCGCTTCGACATTTGAATAC	0
GCAGCGTCAAGAGTAGGCCC	0
CACGAATATAATCGCCTCAT	0
TGATACCCACATCACGCAAT	0
TTAGGCGTTGTAATGGATCC	0
ATGCAAAAAACGCATCCATA	0
CCCGAATACGACGCTCCCTC	0
AGACTAAGCAGTTGATAATT	0
GTAGTAAAAATCGTACCACA	0
GCGTAATGTACCCATAAAAC	0
GCTGTAACGCAGGACGCGCT	0
GAGAATCACGGTCTGTGTGT	0
AGCCTTGAACTAAATAGTAA	0
CGAAAACGCGTCGACATCAC	0
GAAACGCTCAAAGACCCAAG	0
GACTTTAGATTTACAGTTGT	0
AGCATGAGATATGCGGTGCC	0
ATTGGGTGATTCCGCTCCTA	0
CCAGTTGTCCAGCTAATAGG	0
GGGACGGCATGAAACCCTCG	0
TAAAGTATTGTAGATCGAGA	0
GGAGTGACATTATCGTTTCA	0
AAGACGGTGAACTGTGTTAA	0
GTTTCAGTAGAATCCCGGGA	0
CGCCGCCTGGAGTGGCGAAA	0
AGATACGATGAAGTGGCTGA	0
AAAATTGATCCTTAATTTTA	0
AATCTCCCCCTTATGGCGAA	0
GATTTAATCTGAAAATCGAG	0
GGTGATTCGAGACGCTTATG	0
CGTTTTATGAGCCATAGACC	0
AGTAAGACCTCCCGCTACTG	0
AACAACTAGTTCAAGGGCAG	0
ACACATAATAACACCAATTC	0
AGTTGCGTAATGACCGAAAG	0
AGAATTGAAATTAACCCAGC	0
CTCCACATCAACACGATTGG	0
CCAAATCGTAGTATAAATCC	0
ATACGGTTAAGAATCCTATC	0
TTTAAAAAACACCGGCCAAA	0
CTAAGTAAATGAGACGGGCT	0
TGTCGGTATTTTTGGCATAA	0
CGCGAAACTGCTTTCGATCT	0
GTCCCTACGTCCGGATAATT	0
CACAACACTAGTGGAATCCA	0
CGTTTTAAGAGACCAGTCCG	0
TTCAGAAACCGCGTACTTTG	0
AACTTAAATCCAAAAGGTGT	0
ATGAAGGGATTGCCACCCTC	0
GCAACTATTCAATAAATTAA	0
GTTTTTTTTGTATATCCCCA	0
TTATGTACTCATAGGTGTTC	0
CTATAATCTTGCAACATACG	0
GCGCACTTCGGACAGAGTTT	0
ACACTTAAAACTGAAGCTTT	0
AGTCACACTAGGTATTAGTA	0
ACACGTCTCAAAATAGTTTA	0
GCCACCCCAACTCCGACAAG	0
TGGCTCTAAGACCAAATGAC	0
AGTCGCGCGAACTACAGCCC	0
TGACTCGATATACCAACTGG	0
GTACTGAAATTTTTAGTATC	0
CCAGACGTACCGACCTATCA	0
ACCTAGACAGACAAACAACG	0
ACATACTCCATGTTACATTC	0
GAGGTATTTTCATTGACATG	0
TTTGCCTTGGGCCGTAGTCC	0
TAAAAACCATAACATGCCAG	0
GACAGATGCATTAACCTAAC	0
TCACACCCAAAAATGGCTAG	0
CAAACTAAACGTACATGAAC	0
TGGGAAGGTTACAATTGGTT	0
GCACGAACGTGCCGAGTCTA	0
GAATTTGCCACAATCTTCGT	0
TTATTACGTTTGTCCAGGGA	0
GAACGTAAAAGTGATTAGCC	0
ATGCCCATGCCGGTACGCGT	0
TGACCAATAAATCGACCAAG	0
AGTTGACGCGTAAATACAGT	0
TTGCTAGACCCTAGAACGCC	0
CCGATCGACTTATCAAACCA	0
CATATTGAGTTTAACCCATT	0
ATAATTGTAGTGACTTTACG	0
AATCAAGTCTCACATTTATC	0
ACACGCGAGAAACCGTAGCC	0
AGAAACGTCCCATAAGAGCC	0
AAACGTATCGATATAAAACA	0
ATGTATTGAAGCCGGGGAGT	0
GATGGTTTACAATTTATAAG	0
ACATTCACGACATATATCCA	0
ACCATAATACCTATCAATTA	0
AAGTACGAGCTCCGCCCAGC	0
GAGATTTTAGTCATTGGAAC	0
GAATAAGTAGCATAAGACAG	0
AAAGGTGGCCACTGGATCAA	0
CCCGGACCTCCAGCAAACAC	0
AAATGATTATGTACCTGCAC	0
GCTAGTAAACGACTAAACTC	0
GGTAAGGTCAACCGACCAAG	0
ATTAAGCCAGCAGCGTGAGC	0
AGATAACTTAGAACAAGAGC	0
TAACAACTTATTCCAAGGTT	0
GCATGAATGGAACATGCAGA	0
ATAACCGAATTAAAACTTTC	0
ACCGAGAATCCCAATAAACG	0
AAAACCACAGCGCATAATGG	0
CGCATTACAGGATAGTTATT	0
TCGAACGGCGGCAACTGACC	0
AACGTTGCTTGACAACCCTC	0
TACCGTCTAGCGTAAGAAAT	0
GCACGTGCCTCCAGCCAGAC	0
ACCTCAGCAAGAAATGTGAG	0
ACAACTATTAGTTCACAACC	0
GGCTGCATGGGCTTTCCCAC	0
TCAATCCCGCACTCTTCAGA	0
ACCCTAGAGGTCGAACACTG	0
GTCTGACATATTCATGCTGG	0
ACGCCAGGTCATGAGTAACA	0
AACAACCTAGCAAATAAACG	0
TGACACATTCCCGTTCGAAG	0
ACGATAAATCGGCATATAAC	0
GAGTAAAATGATAAAACATG	0
ATCACAAGGCAGGCGTTGCG	0
AAGTACGTAGAGACGGCGAG	0
GTTCCAGCATGTACAACAGG	0
GCTGTGGATATACAGTACAG	0
AACGAGAGGAATCCGATCTT	0
CACCTGCAGAATCGGGCAGC	0
CGAGTCCAACCGTATGTTTG	0
TTATGTGGAAGAGTCTCCCC	0
AAACACCGCAATGCCAGAAA	0
GGCCTTATAATGGATGTATG	0
GTTCTCAACCTCATACCAAC	0
CTAAAATCTTACCTACCGCA	0
ATAAGATGGGTCCACTACCG	0
TCATCGAGCCGAAGGACTGG	0
TACGCGTCCGCTGATACACA	0
AGATTGCCGCTCCCCACTTT	0
TTGTAGATAGAATCCCCTAC	0
GAGAGATAAACAAAACTCAA	0
TAATACACAAATATTGTCGG	0
GATCCCACAATGCACGCCTT	0
AAAACACTTTATCGGCAACA	0
GATAAATCGTTGCCTACATA	0
CTTGTTCTAAGAATGATTCA	0
ACCGACAATAAATCGTGCGT	0
GAGAATATACAAAAAGAACC	0
AATGACCCAGTAAATGATTC	0
TCGGTCTAGTTACTAGGATC	0
GAACTAGGTCTACAAGTCCT	0
TTTGGGGTAAAAGAATACTG	0
TATGATTGCCATTAGCTTTG	0
ATGCTATAACCGCCTCTTTC	0
GAGATTTGTACCTGTTCAGG	0
TCCTCCCAGGTGATACCGCG	0
CGAGGCGCATTAGGTTTATG	0
CATGCGACATGGCCCGAATC	0
TAGCTTAAAGCTGGGGGCGT	0
CTCATTATTTTGCACCACAA	0
CTAACACGCGGTCCCCGGTG	0
ACGTTTCTTTCTATCAGCAG	0
ACAAGGTTCCGCCGGCACCG	0
ACGCCCAACAAATACCCGCG	0
AAAACTAGACGGTGCATCCG	0
ACAGATGCAGGCGCCATGTC	0
GGACTCACGCGAAATGTCCC	0
ACCGATGTACGAAAAGCCGC	0
ATGCTGACCAAGGACCCATC	0
TCACTGGAATTATGAAGCAA	0
CGCATTTAGTAGTAGTTTTA	0
TGACATGAAGTATGACTGCA	0
TACTAACAGGGCTTATTTGT	0
AAAAGCGCCCCACCACATGA	0
AAATACTCGGCCTGGTTGAC	0
GAGTGGATTGACGCGCTCTT	0
ACTACAGCCGAAGTAAATAT	0
AGATTAGCAACAAGATGTTG	0
CAGGAAAACACCACGCCCCA	0
GATAGACTCCGACCAATTAT	0
ACGTGTAGTACATACAAAGC	0
ACGACGGATTCTATCTCCAC	0
ACTAGACCGTTTGCTCGATT	0
TGAACCTCTAGGGACCTTAT	0
AGGCAAACCCACCTGGAACA	0
ACGATTTAAATTTGGCTTAA	0
ACATTCTATCTCTCGTCATA	0
TGCGGCGAAAAGAGGCAGCC	0
CAGGATATAGGCGACTATGG	0
CGACCCCTTTAGCCGGGGAC	0
CCCAAAAAGCCCAATTAGGA	0
AAAGCACATGCTAACTAATA	0
GTAGTTGACCTATTACCCGC	0
ACGAGTTGCAACTTATATAT	0
TTAATTTCTGCCTAGAATGA	0
TTAGGAATCAAAAGGAACTT	0
GTATTCGTTGGGGGGAGCTG	0
ATTAGCTACGACGTTACGAC	0
ACGCATCAGCTGAGGATGCG	0
TATCTGCCGTTGCCAGCTAC	0
TCCCCCTCCAATGGGTAATC	0
AGCACGACAAAAAGTCTCGT	0
GCGAAACGCTAAAGCAGGGA	0
GCATGAACGTTTATACTGAA	0
AACGTCTGATGTCAATTGAG	0
ATACAGTTAGCGATTATGTC	0
TCTCTGCGCTAGGTGGTAAC	0
CATCACGAGTGCAAAAGCCC	0
TCGGCGTAAAGGACAAAAAG	0
CTCATCAAATATCGCAACCC	0
CATAGAACCCGCTTCGCGTA	0
GTTGCGAGTCTAACGAAAAT	0
TGTTTAATCTCAGAAAACTG	0
TCGTAGTATCTAACCAAACT	0
CTCGATGAAGCTGGTATATC	0
ACATACTAGTTAAGCCGAAG	0
CCGAGCATCCACGACGTATC	0
AGACTTGTAACATTAAAGTT	0
TCGCTCACGGCAATAGAGCA	0
AAATTCCGGCCTTCCGATTA	0
AGGCAATGAATACTAACGCA	0
TTATTTTCTAACATGTCCGG	0
GAAACCAACAAGATGATAAT	0
CGGGACCCCGACACGAGGGG	0
TTAGTTTCACCAGATGTGAT	0
ATTTGGGTGTACGGTGCATA	0
ATCCCCACATGAATTTTTTG	0
GCTAGACAGTTTGCGAAACG	0
AAAGCACACGCGCAATAACA	0
TCCGAAAGGCGAAGCCAGCG	0
GCGCAACTACTCGACAACGA	0
GAACAAAGGCCTTCAGTGAG	0
TCGGAGTCAGCAGTATAACA	0
AGCGACAAGAAATTGTGTAG	0
GCAGCAAAACGATAAGAACG	0
CTCTACTTACCATCATTAAC	0
TTATAAGTTAGTGGAGGCAG	0
TGCCGAAATATTGTGCAATT	0
AGATTCTTGCGGAACAATTC	0
AGCGAGCATAATCTTAGTAA	0
ACACAAGATTGCATCCACCC	0
AGTTGAGTATGTAGATCGTG	0
AGCGCTCACTTAGAAACCAC	0
TTTCTCGTCAACACTTAAAG	0
AATAGAAAAATTTCAGTGGA	0
GTATTTAAGGTAGATGGGGG	0
ACTGTTAACCTCACCTCTAC	0
AATAAGGCACGGTAACTCTG	0
CACACCAAACCCTACATGAT	0
AGGTGACCGTCCAAACCTCG	0
CAAAGAAAAGTACCTACCAG	0
CAGTGAACGCTCGCATTGTT	0
ACGTGATGGTGATATTCGCT	0
GATCACCTCTATGCTCCGCC	0
ATTGTCAAAAATAAAGCGCC	0
GAATTACAGCAATCGGCCAC	0
ATCTGAGGCAAGACGCAGGG	0
TCAGCATTAGCCCTTGCAGT	0
ACACCCGGACCCAACCCCGT	0
AAGCGATATGTTGCGCAGTG	0
TATAATATCGATTATGACTG	0
ACGTTAGTTATAACTCTACC	0
GCAATGTCTGTGGACTACGC	0
AAGCATTATGCCGAACCACA	0
AGGAAGCAGACATTCATGAG	0
TAGCTCAGGCGTAGAGACGT	0
TTAGGAGTGGTTACGGTACA	0
CACTAGCACAGTGAAAAACC	0
GCCTTTTAAACCGCTGCAAC	0
CCCTGGAAAGTTTTGCGGCC	0
GTTGCACGTATTCCACGACC	0
GTGTTAAAGCTTGGTTTAAT	0
ATAATTACTACTCCCGTCCT	0
TGCTTAAGAAAAGAACGTAA	0
CACATTATCCCCCCTTATAG	0
GTCTTAAGGAAACCGCGAAT	0
TCTAACGACGGATCCAAGTG	0
TGCAAGCGGCATAATAAAAA	0
GGCTTAGACGGGGACGTTCA	0
CCGAAGACACTCGAACACCG	0
ACCCCGAGAATTTAGACCTT	0
ACAAACTAACCATTGCGTGT	0
GTTTTTGAAAAAGATTTTCC	0
GCGCCCCCCACTTGAGAAGC	0
AATAGCGGGTACCGTTACTT	0
GTTTCTCACAGTAACCCCAT	0
CTAGAAAACGATTACATCTC	0
GATAACCTACTGTGGGACAA	0
CGCTACTAATAGCGGCAATT	0
TAGAAAGCTGAACTTAGGAC	0
GGGATACAGCAATAATCTGT	0
GGCAATACCGCCCCCCCCGT	0
CAATCCCAAAGTCCCCGGTG	0
GCGCACTGCCAGAGCACAGG	0
CACGACCTCCCAATAGCACG	0
ATACCGTTGTGAACCCGAGG	0
GTCCCGAACTCTGGCAAGAT	0
ATTGAGTGTCCATCTGCCAA	0
TACCCAAGTGCATCCATTCC	0
GCTACTTTTACACCGTGGAA	0
AACTCAGCCATTGCGTGAAG	0
AAAGATTAATCGGGATATTT	0
CGAGCCCTTTGGCCCTGTCT	0
CCGCAACCCCTCGCATGAAT	0
ATAAGGGCTAGACCAGAGGG	0
TCGATACACCTTATGTGACC	0
ACATGGGTAACGAGCATTCC	0
AAGCAGGGGGTTGAAGCCTC	0
ATGTGGGATAAGTTCTCCCT	0
GTCTACGGGGGGTGTAGCAC	0
GTGCGATCAAATAGACAGTC	0
ACGTTTTTTCCAATGACCGC	0
GGCTCATACGAACGGACCAG	0
ACGATGTTGCAAGTACTGCT	0
GCCGGGGGGGCCGAGGCAAT	0
AACTGGCCACGACATTCATT	0
AAGTGCGTATGCTTAAACCG	0
AAAAACTTGCTCTTCAGCCA	0
TGCCCGCGTACCGCCCTGTA	0
GTGGATACCACAAACCAATC	0
AAGTATGGTTTTAACCCTTC	0
GTGAAATGAGCCTTCACTGT	0
TAACTTCCTTGATTCGCAAA	0
TGATACTTCAGGCTATGGCC	0
ACCGTTGTAACGCTAGGGCA	0
CGTAATACTGAAGGAGGATA	0
CACTAAAAGAAACTCAAATA	0
TGCGCTGAAAATAACGATGC	0
GTATACACTCTTATAGAACA	0
AAAAATGTCGACCGATAGAC	0
GTCAATACTCAATTGATCCA	0
CCTGAGAGAAAACAGCTATT	0
CCAGCAGCCATTATCTTACA	0
TCGCAAAGGATTGGCATTGC	0
ACGTAGTGACGGGTATACGA	0
TCCGCGGTGAAACGATATAA	0
ACGTTCAACATTAACCGCTT	0
TTTATGCACATATCGAGATA	0
GAAGCAACTCCCCCAAGTCA	0
GGGGGGACGTAGCGACACCA	0
CTATTACCACCATATGGAAC	0
GTGAAGATATTTCTCCAGTC	0
CCCTTCGTATTGGGCTGAAA	0
GTATTGGATACATAACACAA	0
TTTATGCATTGGCATCCAGA	0
GTGTTGCCCAAGGCGATATC	0
GGTCAACTAAAGGACTTTCG	0
TAAGTGGATAAAATACTTGA	0
ATGTCGGACTCGTGGATGGA	0
ATAAAGTAAGGACAAGGCCA	0
AAACCGCAAGAATGCCCCCT	0
AATGCAAAAAAGGCAGACAT	0
ATACAATGCTGGCTCTTGTC	0
AAGAACATCGGAAGACGGGC	0
TCAACTCCCTTGAGACGACA	0
AGAGAATCTATCTCGTCAAA	0
TGGCCTCAAAAGCGGGCCTG	0
TAAGCAAACGCAAAAGCCGG	0
TCACTTAGAATAATGTACTA	0
TGCAAAAACTTCAAGCTAGA	0
TAACAGAAAAGACCTCCCCG	0
AATGGGAAGCATGCTTGCAC	0
CGACACCTCTTCTTTAATCA	0
GTGTGTTTGTCGCTCACTAG	0
TAATTAATGGACATAGAAGC	0
ATGCCAGGATAATGTTACTA	0
ATGTAAGTTGTTTCCAAAGT	0
ATGTTAGTAACCGCTATTAG	0
AGTCAGCGTGTCACCATTTA	0
ACACATTGTGCTCCTAGCCC	0
TGTGGTCAAGTATGATATGG	0
CGGCAACTACGCTAAGGAAA	0
ATAAGCAAGACTCGAATTAC	0
CCCGGACTAACAAGATGCGA	0
GCGCCAGGGAAAAAAGTTCC	0
CATACCTGCTCCTTGGATGT	0
ACTTATTACGAGATAACTTG	0
AAAAAAGATTTATGATCACA	0
ACCAAGTTCCCCAGCGCCTC	0
GCACCATACTCGCTTACAGC	0
TTTGAGAGTATTAACGAGAG	0
GTAGCGGTCGGTTTGAGCAG	0
TGCGTGCCAACGATAGGTGC	0
CGACCGCCTAAGCTTTTTAA	0
TTTGATGCAAAGCTACACTG	0
TTAAATCAGCCATGCTATCG	0
GGCGTAGAGATGAGTAAGGA	0
GCTGTACACTCTGTCTCCAT	0
CATTGCAGCCAACTCATACC	0
CCACCTGCGCGTGCTCTCCA	0
AGGGAGTAATTAGTATCGTA	0
CAGTTAGGAAGTTAGACAAT	0
TTTTATTGTGCAAAGGCCGG	0
AGAACTCCAGCGAAAAAGTC	0
ACCTCTTATCATGGTCAAGA	0
CAACACTCCTTATGCCGTAG	0
TTCTATGCTCCTTATGTGAG	0
CGGTTCGCGCGAACTGGTTC	0
AGATGCGACTAGGGGTGCGG	0
GGCCTTGAATTCCGTGGAGA	0
TTCTGCTTACAAGGAGCTTC	0
GAGCAGCGTTTTACGAACGT	0
CTGGTAGACGCGCGTCCCCC	0
AGTATATGCAATCATCAACC	0
AAGCCCGACCCCGCACCCTG	0
TAAGTTCTGCGTTATGAGGT	0
TAATTATGCCGCCCGTTTTG	0
GAATAAACCTGATTTGGCCC	0
CCTAACCAGAAGTTCTGGGA	0
AGACCTAGTTCAAATAATAA	0
TCTCTCTCAACCAAGAATTA	0
CGAGTAGATAGCGAAGCTAC	0
GACGGCTGTAGAGATCATCA	0
CAAGACAAACCCACATAGTA	0
ATAAATCCGGACCGTATATT	0
AATATGAATCTGAAATCGAC	0
CCGCAGGGACTAAACCATGG	0
TTTGAACGTAGACCTTGGCA	0
ATAAACCGTATTTGCTTTCT	0
TCATTAATTGTTCCACGTAA	0
GCGATTGACTTCCCATCTCC	0
GCTTGTAAAAACTGATTGAG	0
AGCACGCCCGCTGTCCGGAG	0
GGGCCGAACCACCAAATCTT	0
GCTGGACAGTTTCATTCCTA	0
TGTAGCAGGGCCCGTTGCAT	0
CAGCTTTCGGCCGTGCCCTC	0
AAATAGACATAAGGAGATTG	0
CCACAACATAGACGCGATGT	0
CTCGCCGGGGGGGCAACCGA	0
GCATTGATAACTTAATGGTC	0
TGGCGAAGAACCTCTACCCC	0
ACGTTCTTCCGTAATTTCAA	0
AGTAAAGATACTCCCTGACA	0
TTATCCTGGTGCACACATGG	0
CCGTAGAAGGCGGTGTGATC	0
CCTTACGCAAGAGAATACCT	0
CGCAATATTGGCACGGTCAG	0
TCTGGCTTAGACCGAACATA	0
GAGTCACGACTCCTAACTAC	0
CAGCTGCGGGGACGGTTAGG	0
AAGACTAAACATTACGGCAT	0
AAACCTGCTCGCTGCCAATT	0
CTCCGATCGTGGCCTGCACC	0
CGACTTCAGCAAATCCTTGC	0
TTGTTCTCCATGGCTACTTC	0
AACCCCACGGATGCCACTAC	0
TTATTTTGGATCTAAAATTA	0
CTCATGTTATGAACCCTCTA	0
GAGCGGGACGAAGATAGAAG	0
TGACGGAAACTTGGGTTCCG	0
CACTTTTTAATGCGGGCACT	0
GATACCATCTGCACTCCGCC	0
ATGCAGCGTCGCAATAATGC	0
GTCACAGGGTAGATTCAGCA	0
ATTACAATTTGATACTTTCC	0
GAACTGGGACGAGTATTGAC	0
TACAGGATCCCAATGGACAT	0
AGACGATCACCGGGATTGTT	0
CGGTAGCTCTAAACCAAGAA	0
AAAACTCATAACTTGAGATC	0
CACCTAAGCGAAGTGTAAAC	0
AGCTAGAACGACAATAGTCT	0
ATGAATTTTGATGCTTTAAA	0
TACGATCGCACCTTGGCCAA	0
CCCAATGATACGCTACTTGG	0
GAGAAGTGTAATTGGAAAGT	0
TACACTGCGAAGTGAATTAC	0
CTAAAGTACCACCCTATCTA	0
AAAGACAAATCACCTGGAGC	0
GGGACTTGACCAGACAGTCC	0
CTTGAGCTACTTTTAATCGA	0
TACCGACATTCAGTTTCCTT	0
CCCAACTAGGGAAAATTTCT	0
GCCCCGGTCCCGTTACTAGC	0
CCCGGGATAACAGGTTACGA	0
ATATAAAAAGGCGGAAACAC	0
ACACTATGCGGCGTTTGCTA	0
ATAGATTTAAGGTGCAACGA	0
TGGGCACTATGGTGCGAGAT	0
TCGCTTGTAAAAGACGTTTA	0
GCTTGTGTTACTCGCGTAAA	0
ACGGAGAAGGGACGGGCCGA	0
AAAAACGATTATAGCCTGGC	0
GATAAAAGCCAATCTGACCC	0
AAAATTTAGTTTTCCTTTCA	0
TTAGTTCCAGGCCACAGTTA	0
CGTCTAAGTGCGACAGATAC	0
AAGACCCCCTCCATTTTAGC	0
CCCCTGTAACTAAGTCATGA	0
AAAGCCGTAAACCTAGCATC	0
TGTGTATACTGCACTACTGA	0
GGTAGCACAAACCTAAGTTC	0
AGTACGGGGTACCGTACGCC	0
CAATGACTGCCTCCGCCAAG	0
ACGCTTGTTAAACAACACCT	0
TAACGATCCATGCAGAATAC	0
TCACGATTTGTGCAGGTTAA	0
CTCCTGCAGAGTACGAGCGG	0
TAGATGTCAGTAAACAGGCT	0
CGCGAAATCTGAAAGTTTAT	0
CTTCCAAAGACGACGACGAG	0
ATTACAACGTAGGTCTTGCG	0
AGGAAGTCTATGTAGATGGG	0
CCATGATACCACACTTCAGG	0
GAAATTAAGACGTAGAGGAA	0
TAGAAAGGGGAAACATCCAA	0
GGAAGTCCCCGAAAACTAAC	0
TTGAGCTACTCCGTTTCCTT	0
GCCTTTTCCGTAACACATAG	0
ATACACAGCGGCGCGCGAAA	0
CGCTACAGTATGGCTTAAGC	0
TAGGTTACCCCGATCCACCC	0
AGGTAGCTTACACGTTTCAC	0
AATTAACCTCCATTCGCGCT	0
TGTAGGGAATAAACACTTTA	0
ACAATTGAAGTCGTTGCACG	0
AACTTACTGGATCAAATTCT	0
ACATGCTATGCATAGGCCTA	0
TTACATTTACCACCTTCCGC	0
CGGAATTCAACATAACGGAT	0
CCGGCTCACCATCTTAGTGT	0
CATCGGACAATTTCCCATCG	0
TAGCAGCCGATCAACGTGCA	0
ACTCACTTTTCATCCCCAGA	0
TAAGAAGCACTTGAGTTCAA	0
CAGCCTGCGCGTACCCGTAC	0
CTAACATCGTATCACCGCAC	0
ACCTAAGAATCAAGCCCTTC	0
ACGCAACCATTGGCGAAAGT	0
CTGATCGTAGTGTTTGTTAT	0
CCGAGCCTAATCATATTTAA	0
ACGCGATGCATGCTAACCAA	0
AGAATGACGACTATATGTCT	0
GACACATATCGAGAGCAAAC	0
CAACACCATCTACAGCCCAA	0
GCGCAGCGTGATCGCTCTCG	0
AGCGAAAACACTTAAGGAAC	0
ACATAAACACGAAGCAAAGC	0
CACCAATGCTACCTGCCCTT	0
CGCAGAAGGTGACGCTTCCA	0
ATTATCATCGTGGACAACAC	0
CACCGTAAGATTGAATTCGG	0
CCTCCCTGGAACGACGAATC	0
TGTATCTTCCCAAAGACTAC	0
TGGTTACGCTTCTAAATTTT	0
TACGCCACTAATCTGAACAA	0
ACCTGCCCACCGCTGGCCTG	0
AAGATAGTAACAAATAATTT	0
ACAATATACAGAACCCACGT	0
AATTACAGGAGTAGTTTTTT	0
AGGGGGGCGAAAGATACGTT	0
GCCTGCCGCAGACTTAAATC	0
TACCCCTTGAATCTACCGCT	0
TAAAAGAACCTGGACTACCC	0
AAGCAATGATGACAATTTAG	0
ACCTGCCCCGAACCTATTCA	0
ATAATCGTTCCCTTTAAGCA	0
ATGCCGATGGCGACTTCGTC	0
TAGGGACTGTTTCAAATATT	0
CCTTGGAGATCACAGGGACC	0
ATCCGTGACGCATCATTTCC	0
AAAGGTGTTTAACCACTAAA	0
AATGCTGATTTAGAGTAGCG	0
TGCGAACTTAACCCTATCAG	0
ACTATAGCGTTGCGAGTTCC	0
TCTAAACACTCGATCAACAA	0
GCGCGGCGATGACCGTCTGC	0
ATAGCCTCGAAACGCTGAGA	0
AACGAGCAAAGTTATCACTA	0
AACGCCCGATCCGCTAGATA	0
ACACGCGACTCAAAAGTTGC	0
GACCATAAGATAGCCCTAAT	0
AGCCGCTGCAAAGTTATAGG	0
CAATGATCTATCGAAAATGA	0
AAGTGGAGACACGTAATATT	0
TGCCCCAGCCGCGAATTCCC	0
GATAATTGTGCCTACCTGGA	0
ACAAAGGGATCTAAAATGAA	0
GCCTAAACATCGTCTTCACT	0
CTTTGTAATTCAAACTACAA	0
ATTAAACGTGATCAAGAATA	0
AACGCTGCTTCCTGATTCCA	0
GTTTTCCAGATATCCGTCCA	0
CTGACCGTCTGAATCAATGC	0
GATCCAGCCTTCGTTAATGT	0
GGTACAGTAGCATCACATAG	0
TACAATTCGTTTGCGGACAC	0
GCAGAGCCGGAGTTTGCGGC	0
TTTACATTCTTTGATTTTTC	0
GTATCATGTAGAGGTTGAGC	0
ACCGAAAAACATGATCCAAT	0
CTCGTATAATAATTCTCTAC	0
CGTAGCCCTATAAACGGGAC	0
CCGAGAACCCCGTTGGCGTA	0
ACGTACTCCCACCCCTTAAT	0
ACAGAATAGCCTCCTGCACT	0
AATAATTTTTTTTGGGACTC	0
GGGAGCGTGCACGATGCTTT	0
TCACCCAACTGTGTGCTAAC	0
GATTTGAGACTACTGCAACG	0
TCCTATACAAGCTGCTGTAG	0
CTATTTGCCTAGACGGGGCA	0
GTTAAAGTGGTTATCAATCC	0
GATGACGCTTTTCGAGAAGA	0
AGCTTTTATAGCCGCGTCGA	0
ATGCGCAATAACTATTCGGT	0
GCTAGGCGTGACCTGGGGAT	0
ACACCCAGGGATCAATAGAC	0
AAACTCTGGGAACATACTTT	0
TTATTAGCCCATTTTCCCTC	0
GATGTGCATAACCCCCCGTA	0
CCAACAACCTTAGCCAAATC	0
CAAGTCCAGTACGGGGCGGT	0
TCCCCAACATAAATAGCGCC	0
AAGCTTATCTTTAGGACCCC	0
GTAATCTGTGGATACACAGC	0
GCAGTGTATCTTGCGATACT	0
CACAGAACGACCTTGCGGGC	0
CAACTAAACCTCCGCCCCAC	0
TTATGGACTGTTAACCATAG	0
AGAGAGGGTTTAAAAAGTCA	0
TAGTTAGCTCTTCTACCCTT	0
AAGCCAATATAAACACGATT	0
ATTGAATTGCCCCGCATCCT	0
CAAGATGAGACTATGAGGAA	0
CCGCACGCAGCGCTCTTCGG	0
AGCACCCCCCAGCGTGAGGG	0
AATGTAAGCCGAGGCAACGC	0
CCGTAAATTCCCCGTTTAAC	0
AATTCTCGGGTACTGATCAT	0
ACCCCGATAACTCGAGCCTA	0
GCGATGGTGAGCTATTTTGA	0
CATTCTACTAATTCTGCTGT	0
ATGCCGCGGATTGATCACAA	0
CACTCCAGATCCTGGGATAA	0
CACCGGACGCCTCTACCGTA	0
GAGCACTCGGCAGACAACAC	0
ACGGAACAATGCCACAAATG	0
GCAGAAGCCCACCAATCTCT	0
TGACTATTCCAAAGCTCGCT	0
AATCAGTCGGTTAAGGGCAT	0
GCTAAAGGCAACGTTCATCA	0
CTGTAAAAGATCATCGTAAG	0
CACTAGGACTTGAGCCCGAT	0
ATCTGCATACATGCTACACA	0
CGGTCGCTTTATACCCGGGG	0
TATGAAGTGTAGCCTGTGAA	0
GCGACCATCCACGCCCCTCC	0
AATAGCGATAAGTAGGGCCC	0
GTACATCCGCACAATCTCAC	0
CCGTGGAAGAAGTCTGACCA	0
ATGACGATCACCATAATTCC	0
ATTCCATCGCACGGATTTAA	0
ACACACATCCGACTCAGCCC	0
AGCCAAGGAATGATAAGACG	0
TAAGCAGTATAACGGAAAGG	0
CGCCGATGCCCAATCACAAC	0
ATAGCAACAGATTTGTTTAT	0
AAGAAATCTGAAAGAAAGTA	0
ACAGTTGATACAAGAACTAT	0
GGGCCAAATTGGTACCTAAC	0
ACTTACTGCATTCGTAACGT	0
TAGATTATTCGTAACACACT	0
GAGGGGAATTCCGCTTTCCA	0
TTAGTACACGTATACCTCAG	0
GTCTCACGCTAACGTTTGCT	0
AACGCTTATACTCCCGATGA	0
TGTGGATGATCTAGCTCGTT	0
ATATCTTCACAGTCAATTCT	0
CCCCTTAAATATCGTAGAAC	0
GGTCGGTACGACCGCCAATC	0
ATTTGCAACACCCGCCATAC	0
TGCAGTTTCCAAATTCAGGC	0
TTGACGCAGAAATGAAACGA	0
GAGAATACGCAAGCTGGAGA	0
TGAGGACCAACGTAATACAC	0
GACAATGAAAATCGTTAAAC	0
CAGAGATTCTGAACGCAAAC	0
AACGCACAGATATAACAAGC	0
TGATAACGCGTTATATCCAC	0
GCGAGGTCACACTAATTTTT	0
ATACGCAGTGTACGCACCTA	0
ACGTAGCAACTACAATGCCG	0
ACTTTACCCTAACCATGCGG	0
AACGAAGCCACCCACCCATC	0
GAGTACATAATCTTGAAAGT	0
GACAGTACACCATGAATAAA	0
ACTCAGGACTCGATCTTAAC	0
TAAAATCTTAACGCATCACT	0
GTAGAGCTTTAAACGCACAT	0
AACCTGATACATGATTGAGA	0
TTCATATCTACTAGATAATT	0
AGTTCCCGGGTTGATTTACT	0
ATTCCTCTGACCTGGCCACT	0
GTATTATGAAGTGCTCCCTG	0
CTTATAGACATACTCGCGAT	0
TGCGCTGTATGCACAACTTC	0
AGTGTTCCTCCTGACCGGAG	0
GCAGACGCTCCATTTATAGA	0
CATACCACTACTACGCGAAT	0
TGCGACGATTAATTCAGTGA	0
ACTACGCGTCACACCAGCAA	0
AAACTTACCCCGCAAATTGC	0
ACATAAACTGCAAAGAGAAA	0
ACGACCCTTACGAGACGTTA	0
CTTCCTTCCCAGCATTTGTA	0
TGGTCTCAAAGCAATTCCCC	0
TCCGAACTACATTTGCCGTG	0
GGATGTTTATAAACACATGA	0
TTGGATAACACCAACATCTG	0
GAGTCCGGAAATGTGAAGCC	0
TCGCGACTGACGCAGATATA	0
CACACTCAACTTGATCTGAT	0
TGTCTCAATGTAAGCAATAA	0
GGGGCACTATACGAATGAAC	0
ATAATCGAGAAGGCTCCCAA	0
AAATAGCAAGGCACGTAGAA	0
GTTACCCACAAGCCTCAGCA	0
GGGAACAGACCATTTAGCAC	0
AGTGTAGACGTTATAGGTGC	0
CCTCAAGAGTTCATCACGAG	0
GCCCAAGTTTACACGGTATG	0
ACAAGGTACTACATTTCCAT	0
AACCAGGATAGCCCAGTCAA	0
ATACAGCACGCATATCTGTG	0
GGGTTTCCCCCTCATAAACC	0
CGCATGACGACAGCTCATAG	0
AGATGAATGACTGGATGCCA	0
CTAAATCGGAAAAATGACAG	0
GAACTTGCAAGCCAGAACCA	0
AGGATTTTACCCTTCAATTA	0
ACGTACCGTGGCAGAGTTGG	0
TCTACGATTTCCAGTCGCGG	0
ACTCCAGGAAGTGTCACAAG	0
TTACCGCATGATAACTGCCA	0
CGCCAAAGGATATGGACGCC	0
ACAGCACATTCTACAGTACA	0
GATTTAGTTCAGGATAAGAC	0
GCCGTCTCGATCGCCGCTCC	0
CCGATTCCCATCTTGCACAT	0
AGTCCGCAAATGTTAATATC	0
CTTAAACTTGAACCCAAGAG	0
ACGATAAAATAGGCACTCTA	0
TATGAAGTTTGTAGGGAGGA	0
GTAGCATATGAACCAGTCCA	0
TGCGACTAACATCCCCCCAC	0
ATCTCGGTAAGAGAATCCGG	0
TGTAGGAAAAGCAAGGTACC	0
TAATTCTTAATACAGTACCC	0
CACAGATGCAGTCTACAACA	0
TGGACGTAGAAACCGAACAC	0
GCTCGCCTGCAACCTTGCAA	0
ACCGACATCTGTCCACACCA	0
AGTTGTGTAAGGCACCTTTT	0
TAAGGAATACGCGTCTTACC	0
TTGCCAATTTGGGTCATATG	0
ACCAGTCATGTCGTGAACGG	0
AATAACATAAATTCGACACT	0
TAGACAACGCTACCTAGCTC	0
GATTGGTGATTTGGCCACAA	0
GCACCTTGCGCCATAACCTC	0
CACTGCGGGGCTTCTCGTTA	0
CAGGAAAGAATCAGTTGTAA	0
GCCGATAACACCTACCCGTA	0
ACAAAGCTGGCAACGCCTAA	0
CATCTCTAATTTCATGAGAT	0
GCTCTTGGATTACCGACGTA	0
ACAGCCGCATTACAATTTAC	0
CAGAAAAGAGGCTACGAGGA	0
GAAAATTATGTCAATAACGA	0
GTTCCTCACCAGTGCGTACT	0
ATGAAGGGTAGAAGATAACT	0
TATAAGCTCGCGCGCCCGAG	0
GAACTAAAGTGCTCCGTCGA	0
ACAATTGCTATAGTGGCGGT	0
CCACGAATTTAAACTAGACC	0
TAATCTGCCGAGTCGACCAA	0
GCACTTGCATGTAATCCACA	0
GAACAGCTAAACCCTTCAAC	0
TCGAAGGCGCATTATATAAT	0
AACGAGAGCACCTAAGCTCA	0
GTCGAAACAAGCACAGACCG	0
ACGCGTTTACAGATGATATA	0
CGCAATTAGAATGCTCAACT	0
ACAGCGGTGGGAAAGTAATA	0
GCGAACACTGCAATTGCTCC	0
AGATAAGAGACTTCCGATCC	0
GGAAATTTACCGCACTAACA	0
AGGGAACAAATACCCAGACA	0
TAAGGCGTGCATAAACTCCA	0
CGCGTTGAGAGGAAGGCAAT	0
TGCCTTACAGACCGATTATA	0
GATCATAATTTTGACGATCC	0
TGACTAGGTTAATTAGCTGA	0
TAGTACAGGATGGACCCTCT	0
AAATCGAAAAGAGGAAAATC	0
ATCGCTGCTAAAAACGAACT	0
ATATTCTTGAAACACAACAA	0
TCACACTCAACACCTTGCAC	0
CGCTCCGAGTTAAGAGTACG	0
GCTTTTCGTCGTATAGTGTT	0
ACATACGAGGAACCATACAT	0
GGATTCAGCATACCTGTGGG	0
AATTTTGAACAAGAGCTGAA	0
AAGCTGAGAAATTCTTAGTC	0
TGGGGTGTGTACATATGTAG	0
CACGCATGGCATCATGCACC	0
ACACACGAGTACATGAAGAG	0
TATCGAGACATTATTAGCTG	0
ATAATGAAAGCTTTTCGCGT	0
TTGACATATTACACTGAGTA	0
GGTTTTGTACGTTGTTAAAA	0
TCCTTTTCCTCCGCGCCGCT	0
GCGTTCATAGACCTAATTAC	0
AGCAAGGAATAAATCTAAGG	0
AGCAAACTTGGCCTCACTCG	0
TTTTCTATGTTCAGGGACGT	0
AGATTGACCACGATTGCCAA	0
CCAACCGACGACATTTGCAG	0
TTACAAAAACGATCATAACG	0
CCGCCGTTCTGACCCGCGAG	0
TAAGCCGTCCACTAAAGAAT	0
AATAAACGTATGAGTCAAGC	0
ATGCGTAAGCTATCTAGTAA	0
AGAATCTGAGCCTGTTTAAC	0
TGCGTGAAAGCAAGGGAGCC	0
TAATTATCGAAGATATTAGT	0
ATGAAGTCGGATTACTAAAC	0
CTACATGTCTAGTGGGAGAT	0
TCTGTCTCACAACCGATGCC	0
CTTATTATTGCGTTGCCCCA	0
CCATATCCAAGGTGCCCAAC	0
CGTAACCAGAGCTCTTAAGA	0
ACCTACGCTGTTTTTGACAA	0
TGATACAGAATAAGCGCCTG	0
GTACCCGAGCGCGAACGTGA	0
GGTGCACCATATCTCCGCAA	0
ATGAAGAATGCAAACCGCGA	0
ATTGCGGGCGTAGTTAGTGC	0
TGGGCAGGTTGAATGAAACG	0
TTACGCCAGCACCTGCCTAG	0
TCGAACCGCCCGCAGCCAAT	0
CCCACTCTATGACCGACTTC	0
TTGGTGTAACGGAACTCTCG	0
CCTAAGTTGTGTAAGGTTCT	0
GAGCATAAGGTTCATGGGCT	0
TAGACTTTATATGGTCAAGG	0
TTCATCTAATGGATGCGGAG	0
ACCGTCCACATGCGAAGTTC	0
TTGACCAGTATATACGGTAG	0
AACTCCTCTCGACAATCTGC	0
GACTATTTTTGTACTAGCAG	0
AGCCGCCTGGTTCACTGACT	0
ACCCAGTGCCTCGCTTAACA	0
GGGTCTAGTTTACTGAGAAA	0
AGTATACATGTGCCTGAATC	0
ATCCGCCGACACGCGCCCAC	0
GCGACATTATAACCAAACGG	0
GATGAACGATCTCGAAGGGT	0
AGCACTTGTTGGCAGCGACC	0
ATACGCTTGTACCCTAATTA	0
GAAAAGAAACCCTTCAAAGC	0
CACATAGGTCTCTTCGTAAG	0
GGACCCTAGTTCCACGCACA	0
TACTGCATGATAAGTAGGTC	0
CAGCATAAAAGAAGTATACC	0
TATGTCACCTGTAATATGAA	0
CCCGCACTTGGGTTCACGGT	0
CGATAGTCATACAAGTGAGC	0
CTTCTCTACTACAGAGACGA	0
AATATGTTGGCGAGCTTGTG	0
CAATCAGCGACTATTACAAG	0
GACCATACCGCCCGACAACT	0
CCGAGTTCTAGCTCCCGGGA	0
AGTGCTCGAAATATAAGTAC	0
ACACGTAATGATTCTATAGC	0
GATAAACTAGTCCACAACAG	0
GAAACGCGCTAACGTCAACC	0
TCTGCTTTATGGAAATGATG	0
TGACATCTGCTAGAGTACCC	0
TCCTGCGATCCCTTGATTAT	0
CGAGGTAGACCTTACCACCG	0
ACTTTAACAAACTGAGGTAC	0
CACCAAGAACACACGCTGTC	0
CAGCAAAAGGCGAAGGTCGG	0
GCAGTTCGTCTGCGAGTAAA	0
ACTGATTACAACGAGAACGT	0
AAATGTCGACTGCACGTTGA	0
AAAACTTCCAGAAAGCATAG	0
TAGTGACTGCCCTAGAGCCC	0
TCGGACGAACGAAGGTTAAC	0
GTAAATGGCAAGTGTAAATT	0
GTCCGACCCCGAACAATCGG	0
TGATAAATGTGACGTCACAA	0
TCATACCTGTTGCATTTTTA	0
GGATGTAAGAGCAAATAAGA	0
AACTGACTATCGTACACTCT	0
CGTGACATCGAAACGAAATG	0
AGCAACCCTACCCAATAGAT	0
TAGCGTCTAAGCATAAGGCG	0
GTTAACGTGCCACCCAAGAA	0
GTTACAACTGTACTCCCCTT	0
GCACAAGGGCACGCGTACCT	0
TATGCACACGCACAGCTGAG	0
ATTATTCCGTCGAGTATATC	0
ATGAATCGGCACGTAGGATG	0
GCACCTTCCTTACTTATTAT	0
TTCATCATACCAAGTAAGGG	0
CCATATAGATGCGATTGAGA	0
TGTTTCTCTCCCGTATGAGT	0
TCACGGTCGTGGCATTTGGG	0
TGACTCATTTCTTAACCTTT	0
GAAGAAACAAATCACGACTG	0
AACATTGTAATCAGTAGCTA	0
CACTTAAGTGCAAATTCTTG	0
AATTACCCTATTGTGACTCT	0
ATGTGAGGCATTCACACGTA	0
ATCAGGCCTCGATGAGGCAT	0
GCGGAGGTTGACCTTTGATG	0
TACCGCTCATACCCCAACAC	0
CGCTCCGACGCGTTGTAACG	0
GAAAGCACGAGAATCAAGGT	0
CTCAAAACTATCTTAGACGC	0
CGCGCCCTCACTAGATATGA	0
GCATATCTTTGCCTCGTGAG	0
CCGTACACAGCCCTTTTAGA	0
ATCATAACGGAGTAATTGCA	0
TCAGAGGACTACGCTTCATT	0
GTATTCCTACAGGGTGAAGC	0
TTTCTATCCCAACATGATCA	0
AGCCACTGGAAATGGCCCAA	0
AGTATAGAACTGACAGGCAT	0
TCTCTAAGGTCACAATAGTG	0
TGCTCCTTCTTATACATAAA	0
CGTTCAGTGATACGGAAAGT	0
CCGCATGTTGCGACACCGTA	0
ATATACTCAGGGGTAAAGGT	0
CATCTCTGTTGGGAATCTTT	0
GAAAAAACTAATACCCGACG	0
ACTATGTTCCAAGAACACCT	0
CAAATCTTCCTTGTAGACAT	0
GCGGATTAAGAGTGATATCA	0
GCGAGTGGTATACCTATCGA	0
ATCGAATGATATATTCAAGA	0
AAACCACTTATCCCATTTAC	0
AGTCAGTTATTATTCTGGCC	0
ACCTTTTTTGAGTGCTGAAT	0
CAAAGCGCGATGATCCTCTT	0
AACCAATAGAAAGTGGAATA	0
GGTCCAGAGGATTTGGATCC	0
GCGCGACTGCCAAGCTTAAC	0
CGTGCATACATACACGCTAT	0
GACTCTCACCTCCGGAATAC	0
AGTATTGCTGCCGAAGTTTG	0
CGTCACGAGAAAACGAGTTC	0
TCCATGGCAGGGCCCGCAAC	0
ACCGGGCATAGGTCTATACA	0
TACTGATACACATGGCCCAC	0
TGTGCAACAAAACAAATTCT	0
CTATGCAGCCTACCACTCGC	0
CTCCTCTCAATAAATTTGGT	0
TCAAGATGAGACTACTACAC	0
TGAACGCCCGGCCCGCGCGG	0
TGAGAGGAATGGGCCTAAAT	0
CCAGATTTTTGAGGAGCCCC	0
TCTAAAAGTGTAAATCATGG	0
AATACACTCCACACCGGTAG	0
ACCCGCTGCCCGATCCTGCT	0
ACCTCCGCCAAACACAGTCA	0
GGCGATAAAATTAAGGCGTG	0
CTGTGACACCCAAAACCTTA	0
ACCAGAAGACCTATTCATGG	0
GTTATATCAGCCTATACATC	0
AAACAAGTAGGCGTATTAAT	0
CAAAACCATAACCCATATGA	0
CTATGTAGAAAAAATCACAA	0
CGTGGGAACAGAAATGAATA	0
ATCATAGTGATTGCAACGAC	0
AGGTTGATTTAAAGAACTTG	0
ATATTATCAGGTGACAGACG	0
TTATTTAACACACGGTGTCG	0
CACCTGAGACCCATGTTAGG	0
GGGATCAAATTAGCGCTAGG	0
TTGCCGATCACCGACTTTGC	0
GCGGTTAATATCTGGGGCCC	0
AAGATGAAGCTTGGGTCTAT	0
GCGTAATCCGTAATAACCTG	0
TTAGCTGATATGATGCTGTC	0
TGAAATCCAAGATATGACAG	0
AATCGAATCTAATGTAAAAA	0
ATCACTAGGTAAAGACGCAG	0
CATAAGATTTAGATTGACTC	0
AATATTGGGACTGTGGAAAA	0
AAGGAGTGTCCATTCATCCC	0
GTGGCCTAAATTTCTCCGTT	0
TTGACAACCAAATTAAGAGA	0
GACTTAATCTACAGGTCCCT	0
AAAAGTATACCCCAAATCAT	0
TTGACATCATACACTACGCA	0
GCTATGGCACGTAGTGATGT	0
GTACGCAACCGTGCTTCAAG	0
TGTTGCATAAGCAGTGCACC	0
ACGGTAGGAGGCAACTAGGC	0
TCGCGGCGGCTCCAAAGCAT	0
ATAGGAATGGGACGTTTTAC	0
TACCTAGACACCCGCAGACA	0
AATACAAGGCGAATTGACAG	0
GTAATTACGGACCGAGATAA	0
TCATTGGCTCCTGAACCGAA	0
ACCCGCAAATGCAAACCGCC	0
GCCACTCATATTATTCGCGC	0
ACCGTGTACATACAATACGT	0
AGCTCATATGCCTTAGGAAA	0
TTATATCACGTAGCCTTTAT	0
GTATCTTATGTATGCCAGGC	0
CTTTGGGCCCCTGGTGAACC	0
CATGCGTTCTTACTCGCAGT	0
AGCCCTACCCACACTCACAA	0
GCGAATAAAGATGTGGAACA	0
CTTGGAAAAGTGATTACTAC	0
AACACGCAAACACACCTTGA	0
GTAGTTACTCATGTGCCAGA	0
AGATATTCCAACTATTCCCA	0
AAGTTGTTCACGGACCCAAA	0
TAGAATTAAGCGCCATGGCA	0
AAGGGATGACATTGAGTAGT	0
ACCACATAGCCTCTCTCCCT	0
GTACCTCAAGTCGTAACAAA	0
TCTCGGTGGCTGAGAACTTA	0
AGAGAACTACCCGCGAGGAA	0
AAAGAACTATCTTCCGCAAA	0
TCTACCTTAGGATTTTTGGC	0
AGCTAGTGAAGCCCTGCCGA	0
GGCAACTGAGAATTCATTGC	0
CACGTATGGTAGGATGAGCT	0
TATGGACGGACGTGTGCAAA	0
TCAGGCCGACCGCACAATGC	0
AGAGGGTTGTCCTATCCTAG	0
CTAATACGCCCGCATTATGT	0
ACTACGGGATTGCACTGGCT	0
CCTATAGAGGTAAGAGCCGA	0
GAGCGAATATTCGTCTGTAC	0
AAAAGTATCGTGAAGACATT	0
TAGACACCAATAAGATCACG	0
AAAACCCATTTGTCTCGAAC	0
TAACGCTTAAGAACTGAGAA	0
GTACTCTGAAAGTCGTGACA	0
TTAATGAACCTTGTTTGGGA	0
CTGCGAAGTTCTCTCCATGC	0
CAGTCAAAGATGTACTAATG	0
GAGAAGGAGCTTACTCGTCC	0
AGCAGATCAACGTCGCCCCA	0
GGTGACTCTCAGTACTACCT	0
TATCATTTCCAATTTGAAGC	0
ACCTCTATGGTAAAAGGTTA	0
GCCACTGAAGAGGTGCCCCA	0
GACAGACAATACTTTCGCGT	0
GATTGTGGTGGTCATCAAAG	0
CGACCCGATACTAACATGTA	0
AATGAGCCCATAGGCCCATT	0
GGCTAGTTAAATGTGACTTA	0
GAATGAATACAGTGCGTAGA	0
TGTCGTTGTTGTGGGGGGGG	0
GCCCAGCAAATCACCCAGGT	0
AACCGGTGATACGGTCTCCC	0
AGCTCGTAGAAGTCATATCG	0
CTCAAGATGTGAATAGCCTG	0
GCCTGACGAAATGTAAATAA	0
AAGCTCTGCAAATCTCAACA	0
ATCACCTCTAAGTTCATTAA	0
CAGGTGATACAGGTTGCACC	0
CGCGTCCGTGAGATCGGGGT	0
ATAATATATATCAGAACCCT	0
GGTAGGTGCTTATCACAATA	0
GAAATGCGAAAGCTTTGACC	0
TTGCGTGCAGAAGCCAAGGG	0
CGTGTATGTAATGTAATTAA	0
CGGAACCCAGGAATGTTTTT	0
ACCTCGGGTGCGGGCCCTTG	0
ACCTGCTCAAACTAACATGC	0
TACCGCGGGAATTATCTTTT	0
CACATTGTGAATTTCATTCA	0
ACGCACGATGGATACTTCGC	0
GAAACACTGTACCGCCAACG	0
AGGCACTCTCGTGCAAAAAT	0
ATGTGTGAGGATAATTTTAT	0
ATAAGGCAGTGATGACCAAA	0
TTGCGCGAATTACATGATGG	0
ATTATCCGCATGTTAGCAGC	0
CAGTATTGGAAGCGTAAACG	0
CCCTTGATACCTAAACGTGT	0
CAACCGGTCCAAGCTATGGC	0
GTCAATCACGCTGACACGTG	0
TTATAAACAAGGTACTTGAT	0
TAAATTAAGGTACTGAACCT	0
TCCCACTCGATATCCCATCC	0
AGCTAAATCAAACATTGCGT	0
ACCACACGGAGTACGTCAAA	0
CAAGAGATCAAACTGTTAAC	0
AATTTCTCAAAGAGGACAAT	0
CTAAAGATATATCAGATGAA	0
AACTACCCCACCCCTGTTAC	0
ACCGGACCTTACCATGGTAC	0
GTGCATGATAGGGTCGCTAA	0
TAAGTTTTAACGACCTAGGC	0
CACGTTACCCTTCAATGCAC	0
AGCTCAATCGCCGCCTAGCT	0
GTCAGTTGACCGTTGAACGA	0
TAGGTTAGACTACGGTGAGG	0
GCAAAGGGTCTACCGGAACA	0
GAAATGTACGTACGGGTACA	0
GCGAATGTAGAGTATTAGCC	0
ACAGTAAATGTTGTATGTTG	0
AACACCCCCGTAGATACTAT	0
CCTACGTAAGACCTACAACC	0
AACGCTCGTAGCAAAGGTTA	0
AACAGGGAGTATTCATAGAG	0
ACAACAACCGTATGGCCGCT	0
ATTATGAAGGCAGCGCGTCT	0
ACTAATTGACTCTAACAACA	0
TTATTTATCACGCTGTACTA	0
TATCCCCAGTGCCACAACCT	0
GGAGCATACACATGTCGCGC	0
GACACCACCGGAAACTGTTT	0
GTATAGACAACCTGTTAAGG	0
ATGAGGCTACGAGCGAGTTT	0
CACTTACAAGGTGAAAAAGA	0
TTACCTACAAATAACTGACC	0
CCTGAATGCAACCCAAGAAC	0
AAGGCGTATGGGGGAAAAGC	0
ACACGCAGCCAAACCACGCC	0
TGGTCTTCTAGATGCAAGGC	0
AATGCCACCCATGTACCCAG	0
TGCTATCGTCATAGTATAAT	0
ATTTCTGAATCCACGGGAAA	0
ATATCGCGATACCCTCTAGC	0
AGTTATGTCATACTTCCAGC	0
GAGTGTATACTATGTTTGCT	0
AACAGCGCGCACTGTAGGGC	0
AACTCCTACACACTTCTAAC	0
TTAGTTCACTATCAACTTTT	0
CCCTACCCGACGACTACGCC	0
TCCTAAACGGTATCTTATCC	0
ACTGTACCGTGATGAAATGT	0
ATCACACGAAGGAGGAGCAG	0
GCGCGACTCAATTCCAATAT	0
TAATATAATAGCCGTTAAAG	0
TCCCAAGGATCCACATGCTA	0
ACAGTCCACAGAGGAGCTAA	0
CTCAGAAAATGTGAACGAAC	0
TGTGGAAGCACTGGGATATG	0
AGCATTCTAACCAGCAAAAT	0
AAACACAGATTGGATTGGAG	0
CATCCTTCTGTGTACGCAAC	0
GTTCAAGGCCTACCATGGTG	0
GGATACTAAACCGCCATTGC	0
CACCGCGACCAATGCACTCT	0
CCAATCTAGTACGTAGGGCC	0
CTTCACGACAACTCTCCAAT	0
TACCGTTGGAGAACGCTAAC	0
TGTGCCGACTATGACGTTCG	0
AGGGGGCGCGTCACGCGTAC	0
GCCATACTGTAACACACCAC	0
CACGGGACGCGTTACACTAC	0
AGAGGCCTACACTCCAAAAT	0
AGGTAAGGAATAACTGCCTC	0
CAGACCTTAGGTCCCGAACT	0
AAAACAAGTTCGCAGAAAAC	0
AGTATTAACCCTGGGGAAGC	0
ACGCCCGATGGTAACAACAG	0
GACACGTGACCCCTTACTCC	0
AGCGATACGGACTATGGGGA	0
TGCTTACTGTCAACTTTTCA	0
CCACTACCCCGACCCGTGAG	0
TAACGCACAGTTTACACGCT	0
AGATATAAGCGTGACAAGAT	0
CTAAAGAAACTTGTTTATGA	0
GGAGCCCTGTGTACAAATTG	0
TGTACCCTCCTAATATACCC	0
ACTCAGTTCGTCCAACGCGA	0
CCGTAAAAACAACGTGAAGA	0
GCCAGGTAAGTTGGGACAAC	0
TCATTGCCCCGCAAATCCGT	0
CACGACAGTGCTCTATCGGT	0
TCATAGCTCGACAAATGAGT	0
TATAGCGATGAGAGTCGAGC	0
ATGCAAGACCCGCTGGCCGA	0
AAGAACTTGCACATGCCGCG	0
ATAAGAACAGTTCACCTGTT	0
TGAGGGATAGTACGAAGAAG	0
GTTAGAAGACCGGAAACGAC	0
TTGTAAAGGGAGGGTATAGG	0
AGACGATATAATCACGTGTT	0
CCCCTTTTAAAATCAATCTC	0
ATCCCGGATGCTCCGTAATT	0
ACAAAACCGCGGTGGCGTTC	0
ACGAATGTTTTACGGTGAAT	0
TCCTGATTGCCTATAAAGTT	0
TAAGATGCTATAGCCCCACA	0
TTGCGGATTCCCAACCTTGC	0
CTGTAAGCAAGCTGAGGGGT	0
AGCCAATTAAGTGCATGCAC	0
CAAGTACTCATAATGGCACT	0
GCTTTGAATACAGGCGGTAG	0
TTGGCATACGAACGAAGGGA	0
CTATGAACTGGCTGACTTCT	0
TTGACATGGACGAGTTAGTA	0
TGCTGCTGGCAGCCAGGCAC	0
AGCGTGGTAATGCCCACCAG	0
ATAGTCGATATACACTACTA	0
ACCCGTCTCGCTCTCGCATC	0
ACCTTGTCTTAGTATTTCAC	0
GCTAATCCTAGCACAAACAA	0
ACACGTGCAGTCATCTAATA	0
CGACACTAAATAGTCTTCCT	0
TTCCAGAACAGCCCGACCCA	0
GGGCCCTTTAGTTACACGCA	0
TATAGCGTCAGGGCAAAGGA	0
AAAAGCTAATACTACGCTAC	0
CTCTGTATCCGCCAACACAC	0
TCGATATACAATGCCGACTT	0
CAATTGGTGATTGACCACGA	0
CCCGCTACATAGAACGCTCA	0
AGCGATCAACGAATGGAATG	0
GCTGGCTTGAAACCTCCGAA	0
CCAGTGCGGCCGGGCAAAAT	0
TAGAACCCAAGTTCCGTAAT	0
AATCCGCTGTTGACACGACA	0
CATCCATACGTGCCCCAAAT	0
CCATGTCCACCGCAAACGCC	0
AAGTACACATGAAAACGTTT	0
AAAATGTAACAGAACGATAC	0
CCGGAGGAACCATCCCGAAC	0
AATAAGCATCCGTTCTTGCG	0
AAAGCTTCGACCAAACGCTA	0
TGTTATTATGGCGGATACAG	0
TTCCCCTTCCCTACCCACAG	0
ACTTGCGTAATGAGATGAAG	0
CGAAGATGAAAGCTGCATTA	0
GAACACAAAAAACCAAAATG	0
CTCTATGAATTATGAGAATA	0
ATTGCTAGGTAGCACCATCC	0
ATCCCTATGTATTTGCCATC	0
CCGACGTAGTGCAGAACAAA	0
CATAAATTGCCACGTACATA	0
AGACAAAAAATAGCAAGTGT	0
AAGAGGGTGAATCACTATAC	0
AACGCGCCTGTCCATATAAA	0
TGCTCTAATACTTTTAAAGT	0
GTCGCAAGTAACGGCCACAG	0
TTAAAACAATCCCAACACGC	0
TTATAGTACAAAGTATACTT	0
AACTAGCAATGCCATCTATG	0
GAAGTAATTGTCAAAATAGC	0
ACTAGCCGAACTTGGATGGA	0
TGTGATAGCATTACAAAGTC	0
TTACGACTAGCCGTAGTGGT	0
TGCCCTTGCCAGTGAGCATC	0
CCCTGACCAATGTATACACC	0
GGAACCGCATGACCTTGTTC	0
CACACCCACTTTAGGCGTCT	0
CACCATGAGACCTAGCTAGG	0
AGATATGGCCAACTTGTCAC	0
GCAGAAGGCGACGTCGCAAC	0
AGGCGATCATGGGGGTGGAA	0
CCCCAAGGACATCACGTGTT	0
AGACATGTAAGGTTTAACCC	0
TTAAATCCTGCTTCCATAGT	0
TCTGCGGAAATAGCCAGCAC	0
GCAAATCTAGTTAGGCAAAA	0
AACTGTTCCCAATACGCACA	0
TAATAAAGTGCCGTAGCGTT	0
ATTACATGTGTCTGATTAAT	0
AAGGAACAAATTCTACGTTT	0
ATGGAATTCTCCGTTCTAGC	0
ATTGAACGGGTCCATTAAAT	0
ACGGCCATGCGTACGACTTC	0
AAATCCTAAAGTAAAATCGT	0
AGCTACTTGAGTGCGTGACA	0
TTTAGTGACTGTGTATCATG	0
GTGTAATCGCAGTCGATGTC	0
GGTAACGTCTGCAGACTCTA	0
CGAAGTCAGACCTATGCTAA	0
GTGAGATCTAGAACAGACCC	0
ACACCGATGCGAGCACTGAA	0
CTATACAACACATAACGGGA	0
ACGCATTTGTGACAATGTAC	0
GATTGAATCCAGCTGGTGAC	0
GGTGTCGATCCGCACTGCGC	0
GCAGAGTACGGCACTTCGGT	0
AAATACTAACATTAGATGGA	0
ACGTGCGAAGGGCTATATCC	0
TGATGGCTACGTACTGCGGA	0
TATTAATCAGAAACAAGTTC	0
GCAAGTTTGCATTTTAGATG	0
GGTCCCGGAGCTAATGGGTA	0
GAACTATGGTGCGGTCGAGC	0
CGTTAGTATACCATTGCCGG	0
ACAAACGGACGACTTACATA	0
TATGGCAGTAATGAGTAAAC	0
GGGTTTTGATCAAAAACAGA	0
AAGTTGAGAAGAGAAGAACA	0
AACTCTTACGCGCACGGACA	0
GCAATGTAGAACTGAGATAC	0
ATTCAGAGAAGCGAGATTGA	0
AATGAGACTTGCACAGTCAA	0
CTCCCCCCACACCGACGCTA	0
TCTGAATAGTAGGACTTCCA	0
ACTTATAAGAGTTAAAATCC	0
ACGAGGACATATTTGTGATT	0
TAGAACACGAAAACCATGTA	0
AGGGCACTCGCCATAATGCG	0
CTTTAGCAGCACCTGTGCGC	0
ACAAACATCTTCTTGTGCGC	0
AGGCGGCTGGCAACATAGGT	0
CGCCCGTATTGGTTCGCGGT	0
TAGGCTTGATAGTCTAGATG	0
GTGTGCTATGACAAGTTAGA	0
GCGGAAGGGTGCAGAGAGAG	0
CGATACAGCATAGATCGTAA	0
CCAGCAGAGTAAGTTCCTCG	0
GACGTGGAACAAATAAGCAG	0
AGCAGCACCCCCGCGCGATA	0
ACCGTCCAAGCTTCGAATTT	0
GATAATTTTACAATCATGGG	0
ATCCGTAAGCAGAAACGACG	0
ACGTTGACAAACACTTGCAG	0
GCGAAACAAGAGCCCAGACA	0
GATGGTAACAGGAGCTGTAG	0
AACGTTTCGTGAGGCAGAGC	0
CGACGCACGCGAAGGCTATG	0
CGCGGCTATCTACTGATACG	0
CACAACTCAATATGACAAGG	0
GGATACTACATATTAACGAT	0
AAGGTCTGCCCTTGCTCCCC	0
GTATTCCTCCTCTGGAGAAG	0
GACTTTAAGCGGTCAGACCA	0
ATTTACGGTTTGTTGGGGTT	0
CACTCCAGATAAAAGCAACT	0
AGCCCGTGGACCACGCATGC	0
GCTTCTTGTTCTAGCCGAAC	0
GCAGTATTGGTGGCGTACTG	0
TTTGCGAATTAATACCGCAC	0
AGCCGACCGTGATCGAAGTA	0
CGAAGGAGGACAGTCACGAC	0
CCTTGTTTATAACAGGCGTC	0
GAACGCTCCTGGAGACAATA	0
GCGATTATTCCCAGCATCAC	0
TCAGAGGAATAGTTGCTGAC	0
ATGGACGAGCCCTGGCTAAA	0
CAGGACCACACGTCCTCACG	0
GCAGATAGCTTTCGCCAAGC	0
TAAAGACCAAGAGTCGCTAA	0
ACACTTGTCTAAGTTATTGA	0
AACCGCTCGAAACGTACAAG	0
TAGTTGCACTCACCACCGGC	0
TTTACGCCCCGTCATATAAT	0
ACCCATTTGCGCAATTATGC	0
ACTAAGACGCATACAATAGT	0
CCATTAGTTCTACGTAACGC	0
GCCGGGCGTTAGCCTCCACG	0
CCAAAGACGCCATGGGAACA	0
TTTAACGACAGAATTTTCTG	0
AATAATATGAATGCTACTGT	0
GCGAAGACAGTCAACCGCTA	0
ACTGCGAAAGGAAGCGGTGT	0
ACCTTTTTCCTAGTATGCAA	0
TGCAGCATTGCGCCCAGAGA	0
AACACTTATAAAGAAGAAGG	0
AATCTTACCAACAGTACACC	0
GAGTACATCTGACTCGATAA	0
ACCAAGACGAGCCCTTAGTT	0
AAAACCATACCAAGACAATG	0
ATTTATGTTAGGCTAACGTT	0
AACGCAAGACCAGCATTCCC	0
AGGGCGGGTCGGTCAACCAA	0
CCCTCGGGCGGAAAGACTAA	0
AAGGGTGGTTGGTGATTACG	0
AAACATTTGCCACTTACTCC	0
TATGAAACCTATAGTGTCGA	0
GAATTCATAACTGGACGAAT	0
GAAAAGAACAATCGACTTTA	0
AAATTAAGGAATAATCCAGT	0
ACAGGAGTATGAAAGCTGTG	0
CTGAAGTAGATAACCGCTTC	0
AGCGTTGCTGCACGCAAAAA	0
GACTAATAAATGAACTAGAG	0
TATTGTGAATGACGGATAAT	0
AATAACGAACTCAGGTGACG	0
AGGCGATTCAGCACAGCTAC	0
CCGACCCACGTTAACCTCGA	0
AAATACAAAAGTACTTCGCC	0
GAGCTGCGTATCCATTAAGA	0
TCGAGAGCCTAACCACAAAC	0
GCTCACTGTAAATAGACACT	0
GGAATGACCGTGCCGTAGTC	0
ACTCTTGTCGTCAGCGAAAA	0
AGACACGAAGCAATACACCC	0
AGTCTCGAACGGAAGTAATA	0
TAAAACCTAAACCACAATGG	0
CTGAAGAGTCAATACCATAT	0
AATAGGCGACCTTGGCGTAC	0
GTTTGTGCCCAGAATTGCAC	0
TTGCGTGTGTGAGGTCCTCT	0
CAACGACGAAGGCGTATGAG	0
ATAGCACCGATTTTACGTAT	0
GGGAACATATGCCTTTGCGT	0
TAATCTGGAATATCTAGAAC	0
GAACGAAGCGCGTTCAACGT	0
AGGTGGAAACTACACAACCC	0
GCCTAGTACTAGAAGGAAAA	0
AACAGACCTGACTCAAGGGA	0
GTTTTTCTGGCACACCGCTG	0
ACAACGGATAGAGAGCGTTT	0
TATGAGATCCATGTGTAGTA	0
CGCGATTGGCAGCTAGTTCG	0
GTGGCTCTATAACCGCAACT	0
ACCACCGAAGAAACCAAAGA	0
CATAAGCAAACGTCAGCTGA	0
CACCCGAAATTTTACACGTG	0
ATCCGTCGAAACCAGAACCC	0
ACTTCCGTGAACTACTCTGA	0
AGCGGAAATGTTGTAAGGGA	0
TGTTACCAAAAAGAGGCAAA	0
ACACAGCCATACAAAGATGG	0
ACACACAAAAACATACTCGC	0
TTCGTAAAGACCAAATAGAA	0
CCGCAGATGCCCCGCAGATT	0
TACCTGTCAATAAGTATTGC	0
TTACAGATCCACGATCATAT	0
GTATGAGAAATTGGTAAGAT	0
TGATAAAACAAGCCATTTGG	0
GGCCTAAACCCTCAACATTC	0
CCTGCACCCGCGCGCAGCGC	0
AGTTCTTTGCAAAACATAGG	0
AAAGGCCGTTACATGTGACG	0
TAAAGGCGTATAGGTGAAAC	0
ACGGCAAAAAATTGCTCTTC	0
CAGAACCCGCAACGTAGTGG	0
GTTGGACATAACGAGCCAAG	0
AAGTGTTTACTCTAAATATT	0
ATCCTGTAACTTCTATACAC	0
AATGTGACCTTAATTCTAGC	0
ATTAAGTCCAATTGCAGTCC	0
TAATACCATATAGTACGTAG	0
AAAAACTACACCGGGGACCC	0
ATGCTCCCTGTGACCCATTA	0
ACGCTTCTAATTCCCAGATT	0
ACCTGCTACACATACGTTTC	0
ATGTAGATCAATGTATGAGC	0
CCATAAACTCACACAAAGGA	0
AGCAACGGGGTCAAGGCTGC	0
ACCGCAGGACGTGCCCGCCT	0
ATCTGGTGCGAAAGGCCTAG	0
TCCACTGATCGTATAGAATT	0
AATGCTCCCCAACGGCACGC	0
GACTACACGGTACTACCCCA	0
AACTCACTCTTATCGCGTAG	0
ATATAAGTCTCTACTCGGTT	0
ACCCCGGCCATAGACAGGAT	0
CACGCAACGACAATGATGTC	0
GTCATCAATCATTGAAATTG	0
CCGGTCCTCACCCTCGTGTC	0
TAAAACACATATGGCTACCC	0
CGACCGCAGTCCAAAACTAG	0
GCGACAATAAATCACCCGGT	0
GGGCCGAAGCGGATGCCTGA	0
GGTACTACTATCATGCCGTA	0
GGATACGCAAAGCGATAAGC	0
GATGTATCTTATTTTTCGAA	0
AATAAGCGAGAACACGTCTA	0
CCGTCCCACCACACCTTAGA	0
AAATCCAACCGTGTTACTCC	0
GGGGGTGGATCACAGTCGGG	0
TTAATTAGTGCACCTGGGTG	0
GCATAGTCATAGCTCGGGTC	0
AAACGTATATGGTGACTATG	0
TCCAGGTCACAAGCGTCGAA	0
CTACAATATTTAGCGCACCC	0
TGCATATTGGTCACTGCGAA	0
ATTATTACAGCTGAGACGAA	0
CATGCAGGTTTCGAGGGAAT	0
GAGTTTGTATAGAATAGCCC	0
CCGGCCGAGTAGGTATGACT	0
AAATGGAACAACCCAATGGG	0
ACACGTAGTTAAGCCCGCCG	0
AACCACACACTTCGTATATT	0
ACGGTACGCGGATTCATCCG	0
ACATTATATGTTAAGCATAA	0
ATCCCGAGTATCGTGATTAC	0
GAGGAGTGGGATAATTGATA	0
GGGGCAGTAAACAGAGGTCC	0
ACCCTAAAACCAGTTAGGCA	0
GCGATGATTGCCAAGTCCGT	0
GCCATGGACTTTCACTGATT	0
AATGAGACCATAAGACAGAG	0
TGCGCATGAAGCGATGTATG	0
ACTAAGGCGCGAATCCTTAC	0
TGGTGATTCCCCCCCCCGCC	0
CCCAATCCCGCCCTCTAGGC	0
CTACGCATCCTTAGATGGAT	0
TGAAGATTGAGCCAAAGCCG	0
ACCTCGCCTCATGGACATCC	0
AGACTTCTTCCACAGCAACC	0
CAGCACAACCATGAATGCTT	0
TTGTACCCCTCATCCGCGAC	0
AGTTCAATGACAATGAACTT	0
TTGCACGTATGTAGTAAATG	0
CTGACGTACCATGTGGTGAC	0
ACGATGAGTGTTAATAAGAC	0
GGTTACGCAGTTATACGTGC	0
GGTACGAGTGAGTATTTGAA	0
CGCGTTATGTTAGAATGAAC	0
TTTGCTATATACATGGCATC	0
GGAAAGAGGGTCTCCAAGAC	0
ATACACCGGAATCTCGAGGC	0
ATCCACCCAACGTCAAGAAC	0
CATTGGATGGGTCATGACCG	0
AGGGCGTAGAAGCACCAACG	0
ATGATATAGCGTAACGTTAT	0
CGCTCACTTACGAGAGCCGC	0
GGCCATTTTATCCATAGGTA	0
TCACAATAAACATGGCCTGC	0
CAGAAACTTAGTATAGATAG	0
CCTAAACTAACACATTAAAT	0
CCATGTGCGAACTAGCTGAC	0
TCCACAAGGGCCGTCTTATG	0
AGACATCGCTAAGTTCAAGG	0
TTGGAACTTCGACACGAACC	0
CGGAGGACCCAAGCCGACCG	0
AATAGTTTTAGATACTTAAA	0
GGCTAAAAGTCCCACGAATT	0
CATGTTGCCTAAACATCGAG	0
TAGGAATCACGGCCGTATGG	0
GATATTGCGAATTCGCAGCC	0
GATGCAAGATCAATTATAAG	0
CCGGCACCTTAAAGCTATAT	0
GTAATCTGACTGACTATTTG	0
TGCAACTTGAGATGGCAAAC	0
GCAGATCCTAGAGTGCTTCC	0
AAATACAAATATACGGCGCT	0
GCCCCCCTAAATCAAGCGTA	0
AGCTTTTGGACACACGAATA	0
GTAAATGCCTACATAAGAGC	0
AGCAGCTCGAGAGTGCCACT	0
CTTGAGCGTGCGACCACAAC	0
ATGAATAAACGAGGGCTTAG	0
GAAAACAAGATCGCGATGTA	0
ATAAATCGTAGCATCCCAGA	0
TGTAGTGAGACTTCTTTGAC	0
CTCCTTTGATGCGGTCAACC	0
CGATCCACGAGGAGTGTCAG	0
AACATTATGCAACGGACCAA	0
CGTGCCCATTACCAAGGAGG	0
CGCGGTATCCGTGGGATGGA	0
ATATCACGGGTGTCTAATAG	0
GACCTATTGCTGCAAGGTAA	0
AAAACTTCCTGCTCACAGAC	0
AGACGCTGATTTTTTGTCCG	0
GATAACTGGGCGTTGTGACG	0
ACCAGTCACCATATGATATC	0
CCGAATCAGCGCCGCTAAAG	0
AGTGATAAAGCCGGGTACCC	0
GATGAACAGGCAAAATTCAA	0
TATTTATAACTAGTCAATGC	0
CTAATCATTTTGTAACGCGA	0
TTAGAGTGTGCGAAAGCTAC	0
GATGCCCACGCTTACGCAAC	0
CAAACTCCTGTACATGTTAC	0
CATATCCCGACCAAACTTTC	0
ATGTCCTTGATGGCAACACC	0
GAGACTGGAAAAGAGTAGTA	0
AGTTACCTAAACGCCGTCAA	0
ATGTCCACCGCAGGAATTAA	0
GAACAACTCGAACAATACGA	0
AAGATCCGCATGTGTTATCA	0
TCAAGAATTGAAGTTCAATC	0
AGGTTAGATAGACAAAGTAA	0
GCAACATCAATAGCAAACGA	0
CTATAGGGACAGTACACATT	0
ATAAAGAATGAACGCAGTAC	0
AAGCACACACCTCGTGCACA	0
CCAGTATGCGGCCAGTCCTG	0
TCAGCGACAACAAATCCTGA	0
ACTGACCCCAACCCAATGTC	0
ACTTCAGGCCGCCGATAGAC	0
TCCATACTGCATAAGCAAAC	0
GTAGGTGCGAAAGGAGGATA	0
GATGCCCAGGAATCTGTGCC	0
AGAGATGAATCAAAGCACCC	0
CGTAATGGTTGTTCAATGGA	0
GGACGACTAACTTCGCCACG	0
GCCGAACTAACTTATCCCCT	0
CGACTTGAAACTCCATTATC	0
AACTCACCCACTACCCCGTG	0
GGTGTCCACGCGAAATCGGT	0
ATGATTCCAAACGTTTATTA	0
TGCGAAGTCACAGCACAGTC	0
TCCGTTTTCACGATGCTGGC	0
TGAAAAACCATGCTGAACCC	0
AGATGGCAGTGACAAGCACT	0
CCGAGATTAGGCTGTTGCAG	0
GGTGAGAGTGACCCCTGTTA	0
GTGGAAAAACGACTTCTATT	0
CGAAATACAGGACCTCGCAC	0
GATTGTTTGAACGGACTTTG	0
ATCTGTACAAGTAAGGCTTA	0
GGAATCCTGAGTGCTATCTG	0
CTTCACACTAACTCGCCAGA	0
TAGCATCGTGCAAATAACCA	0
TATGCGTCACAGCTGAGAAG	0
AAAAGAAGCACACCTCGCCA	0
ACGATCATAATGCAATACTA	0
GATTAATTTCACGTACCCGA	0
TCTGCCTATTTGCCTACGCA	0
TGAGTATGTACACCCCGTAC	0
AGTAAACAACTAACTAAAAT	0
CACATACGCTTTCCCAATTT	0
CACTTTGGTTTGGAGAGTAA	0
TACTGTGTCAAACACATGGT	0
GGTGGCGATAGCGCACCTGA	0
GGAAATAAATCCCTAGTTAA	0
GGTGCGTTAATAGAATAAAC	0
ACCCTCATGCATGGGCTACA	0
AGACGCTGCGGATCGCTTTA	0
CAATTGACCATGACATCAAA	0
ACGGCTTTCATCTACAAATT	0
AGGGGCCCAAGCGGAGAACC	0
TAAAGCGAACTTAAACAGCC	0
ATGTTCAAAATACAAATTAT	0
TAACCAATAAATGTAATCAG	0
GGCAACCGAGAACCATAATG	0
CCTCGAAGAGTATTCCATCC	0
TTCAACGAAGTATGTATGCC	0
ATGCAGTAGAATGCATAACT	0
CCCTTTAACAGTTGCATCCC	0
TGTGAAAAAAAAGGCTTAGA	0
TACAAGAAGCGAGGCCATAA	0
CGCCTCGTATACAACACGAC	0
TGACTAAAACTATCTATACA	0
GCCAAGTCCACCCATTAGCC	0
ACTTCTAATCGAACCTGAAG	0
ATGCGACATGGACTCTAATC	0
TCGAACGATCGCCATCTTGC	0
GGCTTGAAGTGGAGATGCGA	0
GCTACCCCAACGCTTAGACT	0
GATTCCGAACCTGGATCTAA	0
TCACCCGTGTTGACATTGCG	0
TATGCAACACAGAGATCCTG	0
CGTCTCAGTGCCCTAACCAA	0
GCCACAGGCACTGTCCACAG	0
TGTATAATTTGGACTACGTT	0
GAAGTGTCCTCGCGATCCCG	0
TTCGTTGAGTACTGAACGCG	0
TATACTGCTCTGGGACCTTG	0
AGCAGATTTAGTCTAAGTTG	0
TACAAATACTCACTGTTAAC	0
GAGTTCAAGCCTCAGTAAAA	0
GATACCAGAACCAGAAACAC	0
TTGTCGATGACATCTGTACT	0
AACTGAGGGTGCGTGCGCAA	0
ACGCAACTCCAAAATCTATA	0
CGTTAATAACAATTAAATAC	0
ACAACGTTCCAAGACGCAGC	0
GATCAACATTGACCTATAGG	0
AAGAAGAACGTAGCTGGATC	0
TCAACCGGACTGCCTGGAAG	0
GCGTTTCGGACTTTACTCAG	0
ATATTTCCAAAACGGTGAGG	0
TGAGATACGGACAGCCTATC	0
AAATAAGCCCCAACCGGCAA	0
GACTTAGATCCGGGGAGCCT	0
TATGATAGGTCCGTCGTGGT	0
AATGAAGCAAAGGACCTTAA	0
TTGACACACTTCTTGTAATC	0
GCATAAAATATAGCCTAGTC	0
GTACGATGATCGTCGTCATG	0
ACTGTAACGAACCGTAAAAA	0
CCCTAACATGGAGCAGACGG	0
ACTGGTAAACACCCGACTAA	0
AACCCTCTCATACAATGCCT	0
TACTCTCAGATTTGCAAAGC	0
GTGTAAAGGAGTAATAAACC	0
ACACGAGGTAAGTCGCACAA	0
AATAGAGAGGATGTTTCCCC	0
ATTCCGTCGTCGCGCCATCA	0
GGTAATGATATGAACGAACC	0
AGGAAAACTAATGATTGTGC	0
AAACAAGATAGTAGCAGATA	0
ACCGAACGTGGATATGGAGA	0
GGGACCGCGCACCAGCGCGT	0
CTGCACACAGCGACAAGATA	0
GCCCAACACTCATCGACGAA	0
TCATGGTAAATAACATAGCG	0
AAACGACCCAGTGTCTGTAG	0
TCGAGGAGAAACCCACCCCC	0
CGAGAGAAAGGTTAGCATTG	0
ATAAGTTTTTACGCACACCC	0
TGCGCTTGAGCGCTATTGTA	0
GTTGAGTCTGAAACTAATTG	0
ACCTCCCCCACAATTGTTGA	0
TCGACCATACCCAAGATGAG	0
TAACGCAGTAATATCATTAT	0
ATACAATTGAGCCCAAGGGA	0
GTCGACAACACAGCGATCGC	0
GAAGGGTTATCTGAATAAGC	0
TGTAACTTGAAGTCCCATTC	0
GTTGTACCGAAGATACGCAA	0
ACGCCAGCTCTCTAGTTCAC	0
ATGGAGTGTGACGAGCGGTG	0
AAGGACCCCACATACGTAAG	0
AACAGTGTAGAAGGTAGGAG	0
CCCATACCCCTTAACGCCTC	0
AGGTCCGTTACTATTAGTGT	0
AAATAACAGACAAATATACG	0
TTCTTGTACCTATCATTTAC	0
TAGCTATGTGTTAGTCGTGA	0
ACGCAGGCACTCGCCCCAAC	0
ATTGATCCAATATATTAACG	0
GGAAGAATAGTCGCATGTGC	0
CAAAGGTGAAGTATGAGTGA	0
GGTTTGGCAAAACCTCTCAG	0
CTGGAGAACCCAGGGTCGTG	0
TAGTGGATAGTGTATAACAC	0
TTAATGGACCGACACTTATC	0
CTGGGCCTTGTGGACAGCGC	0
CGAAAGGCATCAAAAGTCTC	0
AATTGAGAGAAGAACTTTAC	0
AAATCGGCAACAACTTTGGA	0
TACGCAGGATCGATCATACG	0
AAAGGTATCAAAAGTGTCCA	0
ACGCGTAAGTCTACTTCGCA	0
CCCACTACAAGCGCATCGCC	0
CGTAAGCCGGCTTGCACCAA	0
ACGCGGAGCCTACTCAGCAA	0
TGTACTAACGTGGTCTGTCG	0
TTGACACTTCTTACTCCGAC	0
AAACCGATGACGGGCTTATT	0
GTTTGATGGATCATATTAGT	0
TGTAACACGGAGCTGAGTAA	0
ACTCCAATAAAAGTCAGTAT	0
TTTGGCAATCTCCCTTATCC	0
CGATTGACGGCTAGAATGAT	0
CGTGTTCATTTCCCGGTTTC	0
ATACGCGATTTATCCTTGCT	0
CAAGATGTTGTAGTTGTAAA	0
ATCCACTATACTTGAACGAT	0
ATCTACACTCACACCTCCAC	0
AGTCAACCGAGTAACTAGAC	0
TTACACAACCACCTAGTGCA	0
CAAATGCAGTACTAATTTTG	0
GCTCAACCCAACTGGGTATG	0
CATGCAGTGCATGAAGTTGC	0
AAGGCTATATCAACATAGCA	0
TGGGCAAAGGCCCTAAGGGG	0
CCACATATATATCATAGAGG	0
ATGACACCTGCCCACAATGA	0
GGGATAATTGTAAGTTTCCT	0
AATGAGGGTTAACACGCTGC	0
ACCGGAAAGCCAATAAGTGA	0
AAGTGTACCCTGATGCCACT	0
CTCGTGCAACAATTCGAATT	0
GCTAATAAAATCGCCGTTGG	0
AAACGAAGCATCTACCTAAC	0
GGTTCGACTAGTGAACCGTA	0
CCGTAAAAGAATGTCACCAA	0
TAATAACCAATTTATGGTGT	0
GCATCAACCCCTGGGAGAAT	0
CATTTCCAACAGAATCAGAA	0
GTGAAAGACAATCACTATAG	0
GATCGTCTGTTTCATATAAA	0
CCACTTAAAGAATATTTCTG	0
AAGCGACTAGCTAGGTCCTC	0
TTTTTATTTATGATCGCAAA	0
TCGCAGCGTTCCTAGTAAAC	0
TGTCCTACAAGTCAGCACAT	0
TTGTACGCCCCGGTGCCGAG	0
TGAATATGCCACACAAGGTC	0
AGCGGACTCTGTTGAGTTTG	0
GACGACGTATAGTCTTATGT	0
TGAGATGGCATGTGCGCCCT	0
GTGATACCAATAAAATCAAG	0
AGAAACCCATGCAACAACAG	0
ATTTACCGCACAAACGATCC	0
ATACGCGTGTTATGCTGTCA	0
AATCACGTTGGCCTTTATGA	0
ACACCATCCTGTACGGACAA	0
AGGACCGACAACGGATCCAC	0
GCGAAGCAAGCCCCCTCACA	0
TCGTACTGATGGGGTCAACA	0
AATGCGTAATTATACCATGC	0
TAACTCGTCCCCACGACAGC	0
GATTCTAGGCGAAAAGAAGT	0
ACTTATAGTGGCGCTTTTTT	0
ACGAGGAGGTGGAAAAACCG	0
TAGGACAGTTAAATGCAGCG	0
GTCATATGCCAACTTGAGGA	0
ATTCCGCTGAATCTCGCCCA	0
CTAATTTAACTCCACTAAAC	0
AAGCACGCGCCAAAAGACCC	0
ATGGTATTTGCACTGCAATC	0
AAATGGACACCTCCGACGGA	0
ATTTATAACGTGGTGAGGGG	0
CAAGACCCCAGCAACGATCG	0
ACCTTGAACTTGCCATCGCC	0
TAAAAAGTAAGCGTCGCCCA	0
GGAGAACTATAAGTGAGCTG	0
GAGAGTGAGAATTACAGAAC	0
CTGCAGATGTTTCTGTAGAC	0
CCCATAGCAATGCCAGATGA	0
ACATCGAGCATTTACCTCGT	0
GGTTAACCACCATCAGCAGC	0
TCTATTAGCGCAGAGAACCA	0
CAGGAAAAATAAACTACCCA	0
CGTAGCGTGGCTTCGCAGGG	0
GGCCGTTGTGATCGGCTTGG	0
AACTAGGTGTCAAAGGTTGA	0
ATTAACTGTAGTATGTCCAA	0
CCGCGGGTTCGCACCGCTTG	0
ATTCCCACCTAGCCGTCTAC	0
CTACAGATAAATCGTCGGTC	0
GCGTCTCAATCAGCCCCCCC	0
TAACACTTTTTGACGCCATC	0
CCCGGACATAATATCTTGGT	0
CCAGACCTAACCCCAATGGA	0
AAATGGGCAGGCATAAGTTG	0
TGCTGTGCCTATTCATTGTA	0
TTGCATATACATCCTTTTTA	0
AGATACTATTGTGATACTTA	0
ACCAATAACACCCTGAGAAC	0
AATAAAACCTGTGCTTGACG	0
GCGTTACGGCAAAAAACCAT	0
GAACAAAGGCCAAGTGTGAG	0
TAATAATCACGACTCCATCC	0
CATTATCATGCCTAATATAT	0
ATTCGCGATGTGAACCAACT	0
GTACTTTGGGGTATTTACTG	0
CTATACAGCTCCGGGCTCCA	0
CCAGGAGTTCAAAGAGTATG	0
GGGAGGATTGTCCTAAAAGC	0
GTTTGTTCAGTAACAATAGC	0
GACACGTACAAGCTTACGAA	0
CCGTAGCGTATGTATCCTAA	0
TACGGACGAAGTTATCCCCA	0
ATACGCTTTATTTATCGCAA	0
TAGTTCAGAAGCAACCATCG	0
CTTGACAACGGGGAAGTTTA	0
TTTGTGCATGAAGGCAATTC	0
ACAGTTTGGAAAGATGGTAA	0
TTGTACGCATGGGCCAGAAT	0
GTAGAAACAGGTTCTAACCA	0
GCGCTTTGACTACGGATAAT	0
CAACAAAGCGGGCGACCGTA	0
ATAGCATTGAGAGCAAAACA	0
TAAATTCAATAGATCAACAA	0
CTTAGTTTCATTGATGAGCC	0
GTACGTAACTCATTTCTATG	0
CGTGAAGAAATTCCTACTTA	0
CCAGACCTATGTTTAATGGG	0
ACACTGTCCCAGCATAAATC	0
CAGATCATGCAATAATTTTA	0
ATTATCAGTGTAACTGCCGA	0
CGACATGGGACGCCCTGAAT	0
GATGCTAGGCAACGGCTGGT	0
GTGAATATCTTCGTCATTCT	0
ACCCCGCCAACCCGTAATTG	0
GATGAACAGCCCAACGGTTC	0
CAATCCAGGCCTATTCCCGA	0
AAACTCAGGATCATCTAAAC	0
AGTGTTCCTACCCAGTGTTC	0
GTGGTACTGAGAAAGTCACT	0
GCTTCTTGCTTGCATAGCAG	0
AGAGAATAGATAACAGTTTA	0
AACATTAATCAAGCGGTGGT	0
ATTTGCGAGCTCCCTATCCG	0
ACTTGCGTGTGCTTCGCTCA	0
ATACAGGGCTTAATTCACAC	0
CGGTACGATGACGAACTGGC	0
TGTGCCCAGCTATGGTCCCA	0
CTGGAACCGTTTAAAACCCA	0
TGACAGTGAGATTTAGGTCT	0
ACCCTGGTTTTCCCGCGGTC	0
CAAAAGAACCACGGATCCAT	0
CGCACGCCGACTTAAAGTGC	0
CCGGAGGTGATCAGCGCGCA	0
GACCCGATGCGGATTTGCAC	0
CCACATATACCGCACTTTCC	0
CAGGTACCGAACTGAGGCCA	0
GAGCAGTAATGATATGCTTT	0
AGCCATCAGCGGACTTGCGC	0
AAAATCTTCAGTAAGCACGC	0
TCACACGGACCTGGTCCCCT	0
CACACCTAATCGATATTAAT	0
GCTAATGGCTCCCGAGAAGA	0
GAAAGCGAATTCCTAGTTGC	0
AAAAGAGACCCTGCATTGTG	0
CGAAAGCCATTGCCTACTCA	0
TCTCACGAAGCTGGAGTACC	0
GACGTAGCGACGCATAATCA	0
ACCGGAGGCGCTTTACGAAA	0
GTATCACGCACTTAAAACGG	0
AATATATAAGTGACATAGGT	0
ATACTTAAAACGCATTCCCA	0
AACATCATCTTAGTTACGAA	0
AAAGCGATTTATTATACTGA	0
TTTAGCTATGAGCATCCAGC	0
GTACTGTCTGAGTGGGGTTG	0
GAAACTCAAAGGCCCCTGCC	0
GCATCCCAATGATGTTCCCA	0
ATACTTGCAGCTAATCCAAC	0
ATACCCGCAACCCAGTTCCC	0
GTAAATCTGACAGAGCTATT	0
GATCTTCCGACGAGAGTCCA	0
TTAATACGATACGTAAGAAG	0
TTAATTCTTATCTAAAATGG	0
AACGGGATTCTACAGAAAGC	0
ATTTGGAAATACGGGGCGTC	0
TTTTGAAACTCGCATCCCTA	0
CCTCTATTATATCCCTAGAC	0
ACTCCCCACCACAGCTATTA	0
CAGAATGGGCAGGAAGAGAT	0
TATAAGAAAGGTTAGTCGTC	0
CGATGCTAGTAAAACGACCA	0
GCTAACATATCACATTAGGC	0
CCCGCACCCAAGTAAACCTA	0
AACATCTAACTTGCTTATCA	0
TCTGAGCCTTGGGGCGTTGG	0
TTAAGAACACCTATTGATAA	0
ACGGTCAATAGATGCTCTAT	0
ATCAATTCACACCGAAATAC	0
TATGAACGCGCAGCCCAAGT	0
TTGATTCATAGTGAAGCTTT	0
GTAGAAGGGGAACCTATGGA	0
GTGGTACTATGTCGAAAGCA	0
TGCCCTTTGGCCTTGTGTAG	0
CAGACAGAATCCCGACCCCG	0
ACATATCCGCGGAAGACTTA	0
TAACATTCAAATCATTCACT	0
ACGCAGACCCTAGATTAGAT	0
GGACTTAGGCGGGATTCACC	0
AAACGTGCTTATTATTTCAA	0
TGCATCGGCCGTGAGTATGA	0
ACGATACAATACTAGACACA	0
GGATTAACACACAGCGCACT	0
TTTCCGCTTTCATGACTCGG	0
AAAGACGCACGCCATCTAAC	0
ATAACTTAATCTCCCTGCAC	0
TTAAAACCGTGCCACACTAT	0
ATTCAACGAGCGAATACCCG	0
TCGGTACTGCACGAGTAGGT	0
TAGTATGGTTTTGGTGCGAT	0
GATGCGTATGTTGTCTGCTT	0
AAGACACCGGCATTAACACA	0
GAGATAAAAATTTACTGCGC	0
GACTTATCCATCTGGTCAAT	0
CTGCGCCCACACAGACCCCC	0
TTGAAATGCATGTAGGATGC	0
GTGTAACCCTCTCCAATGCT	0
CTCGCATCCCTAATCCATCT	0
TAAACAACACACTTTTATCA	0
ATTACGGGGACCTAGGTACG	0
GCCTGAAACATGCCTGCTGT	0
TCGTGCCATAAATAACCCTG	0
GTTGAACAAAGCCTGACGAA	0
GGTCATGATCAAAGAGACCG	0
GCGTCACCAACAACATAAAC	0
CCGAAAACGCAAAACCATTC	0
ACATTTAAAAAAGCCTTCCG	0
ATGAGTCCCACCACATCAAC	0
CACCTGAAAAAGCCACTACC	0
AACTGATGCCCCCCAAGACA	0
AGGAACGAGTACGTAGTCAG	0
TATGACACCGTTCGATGAAC	0
CTATTAACCTCGTGCCCAAA	0
CAAGATTATTTTGTGAACAA	0
TAGACCGTGTATTATAAGTG	0
TGCGCTCTGCGAACCGGTTA	0
GATAGCTACAAAGGCATGAG	0
GAATAACGATACCCTCGCCC	0
TAACGGAGACGGTGCTTTAC	0
AAGATTGACCCTATACCAAG	0
GAGTGTATTTCGAGGATTCA	0
GCAGTGTCTAAGCCCGTGCA	0
CTGTGTGCTACCGAGGGAAA	0
TGACAGAATGCTACGCCTCC	0
CCTTTTCATACGATGTAGGA	0
TGCTTATACTGACGGATGGT	0
CCGTGAATTCTCCCACGATC	0
GCGATCGTCAGTAGACATTA	0
AATCATGAGTTCCCAACCGC	0
AACAGAACGCTGCCCCTTCT	0
CCAAGGGACCCACGCCGTTC	0
AACCCCTTAGATCCACGGAC	0
TACGGGTCAGGCTTTGAGGA	0
TCCCATAGAGTAATGCTAAT	0
GTCACCAACACGGAGATCAT	0
CACCTTGTTAGCCACGGTTT	0
GCGTTACGCTCTACCGCTGT	0
TGCCGCACCAGAACTCCCGA	0
CGAGAATTCACAAATACTGT	0
GGTAATAATCACCTGAGGTA	0
ACTTGATGACTAATATTAGA	0
ATCACTACGGAGCGCTGACT	0
TTCTGAACAGATGCCCTGAT	0
ATCACAACCTATGCGTGTAT	0
CCAAATAGAGGGACACTAAG	0
ATATAGTATTGACACTTTAG	0
ATCGTATCGTAGCATGGCAA	0
TGCAATAGGTGTAAATGAAC	0
ATGATAAGGAGGCACCCTTT	0
CCGGCGAAGGACACGCTAAC	0
GAGCGACAGGCTACACAAGG	0
AATTCGCGCTAACGAACCGC	0
CGCCATGTGTGGCGAATCTG	0
TAGGCAGACTTCATCCAAAT	0
AGAACAGGACCAGGGGGAAA	0
AACACAGACGCTCTAGGCTT	0
CGAGAAAACTCACACGAGAC	0
GTGCTAGGGGATCATACTAA	0
TGATGCCTCTTTAAGACGCG	0
GGCCGACTCCTACCGACAAC	0
CGAACAAAACCCTCGGATCC	0
ACAGTAGTGCACGCAACCAT	0
CAGGCCACTTTCACGCAACA	0
GCCAACATCCTAACTACTTG	0
AAAAAAGCAAATACTACATG	0
TTAGGACTTTTGTATGAATG	0
GTGCAAGGAAAAATTTACCA	0
GATAAATTCTATTTAATTCT	0
AAATTTGGTTATATAAACTA	0
TGGCATAACGTCACAACTAG	0
ACAAACCCACGAACGTTACC	0
TCGGTAAGGACTCCTGCGTC	0
GCAGTGAGCATAGTCAGCAA	0
ATGGCCGGAACTTAGGCGAC	0
ACGAGACAGCGTAGCAGTGA	0
ATAATAATACGAATAACGAG	0
CGGCTGCCCTCTTTTGAAAG	0
GATCTCCAACGGGCTACCCA	0
AGAAGCAAACCAAGTTGCCA	0
GAAAAATGGTTAGATAAAAG	0
ATGTACAATCGTGTTTGGGT	0
GAGATCGATAAAAGCGACAC	0
TCCTTTCGCATTAGTATTGA	0
GATAATTAGTCACTTAACCG	0
AATCCATGTCCATTCAACCC	0
GAACTCAAGATACAGAACCG	0
GTACCACGCACACCACACTA	0
GAATTTCGCATCGCCCGACA	0
TACTTCAAAAGGGCCTACAC	0
GCGCCACTGTTGCAAGTCCT	0
ACGCATAATCATCCCTAAGG	0
ACGATAGGCTAGGGCTCCCA	0
ATCCGTAAAAAAAAGGTAAA	0
AATAGTACAGTACCACCATC	0
CTATCCTCGCGACATAGTAT	0
ACGGATTCACCCAAGCAACA	0
GAACATACGGATGCAGTCGT	0
CCAGCGGTTCGCTCATGACA	0
CTAGTTGAAGGCCAGCACTT	0
GAATGAGGCATCCAGCTACC	0
ATGCGACTCCTCTAGAACAT	0
TTGCAACAACACTCGATCAC	0
TTTAGTTTGGTACCGCAACA	0
GTCGTGCGAAACCATAACCA	0
TTTTGACAGCGTGGCAGGTA	0
TCATCAAAGCGATACCTCAC	0
ACCTCGACTCGCGCACATAA	0
AGCAGTTTTGTTTACAAGAA	0
GAGTTCCTTTTAGACAACAA	0
CCTAAACAAATTTGAACCTA	0
TAGACGACCTCTTCATATAA	0
GGTGCTATGGCCCGTGCTGA	0
AATCATCATCCCTGCGACGA	0
GCATTTCTGGCCCGCCATGG	0
TAGGCCCGGAACTCAATGGC	0
ACCTGTCATTTCAACGCGAA	0
CCCAAACGCGGAGGAGCTTC	0
TAGATCGTGCACGAGCACGC	0
CACTGCACCGTTTTCATCCC	0
TCATACGGGGAGAGCCCATA	0
ATACAAGTTGCAGGTCTTAT	0
GATTACAGTATTCGTCCAAT	0
CTGTGCAGTGAGTTAGCACC	0
ACATTGCATTGCGGTTACCC	0
GGATCTGCCCACAGCAATAA	0
ATACTCCTAATGTTTATATA	0
GATCCCTTGCTGTCATGCCG	0
TATGCCATCTGATCTAAACA	0
ATATTGTGAACTATGACGAG	0
GGTACATAATTATGATGACC	0
ACTTAGCGTACAAAGGGAGT	0
TAGAAATACGCTATCCGTCT	0
GAGTTGGTCATATTACATCC	0
AAGATTCTGAAAGTGCCAAT	0
CAAGAAACAAACCTGGTGAG	0
AACTAAAACTAAAGTTTACA	0
GCAGAATGAGACCTACCTCG	0
TGCCCTCGCGTCCACACTCA	0
GTTGAATACCCAAACTTTTT	0
AAATATGCCCGGGAGCCGGG	0
GAGCAATGTTAACAAGGTAT	0
CTATAGCTGATATATACCTA	0
AAGAAATCGCGACCACCCAA	0
TATATGAACAGTAGCGACAT	0
TACTCGCTATAAACTAATCC	0
GTACTACATATACACGGTAC	0
TAAATAATAACACGCGACAC	0
GACAGAGCCCACTCATTACA	0
GCGCACAGCAGACTTAGATC	0
CCTATGTTAAACATTACAGG	0
ATACATAAAAACTACGTAAA	0
AAACTAATTTCAGTTATTGA	0
TTAGAACCACCACTCAACAA	0
TAAGAGCATTTAATTCTTAT	0
GCAGTCCCGCTCTGCGAGAT	0
CGTCCGGAGGGCTTAACACT	0
GAGAATCGCAACTCGGGGCT	0
ACATAGCCAGATAGCCCCCT	0
CAATTCTAGTGTACTATTCT	0
GCTGCTAGTCCATTGAGCGA	0
AAACCTTAGGAGCGCTGTAT	0
ATTCGTAGAACGGCTGCTTG	0
AGGACTAACGGGGATGAAGG	0
GAACCGAAGACGATTGTAGG	0
TTACGAATCCTGCTTAAACG	0
AGAGATCAGCTATAGGAAAA	0
GGCTAACTCACGTGCTCCAG	0
ATGCAAAACTCATTCGTATA	0
AAAGTAGGAACATGATCGAG	0
GCTAGCTTCTTTAGCCTACG	0
TTGATGGCCCTAATACACCA	0
TCACTCCAGCAATATCGATT	0
TCCTCTGCCAAGGTGGCGAC	0
GATATGGCAGCCGAGGTCGT	0
TGAACCTTGCAACTCGTTAC	0
ACGAATCATCGCACTACCTC	0
CAGCGAAAATTGGCACATAG	0
ATGTACTGGGTCAAGAAAAT	0
ACATTGGAAGATCATTATAG	0
TACGATACCACGCTTCCCCC	0
CGCTAGTCTACCAACGACCC	0
AATTACACTTGCTGGACCTA	0
AGCGCCAGTTGACAGTAATT	0
ACACTGACCAGAACCATAGT	0
ACTAATTGCCGAAAGAACGA	0
AAAGGCGCTAGACTCACCAT	0
CTTGTTCTGTCGCCCAACTT	0
TCGAAAGCCAAAATGCATCT	0
TAAAAGTAGCAAAAAAGCAC	0
TGTGGGAGTGACTCTACAAA	0
AGCAATACTTTGTGCATGGC	0
CCTCAACTCTGTTAATCCCA	0
GCTAAGTTCTAGGTACAGAA	0
AAGCAACTCGTTACCTCCAC	0
CCTACGCAGAAGCGTAAACC	0
ACGTGTACCTACAACCGACA	0
ATGATCCCGCCGTGCATCCC	0
TGCTAAGTTAACCTGACTGT	0
AAGAGATATTGTAACCCACA	0
TCACCACGACAACTCCCCCG	0
AGTCAGACTTGCAGCTGCTA	0
GCAGCACATAAATAACTATT	0
TTACACTGAGATGCTATAGC	0
GTTGAACTCTGCCCGGCTGC	0
ATTTAATGGCGAAGCCAAAC	0
TCGAACCATTCCGCTCTAGA	0
GAACTATGAACTAGCATGTA	0
GCTTACTCGAGTAATCCTGA	0
ACTAGGCATGTTAATAAAGC	0
CTGTAGTGCACTTACCGTGA	0
GTCGAGAGTTTTGGGTCAAA	0
AGCATAAGCGTGAGGAATGC	0
GGGAAATCCAGAAGGAGCTT	0
AAGAACCCAAGACAGAACGT	0
TTGAACAAAGTGCCTAGTGA	0
TGGACTACGAAAACCCCCGC	0
CAAGCAGGGACAAAGCCCAG	0
AAGCGGCCGAGCCCATAAAG	0
CGGAGGTACCTGAAAATAGC	0
ACCGAAAGTTTTAACCTATC	0
GGGATTTTAGTACAATTAAA	0
CGACAGAATCAATCAACAAT	0
AAGATACAGCCATTATCGCT	0
TGGGAAAAAGGCAAGTAAAA	0
TGAGCTGAACATCAAACCCG	0
CTCGGCAAAGGCTAAATCAA	0
ATTGCATCAAAAATGCACTG	0
CCACACCACTACGTCCTCAA	0
GCTGCAAATCAGGATTTTAC	0
AATAAGGTTTAGCCTCTAAC	0
ACAAGTGAACTGAGGGACGT	0
CCCACTCGCGCGCCTGTACG	0
CCAACTTTAGGAAACGAGCA	0
ATCCATTTCTGAGGATACAG	0
ATATCAATAGTTGCTATATA	0
CCTCTTGATAGCCTATTCGA	0
ATGAACTAGAAGCTTACCAC	0
ATATGCACTGGGAACATAAC	0
CACGGCTCCAGTGAATGCTT	0
AGTGTATGTTTACCATCGCA	0
CCAGCCATCCGTAAGACGTT	0
TAAATACGAAATGTCGAAGG	0
ATTGCAATGCACCGTACCGT	0
GAGCTGTGGACCGTATCTGC	0
CCAATCAACGCACGTCGGAC	0
ATCAGTGCACTGCCACCGCT	0
ACACCTCAATGCAACTTCTA	0
TGAAGACTACCATTACAGCG	0
AAACTGCAATATGACCCGGC	0
CCCCTACATAGACCACCATT	0
CAATTAGGTAAGATCTACGC	0
TCAGAAAGCGTGTACTTACG	0
TGGCATTACCCGCGCCAAGC	0
GCTGAGAGGGCGTCGCACGC	0
CCTCTCCTATCAACCCTCAC	0
TATCAATACTGACACCACAC	0
ATTTGATAGCATAAGCCCGG	0
GATATGGTGTCATGTTCCCT	0
AGTATGCGACGCGCGAAACT	0
GGCCGTAGAGGAGTTTTGCT	0
ACGATAATCACATACGCGGC	0
GTGCATACATTACACGCATC	0
ATTAACTCTCCTTAGGCTTA	0
GAGGTAGCAGGACTACAGAC	0
CACAGCAAGATTCTCGGCGA	0
ACTGGATCTTGTGTCACGAA	0
CTTGAGAACCTCACTGTTGT	0
CACTGAAGGGCTGCTCTGAA	0
CGAATAGGAATCAGAGTGCT	0
CCCCGTATAAAGTACATAGC	0
GTGACGATCTTGTCCGAATT	0
GGATCGATTTGCCTTTACCT	0
ACCTAATAGAACAATAACAC	0
TGGTATCTACTATTAATCCT	0
CCAACTCACTTGGACTTGCG	0
CGTGAAGAGCATGCTGTCTA	0
CTAACAAGACTTGTTATAGC	0
ATAGGTGTAGAACACCCATG	0
TTTGGGATCGAATGATGACT	0
CCTGAACCTTGCACCACTAT	0
CTACTGAATTCCGGTGTTGA	0
GGATCGCAAGGGAAGCACTA	0
GTGTAAACAGTCTTAATCCG	0
TTACGCTCAGATACACTGAG	0
AGTCTAGAAACGTCCAATGC	0
CGATGCCAACCGCGTGACCC	0
AAGTAATGAGTGCCCGCAAT	0
ATACGTCGATTCTGCCGCAA	0
AGACATTTACGGCAAATTAA	0
GCACGCTGCACGCGCGTCCC	0
TGGTACCGACTATATGCTGG	0
ATAGATATATGACCGTATGT	0
CGTCACACCCATTCCCATAG	0
CGGAGAGCTTCTGCGCCATT	0
CAACGTACTGGATCCATCCT	0
TAGCACGGGATCCACGCGCC	0
CTACGAGCTGGTCTGAGCTT	0
AGCCTGAACCAAGCACTTGC	0
ATGATTAAATGATTGACGAC	0
GCAGTGTATTAACAGCGTTT	0
AGTGCGAGACTGTAGAGGAG	0
ATATTTTCAATAAACACCAG	0
ACGCCCCAGCACATTCCAAT	0
GGCAGGTCACTGAGGAGATC	0
GCGCATTATATATCCCAGCT	0
TAACTGTGGGAGCGTAGCAC	0
GTATGATTTGCTGGCACATA	0
ACCCCTATCTGAGTAAGAAC	0
TAGGATCCACCTACCTGGAT	0
GTCCAAAGCACCCTTTGTTA	0
GGGCATAAAATCGAAGCTCC	0
ATCTACTACGATCCGCTAAC	0
AAAGATGCGATACTCGGAAG	0
TCTTAAATTTAACAGTTGAC	0
CGTAAATCCCCATCATCAAA	0
GATTAAAGCACAAATGAAAA	0
TCAACAGGATGGTCCGTTCC	0
CAAGCGTGGGAAGGCACCCA	0
CGGATCTGAACCGATAACAC	0
GTGGAACAAAGACACCGCAT	0
AATGAACGAGAAAACGACAC	0
GCATAAAGATAACGTTTTGC	0
TTCCCTAAGGGGCGATATTC	0
ACGACCTTGCCTCCTCGTCA	0
AAACCACGTCACTACGAAGA	0
CGTACCACGGAAGAGCGATA	0
TCCACCCGCTTCACATGCTC	0
CCTTCTATCTTTGACACAAA	0
AACCGAGTTCGATTCCCTAC	0
AAATAAACCGGGTGGCAGTT	0
TATTGCGGGCACTCTAATCC	0
GGAGTTAAACCGAACCGAGT	0
AAAAGACTGAATGCACAACG	0
CTGCCCCCGATTGCTAGATC	0
AATGTACCAAAGCAAAAGGC	0
AACAAAACTCCCCGGGATGG	0
TACTAAGACCGACATGGCGA	0
AGATTAAAGAGACGGAACAT	0
TTCATTGAACATCGTTGAAT	0
CTGGCTCGAGACCTTTGATG	0
GAATCCGACGAAGTGCACAT	0
ATCTCTTATACGATCCTCCG	0
ATACAGTCATGGTTTAAGTG	0
CATTTCCCGGCCAATCCAAT	0
CGGTTTACACATTGCGAACG	0
ACGATCCCCTCGTCCGAAAG	0
CTAGATGTGCATGAAACGTA	0
GCTGGGCAGTGAGCTATGAT	0
CGCATTTAGCTGACAACCCG	0
GGCCTTCGACCAACTCTACC	0
AAACTACGCTTACCACCACG	0
CCCCTCCTGTTAGCCATACC	0
CCATCTCCAAGACGGCCGCG	0
AACGCCAATATGTCGATCAC	0
CCCCGAGTTGTACACCCAGT	0
GTAGTTAATATCTAGTATTT	0
CGAACTATAGTCCTGTACAT	0
ATACGGCGCATAGGCCCCCA	0
CTGCACCAACACGGCTAGCG	0
AATGGTATGAGTATCATCTT	0
CGAATACATCAGCTGAATCG	0
CACATCGATCCCTCATAACC	0
GATAGGCACAAAGTACGTAA	0
GATTGACAGGGTGGACCTAT	0
TGAACATTGGACTAGCGAGA	0
AGTATATCTAAAAACCTTGG	0
ATGGACCACTCAATAGACCT	0
TCTAAACGCTCGTTTCTCGC	0
AACAATATCGCGCGCCATTC	0
GCAAATGTAGGGTTATATCG	0
GAAACATCGTACGGATTGAA	0
CATAAGCCTCTCATCTTCCT	0
CATTGCGAAAACAAACTATT	0
TACAACTGTTCTAAGAAAAA	0
ACCCAGCAAATGCGTTACGC	0
AGATCCGTTGTTATGAGCCT	0
CATATTCATGAAATATAAGA	0
AAAATTTAGCTAGACATAGA	0
GTTCAAGACACACATACTCA	0
CAGTTACGAGAAAAATGTAT	0
ACCCTATCTAATGCTAAGAA	0
TTAGTCCACGCTACTGGTCA	0
AAAAAGCGCATTTACTATGG	0
GTAAAAATGCACGTGATAAC	0
GGGTAGCCAATGGCACATCC	0
CCCATGCCAATAGCGTGTGA	0
GTTATAAGTACATCGATTGG	0
AAGATTAGAGAACTCGTAAG	0
GTCCGATATAGTAGATAGAG	0
TACGCCCGGATAATACTGCG	0
AAAGCATCATTAAGTACCAC	0
AAATAGTTCTTCCGATCGTT	0
ACAGACTTTACTCCTACAGG	0
TGTTCTACTAAGCTACGTGG	0
GAAGCAAAGAGGGTCCGAGA	0
ATGTCTTGTAAACGCATACA	0
AACTCCCAACCAACTAAGTC	0
AGCAAACATTACCACAGAAA	0
ACCACTTTGCTCTGCAAGGA	0
ACCAGTAACCACCGTAAGTA	0
CCAAGCTAGTCGCAACGCAG	0
TAGTTGGATAACGCATAGTA	0
CGCGCGAGATTCACGTGATA	0
TTCAATACTATGCTATATTT	0
CAAAACGGTAATGATAAAAG	0
GACCTCATAGATAACACGGA	0
AAATCCGCAATTAGTACGTG	0
TCTCGTTAGCGTTACAAATC	0
GCGGCTACCCGCCGTGTACC	0
CGGGTTTAAGCACTGAAATG	0
CCGTCGCAATGATCGACAGC	0
AATTCAAACCAAAATGATTT	0
AGAGACGTCGCATAAATTCA	0
CTCCGTAACGAACCACCTAG	0
GCGAGATACTCTACTCAGTT	0
ACAAGTTGAAACCGCAGAGC	0
ATATAATAACCGCTACGTTA	0
GGGTAAAGGGGGTTCGATAG	0
TCACGCATTAATAAGCAAAG	0
TACGTAGAAGCATACGCGGC	0
TTTGAAGCATACCAGCTCGA	0
CACGATAATATTTGAAGAGA	0
AGGTTTTGACACACAGAGTA	0
ACACCTGCTGCTCGAAATAC	0
TGAATCCGAGAACCTGGCAC	0
GTTTTTCACCGACCTAGTAC	0
TGTAAAAGATGTCGAAGAAT	0
GGTAACAAAGCCCTCTCCAC	0
CTATAACCTAACTGCCTTGA	0
CGCGCTTACCCTAAACTTCC	0
CCCTATTACCTGGTAGGATC	0
ACCACAAAGCAAAGTTGATG	0
ATGCGAAGCTTTGGCGACCA	0
ATCTTATGAGCGGCATCGAT	0
GTCTCAAACGGATAGCACCC	0
TAAGCGAAGACATGCACTAA	0
TTGTACGAATTACTTGAGAG	0
AGCATGCCGCGTAAGCACCG	0
AATACTTAGCCAAGACCCAC	0
TACAGAATATGGATGATTCG	0
TGTCTCATAATCCACTGTAC	0
ACGCACATGCCGCCTGTCTT	0
ACAAGAAACGTGGCTTAGAA	0
ACGAAGTTAAATAGGCCAGC	0
GGCACCCTTTTTAAGAATGT	0
CTATACACCACATTAAAAAG	0
TACAATCAACGTAAATCGTG	0
CTTAACCGCCCACTAATTGC	0
GATGTCCTTAGCATCCTTTT	0
CCAGGTCCACTTCGCTGGCA	0
TGCCAGATGGACCCATAGCT	0
ACGATACATATGCCTGCACG	0
TGAGTGCGGGATACGCGTAG	0
TCATGAACACCCAGCCCCAA	0
ATGGGCATGTCTTCGTTTAC	0
ACGATTCAAACGCACACTGA	0
GTGAACATACCGTATTGCAT	0
GCGACTTTTATCGTGCGTAT	0
CCCAGGTAAACGAAACATAA	0
GTCAAAGCCCAAACATGTGG	0
AAAGGAGAGTTGGCGAACAC	0
TGCGTAACCACCGCGAGTAG	0
ACGTCTCAACTTTAAATTTG	0
ATGCCTCCCGTATCAGAGAT	0
TTAAGACCAGTATCATGCGA	0
ATGGAATACCTACGTGGAAG	0
AAACATACCGCGCTCGATGC	0
TCACCTTCAATAGGCGCGTG	0
TAGGTCTAAGTGCGTACCGA	0
TGAATCTATATGGAGTCCTG	0
TTGATGAAGATGCTCAGTTA	0
GGGGAGAACTGGCCATTCAT	0
CATTCCTCTACGTCACGTCC	0
CCCGGTATTACGACCACCGA	0
AACACAAAGTCCAAGAGCAT	0
GTAGGTTTAAATTCTTGAGA	0
ACTTTGGACCGCCCCCAACA	0
AGCTTTTAGGGACCAATCAA	0
GCGTATGGTTTAGCTGCCAG	0
AGGTGAAACATAGCTATCGA	0
ATAAGTCTGACGATATATAC	0
AGAAGATCAGAATGCATCAG	0
ATCCACCCCTAAATGCATTT	0
TCGCTCTAAAACATTGGCAG	0
AAAGCAAAGAGGCACACCCT	0
TACACAATATAGATATGTTT	0
AAGACGAGTGAGAACGTGAA	0
CTGCATAACGTGAATGACGC	0
GAGACAGTAAGTTGAAGGGA	0
TAGATGACTTCCGTCTAGCT	0
CTTTGTTGGACATCCCTCCG	0
GGTTAAAAGACCACAGTAAC	0
GTCCATTCAAGAGTTGTACT	0
TTAGTCTACCCGAAGTAGCC	0
GGATGACGGCCGTTAGCCTG	0
CGAGATCGGGCAACACCCGG	0
CCCCTCAGTTTCTTAATCAA	0
CCTGTGCAAACTAACCTTTG	0
AAACACGTTAAACGCGCGCT	0
AAGTGTACTAAGCTAGTGTA	0
TTATATGGAAATAAATATAC	0
AGCGGATTGTGGACATCATA	0
TGGGCCTTACCCTATATACG	0
GAAACGATCACAAAAAACCT	0
ATGATGGGTTATGTAATGAA	0
ACCCCAATTTGCGGTTATCA	0
CCACGCACGGTCGATTAACA	0
AATAAGAGCGACTACCACCT	0
AAGTACTGTTTCCTAAATGT	0
GAAGCCAGTATCCCCTAATA	0
ATGATGGCGCCTCAAAAACA	0
GAGCGGTAGAAGTTACTTAC	0
ATTACACTATATGCAACAAT	0
TAGTTTTTCTAGGTTCTCGC	0
AAACGAGCAGTATCTTTCCA	0
TGTTGCAGAAATGACTAGGG	0
ACTGTGTGAGAAACAAATAA	0
ACGAAGTTTGAGCCGTACAG	0
ATTAGGCCTAATTGTCCGTA	0
TAACGCAACTAGAACGCAAC	0
AACCAGTTATACTTCAGACC	0
AGGTAAATGATTCATTAAAA	0
CCCATAACTTAGCCGCAGAA	0
CATAATATCAAAAATTTTCC	0
GTGATTGGACACCGAGTGCA	0
TACTGCATTACGTGTGAGAT	0
AAACCGTAAGGGATCCCGTG	0
GAGGTAACACCTGCCGCAAG	0
GTACAGGTCACCAACAACAC	0
AGCAGATAACTCGAGAACCT	0
GCGTCACCTCACTCTATGCT	0
ACAGATCCATAAGGGTGCGC	0
CCAGAGTTGCAGTCGATGTT	0
CACACATTATCGCAACACTT	0
GTGGTAATGAAACTTGACAA	0
TTCGTAGCATTTCTCTGAAC	0
TACGGAGATAAAGTATTGGG	0
CCGATTAATTGTCCCAACGC	0
AGTCAGCGATACCAAACCGG	0
TAAGAGGGCGAATGCAATCA	0
AAGATTGGGATGGGTTAGCC	0
ATTTTATGTCACTCGGATGA	0
GTCAAAATCATCAAGCATAG	0
ATTCAGCTGTGTCAAAGCTC	0
CCATGCTAAGCTGATTCTGC	0
GGACTGTACCAAAGTTTACC	0
CTGCGTGAAAGGCAGTAGAA	0
TTCCCTTTACTATCGGACCC	0
CTTCATTATTCGTCAAGCCG	0
TATGGCGACCTTGCTTGCAA	0
CGCATTAATAGAGTTCATGT	0
TTGGCAGGAAAACAATCCTT	0
CATGCTCCGCTACACGAGGG	0
CGGCTATCGCTTGTAGGGCT	0
GCGCGATCCAAGTTTTGCAG	0
AGTTGCGCGATCCACCCTTG	0
TGCTGCGTCCGAATCTTGAT	0
CAATGTTGTCCCTTTTGATA	0
ACGACAAGAAGCAAACTAGT	0
ACACACATCCACTTCCTTAA	0
TACCAAGGTTTGGAGCGCCG	0
ATAATAGTGCGAAACCTCAG	0
AAGCGAGAAAGCCTATTCCA	0
GTAAAACAGCAAATGTTACG	0
CTATAATCATCATGAGAAGA	0
TACATACAGTTATGACGTAA	0
CAGCTCCGCTAATATGAGAC	0
TTACATATTAGCGGTCGATT	0
ATCACTTTCGCGACACAAGA	0
ACCTTGAGGGAGTACATGCT	0
AGTGTTGCAGGTTGTACTAG	0
ATATGAACAAACGACAGTAA	0
CTCGAGCCCATCGTTTGCCT	0
AAGTGATTATCCCCATCTTC	0
AGTACACCGACATCGCCATT	0
GTGCACACAGCCCTAACCAA	0
ACGAGTGCCCATTCTAAAGA	0
GCGAAATTGAAATATCCTCA	0
AATGTTGGAATTTCACCACA	0
GAATTTCAGTAATAGCTAGC	0
TTCCGCTGGGGCTTAACAGT	0
TGACGGACGCGAGACCTACG	0
TTTAATCACGCTGAAGTTTG	0
ACATTAGTACTTGATAGACT	0
AACAATTTGCCGTGGCTAGG	0
CAGGCACTCGGCTTTAACAA	0
TTACGTACACGCTGCTCTAG	0
AGCTGCTTTTAAGAAACACA	0
CGCCACAGACGTGCGTGACG	0
GCTTAAGTATAGTTTACCAG	0
TGCCATACATCTCGCGCACT	0
ATGACAGGTAGTGCTATGCT	0
TGCATATAGTACAACTATAT	0
AAGCATCAACTCGGGCATAT	0
AAACCGCAGGTGTTAAATCC	0
ACCAACACGCAATCGCTAAG	0
TGGTAGAAATAGGACAATAC	0
TACCGCGCCAAATTACCGAT	0
TGGCGCTAGCACATGCTAAG	0
TTTACGTAACGCTTGAATGA	0
ACATGCACGAATAAGGGTGC	0
CATGGTGAGGAATGCTAGGT	0
AAGGCGACGTTGAGACAATT	0
CCCGCTTACGAACATTCTTG	0
CTTCCTTTGGCTAATTGAGC	0
TAACGTGAAGAGAAATATTT	0
TGTATCTGCAGCCCGGTATG	0
ACGTGGACCCTCCCCAGAAC	0
ACAAGAGTTAATTCCATGAG	0
AGTTCTTCGGTTTGTAATAA	0
GCCTAGAGGCTCAGAGACGG	0
AGTTATGTGAGTCGCGGGAT	0
TGATAATATTGAAATAAAAC	0
AGGCCAACCCTTAGAACATG	0
TAAACTTAACAAAAAACTGC	0
TGTAGAGCCTCAGCTGCGCC	0
TTGCCTGCAGGAAAGGCGAA	0
ATCGATCAGAACCGGGAACC	0
GTCAGTCGAGTGCCCAACAC	0
TAGATGTCTTAAGACGAAGT	0
AGACTCAAGTGATAACCTAG	0
AGTTAAGTGCCAACTATGTA	0
TGAGACTTCATATATCGTCA	0
CCACACCTCCAGGCCAAACC	0
TCCACTACACGTACTACTGA	0
ACAGGCGCTCGACTGACATA	0
TTTACATTTCACAATGCATT	0
CTAGAGAAAGATGTATTTTT	0
AAGTCACAAGAGTCCCGAAA	0
CTGTAGGGGATACATACCCT	0
TGGTATATCGCACAAAAGTT	0
AAGTAATACCGAAGGCTTGA	0
AAGCATGGGCGATATTCTGG	0
CGGAGGAGCAAATGGTCATG	0
GTGACAGCAAGAAGTAATTA	0
TTCCTATCGCCATACGACCA	0
ATATCTCATAAGTACGTCGG	0
TAAGTGGTAACGGGGCTAAG	0
TAGTCACGTTTTTGTAATCT	0
TCCTCCGCAAGATGAGCAAG	0
CAGATGGACTTTGAGAGATT	0
ACTATACGTAGAAGGGGGCA	0
GTCAGCCCGTATTGCAAATT	0
TCCAAGCATATATGTGGAAA	0
CCTTTCGAAGGGGGATTTAC	0
GGTTCATCGAGTGGATGAAG	0
TCACGCGTTTCATGTACCGA	0
AAATTGAGGGCGTTTATCGC	0
ATCGTAATTCGATACCTCCC	0
ATAAACAGCATTGTCTCCTT	0
AAGTCAACTTAGTGTCGACT	0
CAGATTGCCGCAAATTAAGA	0
CCCAAAGGGTTGAAAAGATG	0
AAGCGTCAGGAAACACTCGA	0
AGTAAGCACCCGGCCGAGGC	0
TCGAGCTGCAGAACTCCAGT	0
CCGTTAATTCAAATACGACG	0
AAACGTTTACAAGTTCGGTA	0
CGTTGATAGTATGCGACCAG	0
GACCACACACGCGTATTCTG	0
TTAGTGTACAATTGCTACAG	0
CTAAGCAGAAGAATCCGTAC	0
ATCTAAAAAACCCATTAATC	0
TAACCGAATAGGATATAGCC	0
GTAATAAGGCGAGTACCCAC	0
AGATTAAATATCATAGAAAA	0
GCCGAGAAAAACGGTAAACC	0
CTGTGGACTGGCTTTTGCTA	0
CCGTTCATTCTGGTGAGGAA	0
ACGAGAAATAGATCTGCTAA	0
GCTGCCAGCTACGTTATCAC	0
AATATCGACGGATCCCACTA	0
CATCGCCCTGCCACACGGGG	0
ACAACGAGGCAACACATCCA	0
AAGTGGTAGCGCGCAACCAT	0
ATGGTATTAAGATGCGCGTT	0
AACGACCACTCACATTAAGC	0
AGCCATGAAGTCACCAGAAA	0
CTGCCGGTCCGATCACCAGA	0
TAGTTAAGTAAATCAAGAGC	0
GTTTGCGTCATACCTTCGAC	0
TTTCCCCGCTAAAAATTACG	0
TAACTCAATTGACCTTCGCA	0
TAAACATCGCACGTTAGATA	0
GTGCATAAAATACTGAGGCA	0
ACTACCAGATATCCAGCTGA	0
TCTTCAACAGCGCAGCATGA	0
ATATGTTTAAATGAAAGACA	0
GCCAAAGTCATAAATGTACT	0
CACGAATTAGAGATACAATC	0
CAGAAGTAGACTCCAAGACT	0
AGAGAGTATTGCAGTTTGGT	0
AATGGAGGTTACCAAGCTTG	0
GGCAAACGGCCACAGAACCC	0
GTGAAGCAAGGCGCTATTGG	0
ATTAGTATTAGCAGGACCCA	0
GTAGATAGGCATGTTCAGAC	0
CTACTCGAATAGTTGGACCC	0
CGACTTTTCACTGCGCAGCT	0
TATGATCAGAATATTATTGC	0
TTCCAGCGTAGGCTCCCAAT	0
AAACGTACATTCGTTATGGT	0
CCAATTCTCAAACAGTAACC	0
GGCGAAGTACCCTATGGCGA	0
TATGTAAAAACAATGTTCTG	0
GGCAGAAGTGAGTTTTAACC	0
AAGCATGCGCATTCTTAAAA	0
AATAATCTCTGGACGACACC	0
CAGCAGATCTGAAGTGGGTG	0
TGGAATCTAGTGTCCGTGTA	0
GCAACACTACATGTACACCA	0
AAGCGCTGTGGCCCTAAAGG	0
TGATACGACTAATAGGAAAC	0
GGAAGTAGACTAAGTAAACG	0
ACGCAGTCTAGCACTCCCCT	0
AACGCGTATAACTATGACCT	0
AATGACCATCCAAAACGCCT	0
AGTTAAAGTTTGCTGCTATC	0
AATTAGCAGGGACATCCCTC	0
ACGTAGGTAGTTAACCTAAC	0
GCCCCCCCACCTACTAACAA	0
AGTACTTAAGGTGTGAGCAA	0
TAACAATACATTTCAGATAT	0
TCCAAAAGCAATCGCCTTTG	0
ACATACAGCAATAGTTAATG	0
TACAATGCTAATCAGACAAA	0
AAAACTGTATATGTCTGTCG	0
GTTGACACGTTTTGCATCTA	0
ATTCATCATGGAGCGCGCCA	0
CAACAACCCGCACCGAAGTC	0
CCGCACCCCCGTAAAGCGCT	0
ATGCATGGACAGTGCCGATT	0
CTATTCGGATGCCATAAAAG	0
GATCTTCCGCCAGCCACACC	0
TTACCATATATCACGCCGAG	0
GAGAACACCCGCCTTCCCAT	0
AACCCAAAGCACCGTGTAGC	0
AGCACTGCGACCCACGACCG	0
GTCAACACATGCCTTTAGTA	0
TACAGAATCCTCTATAGAAT	0
GCAAGAAATGGTGGTAGGAC	0
CCCTAGATATCCTCCCGCCT	0
GATGGAGCCAGTAGGCGTGC	0
ATCCTTCCATCCTACGTAGA	0
CTGCACGATGACCGTCCCCA	0
GCACTGATGCAATAGCCAAC	0
CTCGACGATTAGCAGTATAT	0
TGTGCGAAGTTTCAGAAGAT	0
CGATAAGGCCCCAGAGCCGA	0
GTCTTTTCTTTAATAACTAT	0
CACTGAAGCCTTATTAACTT	0
CAACTTGCACACACACGCAG	0
AGAGCGTACACTCGGGTCCA	0
TATCAAGCTATTACTGCGAC	0
ACTCAGACCACCAACCGCAA	0
GAGTGTTGCTTCATAATAAT	0
CGCCGGTGTCTAAGCGCGTT	0
ATATCAGGCGTTCCCTTATA	0
CAAGTAAAAGGATCAAGAAA	0
CCAGTACACCCAACAGGCAA	0
AGCAGAATTCAATAACATTT	0
GATACTGTTAGATCGTATGA	0
CTTGATGCGAGCTATCTTCC	0
TTAGTACTAATAGGGGATAA	0
GTGAAAAAAAGCAAGATCAG	0
CTATTGACTCTACCCTGTGA	0
AATGTTCCCCGACAGCTTAC	0
CGATCCGGTTAATCCAATAA	0
AAACGCATCAGAAAATGATA	0
TTAGATCCGCCGGATTTACA	0
ATATGCGCACAACGCTCTAC	0
CGATTTGCAATATTACGGAC	0
TGTACTCTGTCATGTAAACT	0
CCGAGTATATGCCGTACGAA	0
AATAACAGTGAAACGAGAGT	0
TGCGAACGGCTGAGTAGGGC	0
GCTTAGCGACATACCCCTAT	0
AATGAGCCTTGAATAAGATT	0
AACATGTTGAAAAACTATAG	0
GCAAGGAACCAAGCTTTTAC	0
CTCAAGAGCCACGCACGTGT	0
CGGCTAGATAGTGATGAAAG	0
CATCTCTGAACTTCTCGACC	0
GGTTGGTGTCGGAATTAAGC	0
GGGCCTCTTGCCGTGTGACC	0
ATTATACAAAAGGGTCCGCG	0
GCTGACCACCGCCACTATTA	0
CCAGTGGTTTCATAACATGT	0
CATGAGTCGCGCATTTGGAA	0
CATACTTCCACCGCACTCTC	0
AAACGATCTGGCACATGCAA	0
CGACGATTACCCAGGAGTTG	0
TACGGTAGTAACCTTCTTTC	0
CAAGAATCAATATCGATGAA	0
ATAAGTACGACGACCAAAAC	0
ATAGAGTTTCTCCACCGTCC	0
GAGGAGTAGAATTCGCCTGT	0
CTCAGCACAGCTTTGTGCTG	0
TATAAAACATCCTTGATAGA	0
AGCAAGATACAAGGGCAGGA	0
AGGCCGTCCCGACTGTTAGG	0
TTCTTGCAAAAAAACTATGG	0
CCAATAGAAAACTCAATCCT	0
ACCAATTCAGTTTATAAGGC	0
CGCTGTAACTGAACAAATTG	0
TACGAAGAGGTATACCCCGC	0
CTAACGAGAAGCGTGCAGCG	0
ATCGCCACAGTTGTCGAATG	0
AAAGAGTAATTCACGAAGGG	0
TACAGTGCCCCAGCATGATC	0
TATAAAGTGAGTGAGGGCCC	0
AGCAGTGTCTTATCATCACA	0
CTCGACGTCGTCCTTGCAGC	0
TAGGAGTACAAGATTCCTGA	0
AGGCAGCATATACGCTGAAC	0
TGAACGACAGGCCGCCAAAG	0
GAGTGAGGGAAACGTGTCTC	0
CATCCTTTACACAATACTAG	0
AACAGACTGCGTATCTCTTA	0
ACTCGCCACTCCCCTACCCT	0
ACGACTTACGGAAACACATG	0
AAAGAACTAATACGCGTCTG	0
TACCACTCAGGTCCGCACCC	0
GCAACGAAACAGCAAGTCGA	0
TCAATCGCGCCACACTGCTC	0
GGGCTGGAATTGACCCTTTT	0
AATGAAAATATCCTCTCTAG	0
ACAATAGCCACGATACTGTC	0
AACATTATCAACCACATTTG	0
AAGTAAACAACAGACCCAAC	0
ACTACCGGCACACCCGAGCC	0
CCGCACACGAACTTGTCGCA	0
AATACTTAGTCGTTGTCCTG	0
AAAAGAATCCACAACAGGTA	0
AACGCTACAATTATACAAAA	0
GGCTCGATCCTGCTCGGTCA	0
TCACACGGACAAAAAGCAAC	0
AGGCATCTGAAGCATGTCGC	0
GAAACGGACGCACCGGCCCT	0
CGGTATTACTCCGTACCTGG	0
GTCTGATCCCACAGAAATGA	0
ACGCTTTATGACTCCATCCA	0
CGGACTGCCGCTACCACGGC	0
GTATGGTTTTCAGTAAGGTC	0
ACAATTAAGGCAGACGCTCG	0
GGTACCGTTGAGGCACCAAC	0
GGGGCATAATCGTCACCATC	0
TGTAAACACGACCGTTGAAA	0
TGTGCTAGCTCACTGCGTTA	0
GGCTTGGATTGGAGGGCGCA	0
AACCCTATGAATAGCCTACA	0
ATTGAGCGACATAGCCCAAT	0
CACCTTTCCCAAACCAGGTA	0
CTTTTCTAAGTGCGCCTCGG	0
GCACTTTCTATAGGTCGGTT	0
ACGTACCCTCATATGCCAAC	0
AAGCGAAAAGTTAGGCTTGC	0
ATAATTAAATGAACTTGTGC	0
ACCGAATTGGCACGCGTGTA	0
TGTCAGATTCTATAAATGCC	0
AGCCCGACGCGATAAGCATG	0
GCCAGCTAGATGGTGCCCTA	0
AAAATTAATAATATACGCGT	0
TTACATGCGAAAAAAAGGTG	0
GCCGGACGGCCCTTGCGATG	0
TAATACCATTGTATTTACTG	0
AGCCATTAAGTGGCACTGTA	0
CAACTGAAAATTGGCGGCAG	0
CGATCCTTCCTACATTATCC	0
AATAGCGCGATTAAAAAAGC	0
AAGTGGTATAAATAATATGA	0
GTCCATAACCCTTATCTGCG	0
ATTTGCTTTGTCTTGCAAAA	0
CTGAACAATTCAGGCCAGGA	0
AGGAACCCACTGATGCAAAA	0
CAAGGACCAAGCGCTGTATC	0
TTGACTAATCATGCTGAATA	0
AAACCGCATACGTCCCGTAT	0
ATTAGTCTTGTGCTCTAAGT	0
GGGGCTGGCTTGGGAGCCTC	0
GAGCGCGGACTAACTTTGTT	0
CGAATGACGAAACTACCTTT	0
CCGCCGTGCGCCACTATAAC	0
AGTCCAAACAAAGAGTACCC	0
GGACACCTACTTTAATAACC	0
TACGGGGTGTGCCTGGCACA	0
AGGGAGTGCCCCTCTCTCAC	0
GAAGGACGTGCGGCGCAGCG	0
GATATAAGGTACAATCCTAT	0
ATTCGAGGCACGCGAGAAAG	0
TTATTTCAATTGGCGATCAC	0
TGCAGCCAAATCCCGAATAG	0
CCGAGTCCCAAATAAAGCGG	0
AGTTGTTCCATGGACAGGAT	0
ACGTGGCTGACTTTCGAGCC	0
TCTTGTTTGGAAATGTAAGC	0
TGAGAATGGTACTCGTAATC	0
TCTACGGGAAAGGTGCGCCA	0
ATATAGAATAAAGTTCGAAA	0
TCCAGGGGCATCAGGAGTCC	0
ACATATGACTCAATCGCTCG	0
TGAGAACACTTAATACGGTC	0
AAGCTATGCATAACAGAATT	0
CAAATTATTATGTGCACACG	0
ACTCAGCAATTATATTCTAC	0
ATCACATGGATGCCGACGCA	0
AAAGGCACTAAGCCACACGT	0
ATCTTGCAACTTTACAACCA	0
ATACTAAAGCCTACCATGTC	0
GATAATAATACATGTTTAAA	0
CCGTTGTCCACGCTTGCGCA	0
TGCATCACGCTCCCGACTTA	0
AAACGAGTACTATAATATTC	0
ACACATATACGTTCTCGACC	0
AACCTGGTTAATTTTGCTGG	0
AGGGGAATGTTAAAAAACAC	0
GACTTTCTGTACCAATACCC	0
ACCCCTGAACATCACCTTCG	0
AGCGAACAAAGGATAACCGC	0
CAACGCTAACAATGAACATC	0
CAATGACATTCGATTATATC	0
GACTCTAGAAGTGAAATACT	0
GAAATCAGGAAATTAGATCA	0
AGCAGAGTCCTCTCCTATCA	0
TTATCACGCGTATGAAGGGA	0
AATCAATAAATCGCTAAGTT	0
CCCCCCGTGCCAAATCAAAG	0
TCTGCTAACGTATCTTATCG	0
ACGGGTCCCATATAAGGCCC	0
CTGCAGCTACACGTGCACCC	0
ATGAACTTTTCAAGGACAAA	0
AAAAACCGACCTCCACCACC	0
GGTGTAACTCTCTGGCGCGA	0
TTTGAGGAAAGCGAGGACGT	0
AAGGGTAAATGTATTGCAAA	0
TTGTAGAAAACTAGCCCTGG	0
AGCGAAGGGGCGAAGGTTGT	0
ACGTCAGTAACCGAAACATC	0
AGCCCAATTCCATAATTAAA	0
TGATCAGAGGCAAGGCCATG	0
AAGAAGGCTGAAGGAGCAAT	0
TCCATGAGTTGGACACATTA	0
TGAGTTTAGCCAGCCCAACC	0
CCCTGCAGCGACAAAACCCG	0
GACACACAATCCATCGGAAC	0
GTTCTCCACAGGACGCCGGT	0
TTAACACCTCCATGGCATAG	0
AGAGATCATAGGGCTGACCA	0
TACCAAGGCTTTTCCGCCCG	0
TTATACCTGCCTAGAGGCTA	0
TAAGCACAAAAACCAAGTCT	0
GTTAGAGGAAGTATTTCATC	0
ATGATTGTTCGTCATAGGTC	0
TAGTATAACCTGCCCCCGTC	0
TTGTACTGCTCAAAGACTGT	0
CTTGTTCTACGCAGTAACTC	0
AGGCATACTACCCCACCCAT	0
CGTATTACGATAATGGGGTA	0
AGATAATAGATGCATCATGT	0
CGAATTGCATCCTGGGGGCC	0
CCACCAAGGATATCGCGAAA	0
TCCAATAATCACCGGTTATA	0
GCACGAAAGACCTATAGATG	0
CAGCATACGCCAGATGCCTA	0
TTAAAAACACGACAATCGCT	0
TTCATCCCATCACGAACTCC	0
AAAGTGCGTCACATGAATAG	0
ATGCTGTACCCACGACCTGT	0
ACCTGACTGGCGAGGTCTTG	0
TCGATACCGACCGCGCACAC	0
GGCCTAGTACAGTGCGGAAG	0
CTACATCCATAGCACCACAA	0
TCGTTCGCGAAACAGGTCAA	0
AGTTATCCCTTTAGTTGGGC	0
AACCTTTTGTCAATCTAGAA	0
ACGTAGTAATAAGTCGATAG	0
ATACGCGCTTAACTCAGCGT	0
CGACTAAACATGCAGAGCCC	0
AGGGACATCAAGACCCATAT	0
AGAGTTATGGGAGGTAACAA	0
CTAACCCGGTGCATTTCAAG	0
CAGTGCGTATACATCTCCTT	0
CTATACACCTTTACCACCGC	0
AAATTAGCGCAGGCTTTATG	0
TGTCAAGTTAATTTCTTGAA	0
TAAGTATTATCGCTAGGACA	0
GTAGAGATTCGCCCGACAAT	0
ACGGACCTATCGACATTACG	0
CTGTGGTAATTAGACACAAC	0
CAGGCACGTTTCAGGAGTGG	0
TGTACGGATAGCAACTGATG	0
AGTATATACGTTAGCAGCTG	0
GAGAGCTTCTTGCAGGTTCG	0
AGCGCTGATGATTAAGTGTG	0
GTATGTAACTGAGTAGCGTT	0
TGATTTTGTAATTTTGGTCT	0
CTGTGAACTACGTTAGGACG	0
ACGTACAAAACTAGCGGGAA	0
AACGTTCAGAGGAAACGCGG	0
GCAAAGTGGGGAGCCTCGAC	0
ACATGAAAACTTACCTTAGA	0
ATCGTTGAAAAATTTAAGAA	0
GCACCAATAACTGTTACGTA	0
ACACCTTGCATCGCGCGAAG	0
TCTCTAAGTCATACGCTAAA	0
GAGTACCTTCAAAAAAGCCC	0
TGCCACGCTGGCATAGGTAT	0
GTGCCCGAGACACGGAAAAC	0
GGGGCAATTGACCCTAATTC	0
AGTTAACGGACGCAGGAGTC	0
ATATAAGAAGCTTACTTGCG	0
TAGACCACTAATCATCGGAC	0
TAGGCACACTCTAACCGTAT	0
AAACGCCCTCAGAACAAGGA	0
ACCATCTGGTTCTGTGTTTC	0
AGTACCTGCATACTAATGCG	0
CTCAACCATACCACTAACTC	0
AAATAAAAAACTCCTGACTG	0
ATTTCGCAGCCCAAGATATC	0
CGGTGGTCACAAAATGATTT	0
ACTTAATGAGTCAAGTTTAA	0
TGATATTGTAGCGCTACGTA	0
TCAAACGAAGGTACAACTTA	0
GCTCCCTCAACCCCTCCCCC	0
GTTGACTCATACTATTACTG	0
ATAAAAGAATCCGCCTTTCT	0
GGAGCTCTCGTAAAGATAAG	0
CGATAATGTGCACCAAACAC	0
AAGCAACTTAGTACTAATTG	0
TATGGACACCATGTAAGTAT	0
AAACGACGAGCTCGATAAAA	0
CATATGCTATCCCGGTGGAC	0
AGTACGACCCCCCTAAATTA	0
GATGAACGCGAACGGAAACA	0
TTATCCAACGGAGCCGATGA	0
TGACCATCGACCCTAATTAA	0
TCATGTCCGCAAGGAATATG	0
ACTGATTCCCGAATACGCTC	0
AAGACCAGCATTTGGCGCTT	0
ATGGCATACTGGATCCGTCC	0
CAATCCACTCGATCGGTCAG	0
ACTAATACGCCGCACCTCTG	0
CCTTCGATTTCCACCCTCCT	0
GCTCGTGCATTGTGAAGTCT	0
CAATTTGACAAACCCACAAG	0
AGAGAATCACAAGCCAAGAT	0
AGATATCTAGGCTGATGCAA	0
CTGTTATGTTGACCGATCTG	0
GGTTGCTGAGAGTGGGTACA	0
GATATACCATGACGTTCCTA	0
GTGGCTCCTGTATGTACCTA	0
CTGAGGGACACGAGTTCCAT	0
CGTAAACTGACTGAGACGAA	0
AGAAAAACGACATTAACCTC	0
ATGCCGGGCGGCCCGGACAC	0
ACTACGGCCCCACCTGTACG	0
TTACGGCTGAGCTACCCTGG	0
GCGAATATCGAAAGTTTGGT	0
ACATACGTGATATAGGTACC	0
TCTACCCAGAATGCAGATCT	0
TACGACAGGACGAACCCAGC	0
GTCCTTACGAGTGAAGCTGC	0
ACAGCATACGATTGCAAGTC	0
AAGCGCCGCACAGTAAGCGT	0
AACCACAGAGTCTCGACCAA	0
GAAGATTTCGAAAAATAACG	0
TATTACTACAGGACTCCAAC	0
CACCAGCACCCGGGTAACGT	0
ACTGGGGGCAATCGGGTGCT	0
CACACCCGTTACTTACGACC	0
AGGTTTAGCCTATTCGGCAA	0
ATGTGAGTTCATGCCAGCTG	0
GCGAGTCTTAACTAGACCAA	0
CACAAAGTATGATATGACCC	0
TTCGCCCTGTCTCACACGTA	0
CGCCCCTATTAATGGTACCC	0
ACCGTCGGTCCCTGGATGAA	0
CGCCTAGATTGTCAAATTTT	0
GTGAAGTCATCGACGCGAGA	0
AGTGATTTATGTTGAAACAA	0
GGCTAGGACAAACTAACGGT	0
AGACTTGCAATGGCAACCAT	0
GTACCCTTACCGAGGAAAGA	0
GAGCCCTCTCAATCTAATGC	0
GAACATATGAAATGATAGGG	0
GAAAAAATGCTCAGCTGTGA	0
GATATTCTTGGTGCGCAGAA	0
TGCATAAAAAACATCGTATG	0
CATGTGTACCAATGTACACA	0
GTCCGCGCTAGGTAATAGAA	0
ACTGATCACAAAGTAACAGA	0
TGACTGTTTAGAGGAAACCG	0
TTTCGATAACCTTGCTATGA	0
CCCAATATATCCAATGTAGA	0
AGAACGTGCAAGACACATCT	0
AGTATCGACACTTCGCGATG	0
AAGAAGACTCGACAGAAAAC	0
TCTACACCAAATATACTTAC	0
CACAGCGCAGGGCCCCTGGA	0
TAATGTAACGAGGGATTGTC	0
GTTAGCAGACCTGAAATCTT	0
GGGTCTCAGACTGCAAGTTC	0
GATCCTAATAAGCATTCTCG	0
ATCGCGTCACATTAAAGCGC	0
TGCGTGCTTACCACCACCAT	0
GTAAGAAACAGGCTGATTAA	0
AAACAAGCTTACTCTGACCA	0
GTCCAGCTGATTACGAGAGT	0
AGAACAGGTTCTCAAGCGGA	0
TATATACAAGGAATAAAGAC	0
AAGACACAACGTAGATATGG	0
AGTACAACATTCAATCCGGC	0
GATAGAAGACTAACACCTTT	0
ATCCTGACCGACGAAGTATA	0
AACAGATTATGGCCGTGGGA	0
AGTATGCCCTTGGTTCACCC	0
AGCATGTACTAACGACCAAT	0
ATAAGCGCAAAAATACGCGA	0
CCAGGACACGCTACGACACC	0
CCTAGATAAGAATGTAGCAA	0
AACCAGACTCACACTGCGCT	0
CCAGACGCGTCCTTGTTTAC	0
TTATCGTTCATGGGTCCCCC	0
CTGAGGAAATGAACGACATC	0
ACTTAGCTCGTAATACCCCA	0
CAGACTAAACATAGGCTCAA	0
CTCTCTCTTGGGATTTACGC	0
GAGACTAACCACCTGGTGAT	0
TGCACTACCCTAATCTTTGG	0
CACCGCAACAAAGCTGTTAC	0
AGGGCAGCATGCCTTTGATA	0
AGGCCTTACTAAATTGCGCA	0
CTGTGCTGCGCCCTCTATCT	0
AAATGTCCATTCGGTACCCA	0
AAAAAGACTATCAGAGGCTT	0
AGCCCATACGTCGGGTATAC	0
AAACCTTCTACGCCAACCGC	0
TGGTGAGCTATACCTGACTC	0
AAAAAGCTGATTGCACGCCG	0
ACTATTTAAATTGTTTCCCA	0
CAATGATTTCGACAAACTAC	0
TACGGCACCCGGCCTATTAC	0
AGGCCTTTTAATATGCCAGT	0
CACACGACAAAACACTATCG	0
AAATGATTGCTTATACAGAC	0
TAGGGTAGTAGCTTGTGAAG	0
CGGGAATCCGTACAAATAAT	0
GATGCTGACCCCGATGAATC	0
GATGTGGCTAGTTCAGCCTT	0
AGCCTTCACTGGAGCCTCCG	0
TGAGCTCCCCTCCAAATCTC	0
GTCACCTGATAGTGCCATAG	0
CCAACCCGAGATCTGTCGAT	0
CCTCCCCTGGAGAGCTATCG	0
ACCATTGCCTCCTATTGTCG	0
CAGGCATTGAATACAAGCCG	0
GGTGAAAGGAGCAACGCTCT	0
ACCGTCTGTATCTCAAACGA	0
GCTAAATATGCGGCCAAACT	0
ACCAAGATATTCTATTCAGA	0
CCCTCGCCATAGCCAAACCC	0
TAGCCAGGCACTATTTCTCC	0
AACATATACGCAGTCAGGGA	0
AGTAAACGTACACCTACCAT	0
CTTTTAAGAAAGCCCATATG	0
GACAGATGCCCTACAGCGTA	0
AGTCAAACATGATATTCATC	0
CCAGGAGAAATAAGTACATA	0
TGTAAGAAATTTTACTACCT	0
TCATATGGCAGCCAACTGAC	0
AGACGTGTAAATGCAAACGC	0
CCCAAGGGATGCACACCGCA	0
GCACAGCATTAAACTAGTAA	0
TACAGCAGCGTTACCATCAA	0
GTGTCAGCTTAAAAGCTTGT	0
CTTGCGCGTCCTGAAACCAA	0
CCCACAATAGTACTAAAGCC	0
TTTGAATAGTCCTACGCGGA	0
ACACTCCTCTAGTCAGCATT	0
GGTACACCGCGGAGCGAATC	0
TCCATAATTCATTCAGTTGG	0
GCGACTCAACCTTCCCGGGG	0
GAATTTCTACGGCAGCTGTC	0
AAGAGCTGTCCGTGGACCCC	0
AAAATGCACAATGCGCCAGA	0
CAACAGCGTACAAAAGGAGT	0
TCCTCACGAGCCGAGTTACA	0
ACAACTTATAGTATTGCTTG	0
TCCAGCATTAACATTCGAAT	0
ACGTAACAAGAACATATTGC	0
ACCACAACTGTAGGAGGATC	0
GTGAAAGATCAGACATCTGG	0
TGATATCACGGTTCCGTAGT	0
AATGGAAAATGGATGCGTGC	0
ACGTTAAAAAAGTACCAAAG	0
ACATACCAACAAGTGCTCCA	0
TGCAACCCCGTTACCCAAAA	0
CGAATCCGGATCACTAGCAC	0
GGGCTCCTCAATGAGTCAAA	0
AGCGAAAGTTAAATGTAAGA	0
CAAACATACCGGAACCCTCT	0
CGTAAGGTGCGGAATCCCCG	0
GATTCATAAGCCGCAGAGCA	0
TCAAACTGGACACAACTGCA	0
GAGTATTTGACTTTCAAAAA	0
ATGCCCTTGATTGAGAATGC	0
ATAAGAGAATCAGAGATAAC	0
CCACGCGCCATTGTCGCGCC	0
CCATAGGGCCCACCCGATAA	0
GCTACGAGACTCAAACGGCA	0
AATGTTACCACGTGACCTAA	0
AGTACTCGAACGGTCCTGAC	0
ACGCCTTTTTTGTTTCTTGG	0
TCGTGCTCGCAAATTAACCA	0
CTTGGCAGCCACGTTCTCAA	0
GATCCGTTAAATGTAGCGAT	0
GTGCGGTATCTTTGTTAACC	0
TGCCGAACGTAGACAATGCG	0
GGTTGTGTTGCTTTGGCGCG	0
TTCGTCCCAAAGGAAGACAA	0
GTACTTCAGCTTAACCCGTG	0
CAATCATCGTAGACAAGCAC	0
TTAGAATACGTCCCGCTCGT	0
CGACTCAATATGCAGGGGTG	0
CTCTGAGGTTTTGGGAGGAT	0
CGTTTTAAGCTTGTGAAGGC	0
GCTACCACAACGCCAGGAAC	0
AAGTACAAAAACTCGTAAAT	0
TAACTATAAGGATAGAGTAA	0
TGCCCCTCAGCCTTTCTCTC	0
CACTCACTCGCACCATAGAA	0
CCCTTCCCAGGCATTGCTAA	0
GTAGGGTCATACTCGTCCCA	0
CGTGAAGACATGTATTGACC	0
GCTACGTTTCTCAGCTTTTG	0
CACCTACCAATTCGGTGACA	0
ATATGACTCGTAAACTTCCA	0
TGACATTCTACCCGAGAACG	0
ACAGTAACGATGTAGGTTTT	0
AGCAAGATGTGGCGATCTCA	0
AAACACACAGCGAGATAGCA	0
ATAACCCTCCTGAATAAAGG	0
GCGAAGACGATATTAACTAG	0
GGGCTGGGTAGTAATTTAGT	0
CGACCAAACGACAATAAGTA	0
AGGAGCCTTCCTGTAAAATA	0
CGGCCGCATTCGATTGAGTT	0
GCACCGGGACCATATCGTAG	0
TGCTACAACACCACGCCTCC	0
CTCAATCCATTCCCTGCACT	0
GAAGGTCTGGGAAGTCATGG	0
TCTTAGGAGAAACAAAGGAG	0
AGACGTAGGGTCTTTGTGAA	0
ATGTATGAGACAGCGCCTAT	0
CCATCCGTTACCGATATAAT	0
CCCAACCCCCATATACCCAT	0
TATCACTAAACCTAAACCCG	0
ATGAAGACTTATACCAATTA	0
CATAACACCCGTCAAAACGC	0
ATTTTAAAGACATTGTAACA	0
TGATAAGGCAATACCGTTCT	0
ATATACAACAAACATTAAAA	0
ACCCAGGCCACTATGTCGCG	0
GAAGAAAAGCGTGTATGACC	0
TATTACGTTATTTTGTCCCC	0
GACCTCTAATGCTCGAACAC	0
TCGAAACCCAACGCTCCTGC	0
CTTACAAACGCGGTCCGATC	0
TCCCCCGGAAGTCTCGGCTG	0
ATAGGTATTATGCATAAGCG	0
CCACAACTGATTATTGCTTG	0
TCGTCCACGGATCCGGGTAG	0
ATCGAGTACTGGTTTTCAAC	0
GCGTTAAGATCCGTGAGAAT	0
TAATCTATGATATAAATCCT	0
CGCGGCGCCTAAGTTACAGC	0
TTTACGCTAACATGAGGGGA	0
TAGCAACACACACCAGAGCA	0
TATGGACAGTTTATACTGGA	0
CTATACAGTTACGGGCGGCT	0
ACGGGTGGAAGTAAAGCGAA	0
GATAAGGTGAGCAGGAAACA	0
GCATTAAGAGACCTTGAAGA	0
GGTCCGCCTCACAACAAGCT	0
CAGCCAGACGAACAGTCCCA	0
ACGGAAATACAACTCTTATA	0
TTTCAGTCATGACCAATGCA	0
GGTAGAAGACTATACCGCCA	0
AGCTAAACTGTGTGTCGCGT	0
ATAGAGACAGATCCGCGGCT	0
TAGAGAGCTCAAGGTTATGC	0
ACGCGACGACCTATCCGGAG	0
AGAAGAGGTAAACACCAAGG	0
CAACGCCAACAGCTTACAGA	0
TATAGCTAATAGACAGATAT	0
CTACGATAAGTTTTCGTGCA	0
CCAGCACACTACTTCAGCTC	0
TGTAATCCAGCTAAAGTTGC	0
AACCACGACGACGCCTCTCA	0
ATATCATACATACGAGCCAG	0
TTGCAATAGCCGTGAGCTAA	0
AGATATATTTCTAATCAGCA	0
GTTGAGACTACGTGCTCTAG	0
GCAATGTAACCCCATTACAA	0
CGGACCGAACCGATAGCACG	0
GCAACACAATAGCCTACCCC	0
TTTCTGGCACGCAAAATAAC	0
CTCGCTGAGCACCAATCGCT	0
GGGGACTATGTTGTTACATA	0
GGAATACGGTTAAAAAATTT	0
CCTTGTACTCATAAGTTGGT	0
AAAATTGACAGAATACCCAC	0
CAGGAATTTTTCTTGCTTTC	0
AAGACACGGCGATGCACGCA	0
TAATAATACCACAAGATAAT	0
GGAAACTGCAGTCATTACAG	0
AGATATTAATCGTAGGATGG	0
ACCCTGTAACTACTGTTTTG	0
CTGATCGTTTACCTTCTATA	0
ACGCGATAAGCACCCAAGCC	0
AAGGTCGGTTTGAATGTTGG	0
TTCCTTCCACCGGGAACATA	0
AAAGCAAGCATGGCAGCAAA	0
ACATGCACTAATCTGGTGTT	0
ACGTGTCTGCCTATCTACAA	0
CTAAAAGATAGTAAAATAAT	0
AGGGGAAATACCAAGAGGGC	0
CGACTAAGAAGACATTTTCT	0
GTGTTTACTTGGGAAGACAC	0
GTGCCTACAACGCAAGAAGC	0
TGGGTGAGACCGCGTTGGAT	0
AGAATACATAACGGCCGTAC	0
GTTGCGTTTCTCAAGGTAGT	0
CACGTAGGAGAGCATATTTC	0
GTGACGAAGGGCGTAAATGG	0
GAATTCGTTGGCGTGTTCTA	0
TAGAAACAACGGATTTTAGA	0
AACTGCTTAAGTAGTCCAGG	0
GGGAGCTATGGACAGTAAGG	0
CACAGTACACGACTCCCTTC	0
AGACGTATTGTGATACAACT	0
TACTCTTGGCCCGCTTCGCG	0
TTAGGAATCCGTTGCGTAAG	0
TTTCCGCTAAAAACTTCCAT	0
ATAGCTATTCAACTGAGTAT	0
GACAAGATCATATTGCTTAG	0
CTCATGAGCCGCATATTACC	0
GATGTACCACGCATGCCAAG	0
TCTAAGCCGTCTCTACGGAC	0
CTGAGCAGAGGTGGCCTCTC	0
TGACTACCCCACGAACGCCA	0
AATAACCCCCCCAGCTGCCC	0
TACTAAAGTTCAACCAGATG	0
ACCTATCAACAATATACCTA	0
TGAACAATCGAACGGGAGCC	0
CCAAGGCAGTCCCAGTCGTC	0
GTACTCCATAAAAGTCCCGA	0
AATTGGCTGAGCCCTAAGGC	0
ACATACTCCAGAAACCAGTG	0
CATGATAACCGGAGCTAGTC	0
TAAAAAAGTACATGACCTTA	0
GAAAGACTAACTTTGTCAGT	0
GGTTGAAGTCCCCGAAATGG	0
TGACAGTATATGCAGACTAC	0
CTAGAATCACAACAACAAGA	0
GCGTACCCATGAGTAAGGGA	0
GAAGCAATCCCATCTGCAAA	0
CCACTGACGTCGCGCGCTAG	0
GTACGGGGCGAGACAGACGT	0
TGTCAGTGCACCTAATGGAC	0
AATGTGAATGTATCCCACAC	0
AAATGCGTAATGAACAGGAA	0
CATATTGAAAGCGCAACCGA	0
GGTGAAAGTCTAACACTCAG	0
ACCCTGATTTTGCGATTTTG	0
GCATGAGCAATTTAATTCGA	0
TTCGGTCTTTAAATAAACTG	0
TCGCGGGCCTTAATAAAAAG	0
CTGCGTATCATTACGTACTA	0
GACGCCTAGCCGAAGAAAGC	0
GGATCTCAACGAAAACAGGC	0
GTCTAGCTGGAAATAATAAC	0
AGAGTGCACTGTCGGTAGTG	0
TCCTAGAGCGAGGTGAAAAA	0
CCGCTAATGAATGTTACTGA	0
AACGTGGCACAGCGTGACGT	0
CCACCGCTGCCGGATTGTCG	0
GAACACTTTAAGGACCATTG	0
TAATCAAGATAAGAGTGCAC	0
AATCACAACCAAGTCTCCGC	0
CAGAGTAAAAGGGTCTCGCT	0
CTACCTTTAGAGTGTAAGTC	0
ATGCCTTCTCTGCGCTTGTA	0
ACGCTGTGGAACGTAAACCC	0
ACTTGACTCCTAAATTATTG	0
GTTAGCTCTCCGGCGGGATC	0
ATGCCATACCTGCATAGCTC	0
TCACAGATCACGGGCGACAA	0
GAGCCAAAGGCCAACCCGGC	0
GACTAGCCGGATCCATCCAT	0
TTGCACGCGATGCACTCTGA	0
GGCTTAGAAAGAAGTTGTGG	0
AGACCCTATCCACGCGCGAC	0
GGTACACCATACAGATAACC	0
ATGCGGCGATAAGTTACGTG	0
TGAATGGGCGGGCCACGATT	0
AGTCAATAACTAAGGGGTGT	0
CAACATCCTGGTGCCTTACT	0
GCTCTATGCTAGCTATCCGT	0
GGATTATGCGATATTCGAAT	0
AAACCCGAACCACTAGACAC	0
GATACACGGAGTGAGGCGTA	0
GGTAGAGGGAATTGCGCCAT	0
TGTACACTGTGATTACAAGA	0
CTCTGCCCGTTTCACCAAAG	0
AGGACCTTTACTCCACATCC	0
ATCATGTCGTGGGCACAGTG	0
CGCATTAGTTTTGAGGCAAA	0
TGATATTATACTCTTTTGCA	0
TCGTATTAAGTGAGGATTAT	0
CGAATTCTACTAACGCAGAC	0
CGTCACCCCCCGTTTCAAGT	0
GGTCAGTGTGCTGCCAAAAT	0
GTCCGTAGTCGGCCCAGCCT	0
CATAAGAGCAGGACGCTGGA	0
TACCAAATATATGGCTTACA	0
AAAAAGCAATTTTAAGAGTA	0
CCTTATGCCTCCATCAGCCC	0
AGCATATCCCATAAAAAAGT	0
GCGAGAAACAGCTTCGCTCC	0
AGAGATGGACAAGGAGATAC	0
ACGCGTGAAAGCTATATTAC	0
AAAGGCTAGAAATAGTTTCA	0
TCATACTACCTACCATCGAC	0
CACAGAGCCTGGACTTTGTT	0
TCGGAGCCTACCCATGCCAG	0
GGTATTTGTAATGCGCCCCA	0
ATACCCGTAATCGTTGCGAT	0
GTAGTTGGCCCTGATGTGCC	0
TTATATCAAAAACACTTGTG	0
GTACACGGAAAATCTGTGCC	0
AGCTGATTGTCGCACGTACA	0
ATTTTGATTCGCGGTAGTGG	0
GGTGTAAGCAATATGTTGTT	0
AATCTCTTTAACGTGCAGCC	0
ACCAATAGACTGAACGATAG	0
TGTGTTGAGACAGTTACCCA	0
TGGCATTTCCAAAACATTCC	0
GCGAGACTCAGGCTTTGACG	0
CAGATGACAAAGCAGGGACG	0
GCGGGGTTATCAAGAACACC	0
ATATATACTCAGCACGTAGC	0
TAAAATACTGTGCTGGCTTA	0
AGCAGAGAGAGTCCCCACTC	0
CACAGTTCAACGACGCGTTG	0
AACGATGTAAAATAATTGAC	0
ATCTTAGACGTAAAGCCTAC	0
ATTCGCATGAACTCATCAGC	0
GTGCATCGGCTTTGGGTATA	0
CCATGGGCCCACAATCATTC	0
GGCAGTCGGCAACACACAGG	0
TGATACAAATAGGCTTCTAC	0
ACCCTTTTAAAGCTGGGACC	0
TTAGCCAATGACGTACTCTG	0
TCATGCATCCTGCTCCCTGC	0
TCAGCAGTTAATACTAAATT	0
TAGATTGATGAACCCCAAGG	0
GAACATATGCATATATCGTA	0
TCCCATTCAACCAGACTGGC	0
ACTGCAGCAAAGAAATAGAG	0
GATCCATCCAAAGGCGCGTC	0
ATCTGATTGAAACGCGCAAA	0
AGACAGTCTGTCAGAGGACT	0
AGCCAGGGTCTAATAAGAAT	0
ATGCCTAAAAAATATATCAC	0
CGCTCTAACAGCTAGAGCAG	0
AAACGTGTGGTGGACGTTTT	0
ACGTACAAAAACACTCGCAT	0
GAGCGAGATGTTACAGTAGC	0
GATGTCCATGGGAGCGAACC	0
GTCCCGTACCCTCACAAGTC	0
CTCAATTCTGTACGTGTATT	0
AGCGCGCGTGCCCTCACCAA	0
TTTTGAGCGTTTGATCATTG	0
TCAAAACCAGCGCATGCGGC	0
AAAAATTGCGGGTCATTCAT	0
CCAGTATTATTCGATCTTCA	0
CCTGATAGAAGATACCGGAG	0
ACTTACGAGACAGCCAATCG	0
ATCATTACTACGCTTGAACC	0
GACGTGATATATAAGCGCAT	0
TATGACTATCTTTGAAGCCA	0
GCACAGATGGAACTCTTCTA	0
CTAATTTCGCTCCGATGAGC	0
CCATTTGCTTTAAAACACCC	0
AACCGTGGTCTCAGATGTCC	0
AATGGTCAGCGAAAGGCCAG	0
GTTGTCCTGCCGATTGACAC	0
AAACGCTCTACGACGGGCGG	0
AGAAATAAGGAATCTTACGA	0
CTCAGGGCCTATCCCTTACG	0
CACCGACGCCGATAGAGATC	0
AGTTGAACACGTAGTATGAA	0
TGAAAGTTAAAGAATTTCGC	0
GACAGATGTAGCCATGCAAA	0
TTCTTATGTCACCACATCGC	0
AGGGTTATTCTAATCACACT	0
TCTCCAGCACTACCTATCCG	0
TCCAAGCAGGCGCGCTCACC	0
ACCGCGACGTTGCCTTAGCC	0
CCAAGTCATTAGCCTGTGAT	0
CGAGAGCTGGCATGTTTGCA	0
AACGCTGCCCACCTGCCGCC	0
CAATAGGGTAATTAGAAAAG	0
AAGCAGAGTCGATGCTAAAG	0
ACTCCTTGTAGTAATTCACA	0
TGCATCATGACGATACTGTC	0
AGGCACCAAATGCCACCGCG	0
AGGTGATCGATATCCGGGAT	0
GTAACGCGCGTACCCTCAGC	0
GCTCTTTGTCCCCGCGCTGA	0
TCGTGTTGCCTGAATGACGT	0
CGGAATTATTATACTAGTAA	0
GTAGCTTTGAATTAATCAAC	0
ATTAGAAGGCCGCTTTCGTG	0
CGCCCGCACGCTACCCAATG	0
TCCATGGTCTGGTATTATGG	0
AGATGAGCACGCCTGCGCGC	0
TATCAATGCACGATGCCGCG	0
TGGGGCCACAATGTCACAAC	0
GTTATGAGGCCACTCTACGC	0
GTACCGGGTGAGGGCCACAT	0
CGCTTGAAGCCAACGTTGAC	0
ATACTCCGCAGGTTCATTAA	0
AGCTGAACTCTGATGGTACG	0
TGTGTATGGATACCATTTGA	0
CCGCGCATAACTATGAGGGA	0
AGGATAATCAATAGCTGCTG	0
CTAAGTACAACACCACAACA	0
GAATCAAATCGGAGCTGAGA	0
ACTAGAGGTGATATCCTACT	0
GTTGGCCTTAGATTAGTCCA	0
TACATCTACGTCACGTGCTG	0
TACAATACAAACCCCTAAAG	0
AACGACATGGCCCCCAAATA	0
ACATAAAATATAAATTCTGC	0
CAAATTTAGACAAAATTGAA	0
GCACGAAACCGACTTTAGTC	0
GTGACTACATATCCTACTCG	0
GGGGTTAATGGCGCAAAAGC	0
AGGTTCAGAAGCCAGTACGG	0
AGCTCTATACGAAGACGAAA	0
AACAACTCCAAACCTGATCC	0
ATACAAATAATCTTCCGAGT	0
CCACCCCAACTCTTAATCCC	0
CCGGGATTCGGGACACACTG	0
GTCGCAAAACCGACCCGCCT	0
CCGCCTTACTAGCCCAAAAA	0
ATACCCCTTCACATATGTCC	0
ACGCCCTCAGAAAAGTTAGC	0
ACTATTGAAGAATAATGTAG	0
AGACCAGTGCCAGAAACCCT	0
CCAAACATAAACTGTGGCCC	0
ATCAACTGTCGTTGCGGAGC	0
GAAATCTCATTCACGGCTGT	0
TGGGTTATTGTCTTTCCACG	0
AGAGTTCATTAACCCAAAGT	0
CAAACCCACCCGCCGATCAC	0
ACCAATAGGGCACAACACGT	0
GTACTCTAAGTATGCTACGA	0
TTAATGTGACTAATCAACAT	0
CACGCAACGCCGATGCCCCC	0
GAGTAATCCCTGTGCCAGAC	0
CTGCTCATTTGCCACAGACA	0
GCTTCTCCCAGCTAAGCCCA	0
GTGCGCAAGAGTACTGGATC	0
ATGTCTTGTAATTGCACCTT	0
GGATCAACGAGTCACGCACC	0
CATTTGTTCATCGTAACGAT	0
CTAACGCACATCATTGCCGC	0
TGTAAGGTAAGGCGATCGTA	0
ACGCATAAGGGTTGAACCGA	0
TGGATGATGCTACGGGAGAA	0
TGAGGAAGAATTGGTGGCGC	0
AGGTACACGTTAGACGAGAG	0
TGCATACCCTCACAGTACAA	0
ACAATTCCCTTGTACCATTA	0
CGGCCCCCACCGAATAAACT	0
GTGTATACCTAACACATAAA	0
TCGAATTTTCTACGGTGGCG	0
GACGTCCGATGCATGAACAT	0
CAGCTGGCGGATTTGGGACA	0
GCAATATGCGGGAATTGAAG	0
TAAGTAATCTATAGCTTTCA	0
TACCCCACGGTATTCCACCG	0
ACCGCGTGCCCACCATAATA	0
AAGAGCAATAATAAAAATTG	0
CACGCAGTTACAAGCAATGA	0
ACGGGCTGATCGAGGAATGA	0
AGCGCTCGCCCGGTTCAGAA	0
CCGCTCAATAGCTGACGAAG	0
TTTTGGAGATGGGTGGCTAT	0
AATATTGTGTCCGTGTCATT	0
CATCGGGCCCTATGTACCCA	0
CTAACTCAGCCATGCACCAA	0
AAATCCTCTCTCCCGGAGAG	0
CCTCCAACGAACAGCCGTGC	0
AGCGCAGTAAGGGGGGACCG	0
AGGTCAACGCTCTACTTCCC	0
ACCCAGGAAATAGTACTAGG	0
GATTTGAACCCGCGATTCCC	0
CTACGCGAATTAAAAGTGGA	0
TGCAAATTGTAGGTGTGTCA	0
TGTAATACAATAGTATAAGT	0
CCCCAATGCGAGACTGATCT	0
TCAATAGCCAGCGATTACGC	0
ATACACGACGTAGGTCGACC	0
AAGATAACGGAGGTGAACCT	0
CGTGGAATCTCGTGGCCAAT	0
AGCATGCGTAATAGCCACGA	0
CCTTTACGTTAATAGTGGTA	0
AGATTTGATGTGCTAAGCTT	0
CCATAACTAGTGGGCGATTT	0
ACCTGGAGGGTACACCACGT	0
AGAAGCATGGTGTCGCATGC	0
CACGAAACTTAAGCGTACAC	0
GCACACAATACCAGGTCGTC	0
GGATTAAGAGTCAAAGTAAG	0
CCACGCTATAGGCGAAGTGT	0
TGTACAGCTGGTGCCCCGAG	0
ACTGAGTAAGAAGGGTGGGT	0
ACAATAGTAACAATACGGCT	0
TGAATAGAACCGCATTGCAA	0
GGGTGCTTGGGACTCAAATT	0
AGATTCACGTTGTCCCAAGT	0
GGATATTGTCTGCACGGCTC	0
TATCTCAAGATCTGGAACAA	0
ACCCTCGTCTACCGCTCGCA	0
GCAGGGCTGAATTTCGCTTC	0
TTCAAGTCCTCGTAGGTCCA	0
CCTGTGGTGTGCAAACACGA	0
CTAAAGATACAAGTTGCCTG	0
CAGAAGGCCAAAATAAAGCG	0
GAAAAGAGACAACTTCACGG	0
TTTCCAAGCTTATCAAGGAA	0
ACAACATCAGCAAGCGTTGT	0
ACAGCCTGGCACACCTGGCG	0
AATCAACTGACACCCCACCT	0
ACTCCAGGACAAAGGATTTC	0
AGTGTCCCACTTCTGACGAT	0
GAACCCTGTACCTGTACCCT	0
AACGACGTTTCCCAAATTTT	0
GATACCCTACAACACAAATA	0
CACCGTTATGCTTGAATGTG	0
AAATCAAGTTGAAATGAATA	0
CAGAAACTATTCGACCACAG	0
TCAGAAACGCGAGGTTGTCC	0
GGCGATAATACCCGAGAGCT	0
ATAGAAGAATGCAGCGGGCC	0
GGTAGCGGTGTGTAATCCCA	0
ACTGCAGCCCAACAACTTTA	0
GCGCGCTCCCTCTATTAGTC	0
CTTTACGTTCCCCTGCCTGA	0
GGAACGACGCGAAATCGAAC	0
GCCACTACCACAAAAACGAA	0
ATAAAACTATGGGGAGCAGT	0
CCAAACGTCATCTTGGTCCT	0
TAAAGCCCATCTGTGGTTGC	0
TAAAACGCTGGACGTTAATC	0
ATGAAACAATAGCCCATCCA	0
TAGTACCGTAAGGTAACGCA	0
AACAATAAGACTAGTCCTCC	0
GACTCCCTCAGGGGCCCAGT	0
AATAAAAACAGACAATATGA	0
TACGCAGATTTGTTATTTGT	0
ATAATCCATTAGCTATTCCC	0
ATGGTAAATAGGATATAAGG	0
GACGAGCATGATAGAACCAC	0
GCCCCAGCGCTATGGCGCAC	0
AATAACTTACTTTGTGGTAG	0
GATAGTTCCCGAATAAATTC	0
GGATATTCAGACTAAGGATT	0
CATCAGACGTTTTCCTCAGC	0
CACAGACGCATTCAATACTT	0
GCTTATAGCTCAACTAATGA	0
GAAGATTCAAGGTTTGCGTG	0
CCGCGCTGCGTTTAGAACTG	0
CTATAGAGTAGTATCGTCAC	0
GTCAGTATCTAAGTTGAATG	0
GACCGCATGATCTGTAAACA	0
ACAACCACTTTTCAGCGCGC	0
GAAACTTATATACCCCATAC	0
TAAGTCATTGGAGCACATCC	0
AGCAAAATACAACCAATAAG	0
GAAAATGGAGAAGCTGTGGT	0
CATTCTCCACCCTTTGAATG	0
GTCCTGTACCCCGGACTGCC	0
AAGACCACATCGGTTCTAGA	0
TCTTCGCCGAAACACACATA	0
CCTAAATTGGAGTAACAGAG	0
AAAATAAATGACTTGGCGAC	0
ACATATTACCCTATAGAAAC	0
ATTCTACTACTAACTTAGCT	0
GTTATCCGCACTTAGATGTT	0
TATCGCGCGGCCAACGGACA	0
GAATGTACGCGGCTCCCGTC	0
GATGTCTTCACAAGTGCCTT	0
TCCCCAAGACGGAAAGGGAT	0
TACGAGGGGAACTCCACGGT	0
GCTGTGAATCGCCTGACCCA	0
TTGGTAATTGAATTGTGGTG	0
GGTAAATAGGCACCATACTA	0
AGGCGTTGCATATATTCATT	0
TGTTATAATACACGTTATCT	0
TTAAGCCAAACAAGTGGCCA	0
ATATGTAACAAAGGGATAAG	0
CCTGTATGAAAAGCAGCAAG	0
GTGCCACGGAGAACCAATCT	0
TCAAAACGCACTGCATGAAT	0
GCAAGTCACTTTATCTGTCA	0
TTTCTACGCAACGCGGGTAC	0
GGAGTATAAACCCCAACGAC	0
CAAAAATGCTGCCTACAAAT	0
CAACGGACGGACCATATAGC	0
AGTTTATACATTGCTCTTTA	0
ACCCTCCCAATAAATACGGC	0
ACGCAAAAGGGATAAATTAT	0
GGGAAAAATATTTAGAAATA	0
GTCACTAACGCCAATCTTAC	0
TCCAGGACCTTGTGGCTAAT	0
CAAAACCTGCCCTACAACTG	0
TGACCCACACGCAAAGGTGC	0
CCTAGTCATGAAGAGATGAA	0
GCCCTTAAACACACTACCCC	0
TAGAAGCAAACCAACAAGCT	0
GCGGGAACGGGAACTGTTTC	0
AACTAATGCACAATAGACAC	0
AACCATCGCTGTACGTTCTT	0
ACACGTCTTATGTTGTAGAG	0
CGTCCGAGTTTGTCCCCCAA	0
CTGCAGTGGGTCCACCCTCC	0
AGAGTGAGGTTCTGACTACT	0
ACTAGCTGCATTTAGCAGTG	0
ATACCCAGAGAAGATTGAAG	0
GAATTTTGTATCTAACCTAT	0
TCCCTCTACGGAGGCATACC	0
CACGCTCGTTAGGCTGTAGA	0
ACAAAAGCTATATCATAGGA	0
AATACCAGGTTCTTTTTTCA	0
CATCGGGACAGGCTTTTACC	0
AATCACATATGAGTCTTGTT	0
CTTGAAACACACTACTGTCG	0
ATTAGTAACACTCGACCAAC	0
TCCAACTCAATAATTACCCC	0
GGAAGCGAAGAGGCAGTTGA	0
GGTGTGCTGTGCGCTAGCGT	0
GTGCTTAGCGTGTCTAGTAT	0
GAAAACGCTTTAGGAAGGCC	0
CTCTTAGTACACTTAAACGC	0
AGTTGTATGCGCTAATTCTG	0
TCGTATGACCCGTACGCTAC	0
TGAAGACAATGGACGAAACC	0
GTCATGATTTTAAATGATAA	0
AGGGCAGTGGGGGCGGAGAA	0
GTTAAAATCGCTCCAGGGAA	0
AGTCCACATTCTTTAGAAAA	0
ATTGGACTACTTCGAGATGC	0
GATTCTTTATAAATAAATGC	0
GGTGACACGTACAAAAGATC	0
CGAGTGACCGCATGGCCGTT	0
CGTTACGTGTCAGTGAACTA	0
ATGAGATAAGACATGTTAAG	0
CCAACATAGAAGTCCGGAAT	0
TACACTCCGTCACATTGGTA	0
GAACGCGCCATCCAACACAG	0
GTTTGATTTGCAAAGAACTA	0
ATTGTTGTGGGGAGACCCAT	0
CCCGTATTAAGTAATAACTA	0
GCTGGAACGGTGGAAATCTT	0
ACACTGGGTTTTGGACGCGA	0
ACATATTGAAGACAATCCGT	0
TGAGACGAACTGTTTTATTG	0
GTGACCTCGTCTCTGACGAG	0
AAATATTGGTGATACATGCC	0
GTAATATATGGGGACCAAAG	0
ATCAGAAATTAAGCAACGGT	0
CAATCTTCCTAGGACAGAGA	0
ATATACGCGAGCAGATAGGA	0
ACCATCTAAATTCCACAGCA	0
TTGAAAAGATTTTGATGAGG	0
CAAGTTGTTAACAAACCGAT	0
AAAGTATAAGTAGCGACTCT	0
AGGGAGACGGTACCATGCTA	0
GGACATAAAAGAGCGAGCGC	0
GAATGAAAGTAACATTTGGT	0
TACTGGACATAATGAGCTTC	0
TTCGCCAAGCGCTTTCCCAG	0
CACCGTGTGGTTTGACCAGA	0
TACTACGGAGAATAAAACGT	0
GTTCATTCCAAACAGCGCGA	0
CTAAAGTATTCAGAGGACGG	0
GTACGACCCCAGAGTACTTG	0
ACTGCACGTAGATATGATAA	0
GCATGTGATTTAATACGGGT	0
CCAATCAAATGTCCCACAGC	0
TGAGGGAAAAAACTAAGGGC	0
TGAGGCTATATGGGAAATGG	0
GCAGCAATTAAACCAGCAAT	0
ATGGATTACCACTTACGCGC	0
TGACGTTTGAATTTAGAAAA	0
TTAACAGGTATTTTTGACGG	0
TTGTCAGCGCACCTCCACGA	0
AGCAAAGAATTCCTAGCTAA	0
TATCGGCGCGATGATCGTTG	0
GTCCCATATGAACAAGTAAT	0
ACGTAGCAAGCTCCACCACC	0
ACGATACTTATACTTCCTTC	0
ACGAACGCCACAACTCCAAG	0
GTTTAGTGGTAACAAATATG	0
CCTCAAAGAATACCTCTCCC	0
ACTTAAGGTATATGGAACAC	0
AAAAAAAATTTCTAGGCAAA	0
TAAATTTGGTCCGCGATTAT	0
GTGAATTAGCATTTGTAAGA	0
AGCCCTCAACCACACCAGAG	0
TGGTGAAGAGTCTCTTACTC	0
TATCGGGACATTGGTGATGC	0
AGAGGTGTAGGTATTCGTCC	0
ACTCTTAACAAGCTATTATA	0
CTTTTGAAACAGGACTTGTT	0
TTATGAGGGGCGTTTAACAT	0
CTGGAGAGGACATACCTGAA	0
AACCGGACCCTGCTGATTAA	0
CGTTGCCCCATCCAGGAGTT	0
GGAATGTCTAATTGGGAAGA	0
AACTGATGTCGGTGCCGTGA	0
TAGCCTCTAATCATATACGA	0
GTACAACTAGCCCATAATTT	0
CAAGGATGTCTACACCCTCT	0
ACACATAGAATGTCACAAGT	0
TGGCCATCACATTTTCAAAC	0
TGGAAACGGGACTGCTGGAC	0
ATACGGGGTGGCCGGACAGA	0
TGGCTTCGAAGTCGAAGTTA	0
ATCCCGTGAGCCCGCCCAAA	0
CACGATCACAGCATTAGGAC	0
GAGTGGAGCTTGGGGTTTTG	0
ATCAGTTTGCGCCCCGCACC	0
CTACGGAAGCACTAAAGAGC	0
TAACCTAAAGTTGTCCATTG	0
AGCCCCTCATTCCCCCATAC	0
ATCGATAGCGCATGCTAAGG	0
GAATTAAACAGGGATTAAGT	0
ATCGTGCCCATTAAGGGCAC	0
GCTCCTTAATGCGTACCCAT	0
TTTGCAGTTCGGCCCGGCTC	0
TGATAATGGAACTCACTCCT	0
CCAATCTAGATAGCCTTAAC	0
GATGTACAATCCTAACCTGA	0
TCTGGCAGATCGATTCGAAA	0
ATGTATGCTCGCCACAATTG	0
TACAAACACGCTATCCGCAC	0
CCCTGCTTTAGTGCCTTCCG	0
TGAAACTCTCAAAAGGCGCG	0
TTCCAATAATAGTGAGTGCC	0
TGATAAGCACGCCACAAGTA	0
TGATAGTGATGCAAGATTCG	0
CCGTCCACGGGAAGGCTGAC	0
GGGAAATTAACTGCTCCACC	0
TAACTATGACCGCCCTATGA	0
GCACCTCTTCACCAAAATAA	0
AGATAGACATACCACCATCG	0
ATTATTGTTATCGTGTTTAA	0
ATAAACCACCGTACACAAGG	0
TCCAGTAAGTTTTCTCCTAC	0
AATACGAAGGCAAATGCCAT	0
ACATCAAAAGTGATTATTAC	0
CACGAAGATGCGCAAGCCGC	0
TTTCCCCCCAACTAGTATCA	0
GAGACCAGTTTAGAATACTT	0
TAGGCAGTACTAACAAAAAT	0
TTCATGATAGTCTGACGCTA	0
AATCCCCTATTAACAAAAAT	0
CATTGAGACGTAAATTCCCT	0
CATCCGTAACATTCTCCCGA	0
GCAACACTAATACAATCCCC	0
GAGACCAATTGACTACTTGC	0
AGCTAGTTGTTGGGTATGAT	0
ACTCCTGAGTTCCAATTAGC	0
CATAACGATCAGTCCGCGAA	0
GACAATCGACCGCAGTAGGG	0
CACAACTTATGACCATTGTA	0
CCAGCCGAGGAAACCGACCC	0
CCGAGTACTGGACTCCCCCT	0
ATCAAGGGACGTAAAAGTTT	0
CTTGAAATTGGGGATCGAAC	0
CGAAGCTCAAACTCCTAGTG	0
GGTACTAGCAAGATGAAGCG	0
CAACGCAGAGCAGCGCAGAG	0
AGTTGAAGCGTACGCATCGA	0
ATGCGCTCCTGCCACATCCA	0
ATCTCGGGTGTGGTCAGCAT	0
TAACCTTTAGGAGTAAGGGG	0
ACAACTAAACCAGCGTTTAC	0
ACCGATACACCTCCATAGAA	0
ATAAAATCTGCAAAACACAG	0
ATAGTATGTATAGGAGAATC	0
TACTACTTGAAACGTTAGTT	0
ACTAAATCGGTCATGCGATT	0
AAAACCTCGACTGACTGAGT	0
AAAAAGCACAGGAAGGGAGT	0
GAATGAAGGATCCCACCACC	0
CGACGGTAGTGTTTTACCGT	0
CCTTTTTTTCGATACACAAT	0
GGACGAAGTCCCCCATTATT	0
CATAACCACCACCTCCCACG	0
AACGGAACTGAAAAGCAAGC	0
ATAATAAAAACTCCTTAGGC	0
GCTCGAGCCACATCGTTACC	0
AAGGATTATATTTCAATCTG	0
ATGAAATCCCTAGCCCCCCC	0
TGTTATGGGTTATAGGGACT	0
ACGGATGTAGCGTTAAGGCA	0
GCACGCTGCCTATCAATCGC	0
TTACAGCGACTTTAGACGAC	0
CTGTCATCAATATTGGAGTA	0
TTTTTTCTACGTGCCGTGAA	0
TATTACTAAACAGTGAATTA	0
CTCCTATTGACGCCCGACGC	0
CATAAGCATATGCAGAACTA	0
CACCATACCCGAGCAGTCAA	0
ATGATTGATCACGTTGACAA	0
AATCAGGGTGGAGGGAATAC	0
TTATGATGTTATTATATGAG	0
TCCACCGTCAGCAATGATAC	0
CAGTTCGAGACACTTGGTTA	0
TTTCAAGCTGGGACAGTATA	0
ATACTTGGGATAAATGAGTT	0
CTCACAGGATCACATCGAGC	0
TATCTGCTGTTTGATAAACG	0
ATCACCGCAGGAACGCAAAC	0
TACTGTAGTATGACCGCTAG	0
ATACTCACTGTCAACGATAC	0
AAGGGAAACCATGGTTGAGC	0
GAACAGTATTCTTTGCAGGC	0
AGTTTTATCTTTGAGGAGAT	0
CTTCGCCCCAATTCGGTCTT	0
ATGCACTGAAATGTTGAAGG	0
CCCACAACTACACTCGCACG	0
AACTTTAATCTGAGTGTGAT	0
AAATAGGAGACGAAGAGTTC	0
CGAACAGAGTCCTCAACGCG	0
CCCTGGAGTTCTAACACATG	0
ACAGGATTAGAACGTCTTAG	0
GCCAAAGCTTTTCTCAGTAG	0
CTCCCTCCCCAAATACAACC	0
GCTGCTGAAAAGGACAACCC	0
GTAAGAGCATGAAAAATCTT	0
CGTTATCAACCCGCAAAGGA	0
CAGTAGGGCCTAGAAACAAA	0
TAAATCGCACTCTAGGCTTG	0
GAAATTATGAGAATGAATGC	0
AAAACTGATGTACCGTTGCT	0
TTCCAGTAATAGGAGTGTGA	0
CCCTAGCAATTTAAGTACTC	0
TAAATGCTAATGGTTTTTAG	0
TTCGGGCCGTGCGCGGCGGC	0
ACCGTGTGCTCCGACCGCGC	0
TAGTAAAAGGAAAGGAAGCT	0
CAGAGCGTAAATCTGAGTAC	0
ATCCATATAATTAGTGTAAT	0
GCCCATAAGATCAACCCGTT	0
CAGAACCCCTTCCACTACTC	0
TGGTACGGTAACCCATCTAA	0
GTTCGAACAAAACTTGCCGC	0
CCGCGCAAATAGACACTAGC	0
GAGCCCCAGGTAAAACTCCC	0
ATGTTGCATCCGCCACAAGA	0
AGATGTTCACTCTAGGCTAA	0
GGGTACGTAATCAACGAGCG	0
TTGCTTAGAATACCTTAGTC	0
ATAGTCTAAAACATAATATA	0
TCCCAATCCCGCCACCCTCC	0
AACTGCCAGAAATAGGCTAG	0
ACGTAGAGTGTTAAATGCCT	0
TACACAAATACGGCCTAAGC	0
GAACGGGTCGGGCAAAGTTA	0
TCTGATATAACTGTGGCACG	0
ATAGATCATAATTCCGCGAC	0
ACGAAACGCCTAAATAAGGT	0
ATCAGACCCCAAATCGAGAT	0
ACCGCGGAACTGTTCCTCAT	0
TCCGGAGCCATTGCTCATCC	0
ATATGGAAATGTCGGTCTAT	0
ATAAAATGTAAATCTGAGCC	0
GCATATAATGCGGCCAACAA	0
GATTTATCCCCCTTTCAGTC	0
GTGAAAATGCCAACCAGCCT	0
GCACTCAAACGTAGGATCAA	0
GGGATACTGCTTCTTTCCCA	0
TTAAGATGGCTATGGATAAT	0
ACACTCAAACCCCAGGGCAT	0
GTAGTCAACATATATCTTCG	0
ATTCTTTTGCAGCCTTGTTA	0
AATGTACTTCGAAATTGTCG	0
TATCGTGTTTACGATAAGGA	0
TCCGGTAGTCTATACCAAAT	0
GCTGTTAGGACGCGCTCTTC	0
AATAGTATATTGACAAATCA	0
TTACCCTGTACCCCCATTCC	0
CTACAGCCTATTCCTGTATA	0
AAAGCACAACCTAGACCCTT	0
TAATTCGGGGAATGAATGAA	0
ACAGCGTCCACCAAGGTCGA	0
GTACAGAGCAGTAGCCTTAA	0
TCAAGTGAGATGGTTAACTC	0
CTTCAGTCTTTGAGCCCCTC	0
CGATGCTTCAAAGTTAAACT	0
TTGTAATTACACTTTAACAC	0
CTGAAGGATTTGCCACCGTC	0
ATCATCATAGCACTGGTCCC	0
ATTGGAAACAGGAGTTCAAA	0
ATCACCAGCCATAAGTATGC	0
ACCATCGAAAGCTTTTACAG	0
GTGCCGCTTTGACACCCATG	0
AGGGATAGCTCACTCCTTGC	0
ATATCCATTGACTGGACTAT	0
AATTAGCCTGGTTTTAAGCG	0
AAACAGCGGTAATCATTTTG	0
TGCATGAGCCTGCTAGGACA	0
AGCTTGAGCGGCTGTTAGAT	0
TCGATATTAGCAATGGTAAT	0
GAAGAGGCATGTCTTTAAGT	0
TGACGAATGGTCATATAAGT	0
TTATTCTAATACAAGAGAGT	0
AACGAACCTGGTCCAATCCG	0
TAAACGAGTCAAGTATTAAT	0
AGACGTAAAAAATGAGCCTG	0
TTTTTCCCCCAAAACAAGCC	0
TCCAAGATGACCACCGCAAC	0
ACCCCTCAAACAATTAGGTA	0
CAATTCGCTCGCCATTACCC	0
AACGATGTTAATACGCTCGG	0
TGAGTGCGAATCTTGTCTGT	0
ACGGTAAGATCGGGTTTGCC	0
CCATCGGGCCCCCGATGCGC	0
CAGCACAACTATGTATATAA	0
CACGCTCCCGCCCACCTACC	0
GAAGAGTATATCCGCTTGTA	0
TCAACACAGGAGTCATATAC	0
CGATGCTGGGAAGAGGTTCC	0
ACTGATGCTGGTCGCCCGCG	0
AGTATTAAAATCTGGAGTCG	0
AGCTATGACAGGAGCGGACA	0
CTCCAAATACTGAGCGAATC	0
ACGGAACAACCACTTGGTTC	0
CGTTGGAATAAGCAGCTTGT	0
ACAGTAATGCATTAATTGTT	0
CATCTAATGTTGCCCCGCAC	0
GTCGGTGTAAACGATATGAC	0
ACGATCCGGCCCGCTAACTG	0
AGGCTTCGAAATTTCCCTGA	0
GCGCAAACTCTCCGCACTCT	0
GTGAGAGCAGGAGAGAGGTC	0
GTAGAAGTCCCTCACCCAGC	0
GATGCACAATGAACATCAGC	0
ACGGAGACAGGGGCACCCGC	0
GTGCGATGCAAATGCAGGTG	0
CCTTAAGGCCCGATATGTTA	0
TATGGAAAACCGCGCCTTCT	0
TCATTTTTGAGTTGCGCAAT	0
AACTGCTGCGTGTCGGTATC	0
CCTGAATGCGCAGCGTCGTT	0
ATCCGCGGCACCAACATACC	0
TGCTTCATGAGCTTGCTGAG	0
TGATTGTGACCACGCGTCTT	0
TCAGCTTATATTGTCTCTTC	0
TAACACGGATATTAAAATGG	0
GCGTAAAAGGGCGGCGAGCC	0
TACCCGCACTAATAAATTAG	0
ACACGTGGAAGCACACGTTC	0
CACAAGCAATCGTCCGTGAT	0
TGCGGCCCGCAGGCTAGATC	0
CATAACAGTGAAGAGCCATT	0
ATTACGGATGGACCGCGCAA	0
TAAGATTGGCTGAACCTACG	0
CTTCACTCCAAAATGATTGC	0
TCTAGGCAATCCCAACCCAC	0
CTGCCACTATGGGCGAAACG	0
GACTGTGTGTTAACGCACTA	0
GTATACCTGGAGCCAGGTAA	0
ATGACTACTCACGAAAGAGA	0
GCATCAGCTGACGCAGGTAA	0
ATACGCAAAAGCAAATACGT	0
GCGATTGAAGAAACAGAAAT	0
GTTTTCTGGTGGATACCAGC	0
GTGTCCTCTGTAAACCGTAA	0
GTTGCGAAGGCTTGTGCGTA	0
TCAAACAATGCACAATGCAT	0
CCATGCAGCTTCTATTTGAA	0
GAGACCCTCACCCCCCATAC	0
GTTGCCTAACGACAGCATTC	0
CCTCGCAGTTAGCTATACGG	0
AGACATATACACTCCAAGCA	0
GCGCAATTAGTTCCACGAAC	0
TCACCACACGTATAAAAACA	0
TGGGAGCCAATACTGCTCGC	0
GCCCTCACCTAGTCCTTAGC	0
AGCAGTATAGGAGAAGCCTC	0
AAAACGCCTGCCTAACCTAT	0
GCTGGACACTACAGACAAGT	0
CAATATCCGCATATTCTTAG	0
AATAAGTCCGCATACTCAAC	0
ACCACTTTTTACAGGCCTCA	0
AATAATACATAATGGAATGA	0
AGCCGAGTAATGTCGTACCC	0
CATAAGGTAAATGGGAATTA	0
TCCCGTCGGCCGGGTGAGAC	0
GCACTCGAGGACCACTACCG	0
TCCTGGACTCACCTCTACAC	0
TGATGCACCGGCCGTAGTTC	0
CTTCTCGTCAAATACTAAAG	0
TCCGGCAATCTCCCTGAAAA	0
GGTCGTGATTACCAGAAGAC	0
AAAGATATGCCTACCCAGCT	0
AGAAGCGACCTCGCACATCT	0
CGTACAATAAATCCTAGTTA	0
TGAATACAGTAACACTGACA	0
GAGACAAACCCCCTCTCAAT	0
ACAAGTACCATACACCAAAA	0
CGACTTTCTCTCTAGCCGTA	0
AAAAGGAGACAGTCTTCATG	0
ATTCAACGATGTAGGCGATT	0
ACCGCGCCGCACTGCTGATC	0
ACTTGGCGCCCTAACCAACA	0
TCAGTTTTTTGCATGTATGC	0
CCTCCCAGTGACATTAAGGT	0
ACTTTACAAGAAGCACCTAC	0
ATTATTGCACTCCTAATACA	0
CCTCACATCAGGCAATCTTC	0
CACCCAGAATCAATGGACCG	0
AACCAAACGCGCCTGGCATG	0
AATTCCTTAAAACCAAAGCT	0
AGCATTATTACCGCCACGGC	0
CTGCGGCGAGCACCTCAAAG	0
TGTGTTACAGCCTCTCACTT	0
ACCTGCAAAAGATAAGAAAT	0
ACATAAAACAAACGCTGTAA	0
ATGGTCGTGGATCTTTACCA	0
TTCTGGCAACCGGGGTCATC	0
AACTCTTTCGTACGAGACCC	0
GGTCTCTCAGCGGATGTAAC	0
ACGGGTCTCACGCACCCAAA	0
AGAGCGTACAGCTTTGTGCC	0
AGCCTATATAGCCGCAACAT	0
TCTGTAGAATTAATCTGCCC	0
GGGGGAACGCAGGGGTTTAG	0
TATCATACGGGGACTTTACA	0
GCTATATAGATAAATGTTAC	0
ATCAAGTACTATCGGCTCAT	0
TGAGCACACCACCCGCCCGG	0
TGCAATTTCTATAAACTAAG	0
CCGGTGGACCCCACTACAAG	0
CCATGCAACCTATTGACACC	0
CGCTTTTTCCGCTGCCCCAA	0
GGGCATTTTGTTTTTTGGTG	0
TCACTAAGAGCTGCCAACAA	0
ATATACCTTCAGACGAGTTT	0
GCCATTGGCTTCGCTTAACG	0
ATCCACACTATAATGTATCA	0
GGACAGAATTGTTAGAGCTG	0
TGACAACACTCGACGAGCCG	0
AACTTCTATCGATCGTCAAT	0
CGCATAGAGAGTAACACTAC	0
CACACTAATAACACGGCGCT	0
ATTTACACGGAGAACTTGCT	0
TTATTCCTTTGTAAACAGGG	0
GCAGCTATTCGTTTCACTGA	0
ATAACTACTATAACTTCCAA	0
AGCCTGCGAAGCCCGGAAAA	0
CGTGGATAGTCAGGTACTCT	0
GCCGGATTACAAGGCACATC	0
TCACATGGAACGCCAAGCTG	0
ATCTGAGACGAACCTCCCTT	0
CGAAACATGTGTTCGTAAGG	0
GCTCAGGGAAAATGGATCGG	0
CGTAAAATCAACAAGCGCCG	0
AATAAAGCCCCCCGCACCTG	0
TCTGGTTTCATTCCCATTGT	0
AATTACTGAAAAACATAAAT	0
AATACCCCCGCCTTAAGCAG	0
TGACAGCCATATCAGTATCT	0
GATTTCAAACTCGATATAAG	0
TACTCATCAACACTGCCCTA	0
CATCATCGGGCTGCGCGCAA	0
CCACAGTCCATAGCGATGCA	0
TAGATCACGATATCGCTATT	0
ACGAATGGCCGCTAAAATCT	0
ACTCTGTTGTTAAGTGCCCT	0
CAACCACACACCGCGTATTT	0
ACACTTATCCATAAAGCTCT	0
TGGAGCAGCATCGGTCACGT	0
ACGAAGAGTTAAGATCCAAC	0
CAAAAGACACCGTCGGCCGC	0
CGCATAACTCGCAGAGCAAC	0
ACCATCTTGCAGGCATTAAC	0
CGGATCTCTACCTATGTATA	0
GCGCACCCGCATTTCCCGCC	0
GGAAGTCTCCATCTGGAGGC	0
CTGTGATTTTTTTAGGGACA	0
ATGGTGATTATCCATGAAGT	0
GAGAGTAATACGATGATAAC	0
CCGATCCTTACAAACCACTT	0
GACGTTAAGTGATTTAATAT	0
AGCTAGCTTTCTCCAGGGCA	0
GGCAACTCCACAAAGGGTAT	0
ACCGAAATTAATGAGGTTAT	0
CAGGAATACACATGTAAGAT	0
AGTTGCGTAACGGAGATTCT	0
AGCTGGGGGGCCGCCGAAGA	0
ATTGTGGACAGCTGCCGTAG	0
GAGGGACAACTCGTTAGTGC	0
TTAAAGTGACGAGGCCCGAA	0
AAACGCTCGAAAACATTGTA	0
TAAGAACACTACCAACTACG	0
AACACTAGACTTTCCACCAG	0
CGGTGTGACAGATGATTTAG	0
CTTAGCTGTATGACGCTAGA	0
CCCAGACCGTTGTAACCTTC	0
TCTACTCCTAACCTCTGAGT	0
TACGAAGAGTACTGTGAGGA	0
TTGAATTTTGATATTAATGC	0
CCCAACTTTTCTACTCATGA	0
CAGAGCACAACGGATCTACC	0
TCCTTCCTTAAACATCGACA	0
AAAAATTTACAGCCCCATCA	0
GCGCGCGGATTGCTGAACCG	0
TTCATAAGGGGTAGCTAACA	0
ACGTGAAGGGTGTCAAGACG	0
AGCTATGATCTACCCATTCC	0
TGGGAGAAGGGTCCCCCATA	0
AAGCATCCATCGGGCAGAAC	0
TAAGTGGAGATAAAGTAGAT	0
CCCACTACAGTACTTAGCCA	0
GCGGAACTCTTCGTTGGCGC	0
TAACAGAGCGCATGCAACGG	0
TTGTTATAAAGCTGGGTTTA	0
TCCACGAAATTCGCACATGC	0
AGAGAAACAATCGGGTGCAG	0
AACCCAAACACAGTCGCGTG	0
AAGTACAACATAGTTAAAGG	0
GCCAGCTTTAGATGAGGTGA	0
ATGAAAAAATACACGTAGAT	0
TAGCCTTACAATCTACGCCA	0
ATGGAACTGCTTGAACCACC	0
GCCATACGAGTCCTCCCCCC	0
GTAGAACCGCACCCAACACC	0
TATAGCGGAGCTATTTAAAA	0
AACGAAATCATGCGGCAACC	0
ATGCAACCCCATACGCCAAC	0
CCGTTAAACAAGGTACAGAA	0
AAACATCATACCAACATAGG	0
TTGAATTTAGGATCACCGTG	0
TGATATTAATGCAAATAGAC	0
GGAACTGTGCCGGCCTGGTT	0
TGAAGCGGAATACAAGGAAT	0
AACAACAAACACAACAAATG	0
TTCTAATCGTCACAGGTGGA	0
AGAAACTTATCACGAAATAC	0
ATATAAACTGCCAGCTCTAC	0
TCAGCCTGTAGCGGGCAGTG	0
TAAATGACCTCCCAAACCAA	0
TTTACCAGCAATTAGACACA	0
CCACTCTAACCCCACCAACA	0
GGCCGGATCGTTGAAGTCCG	0
ATAGAAGAAGAATGGGGGAT	0
ATGATTACTTCCATCCTCGC	0
AACACAACCATGCCCCTTCC	0
GCCACACTGTATAGCCGGCC	0
GTGACAAATTCACTTTGCTA	0
AGGGACGACCTTCCACAAAT	0
ATCTAGCCCTGTTATTATAG	0
TACTATACTGTGCAGTCCCA	0
CAACGCAACCTCTGGCAAAG	0
TATTTACCGCACCTTACCAG	0
GCCTTGGTTCTCACATTACA	0
TCACCTAACAAGTCCAGACA	0
GCCCGCCTTATCGCATCAAG	0
CACAGCCTACACGCGCTACA	0
GTCTCTGCCTGCGTTGCTCC	0
TCTGGTTGAATATTGTTAGA	0
CCCAATGAACAAGCCCAAGA	0
CAATAATACCTGTTCATTAC	0
GCTTATATGTCCAGCCTAGT	0
GCCTAACGTAATTAACGATC	0
AGGACTAATCTAGTGAGACA	0
ACATTTGACGTAAATATCCA	0
TCAAGACCGCACTCCTCTTA	0
AGATTTTTGTAGTATTGTTA	0
ATGTCGCGAAAACTGTTTAT	0
GATAACTGAGACCGAACAAG	0
ATAAAGTATTAAAATAAGCA	0
ACCCGTAATGATAGCTACAT	0
AGCCTCACAAGTACACACAA	0
GACGCGTATCAATAATTAGT	0
AATGCTGGACGCACTTAACC	0
GTACATAACTTCCCGTATGC	0
GAGCGACGGTACACACGAGC	0
TTCAATCGGGTCCATCTGCC	0
CGTCAGACTATCACGTTACC	0
ACTGAGAGCCAGACGCAGCA	0
ACCAGCTCCACCTGTTAAAT	0
TGATAACCATCCAGCTTACG	0
AATCATGCTGCGTCTGCTTA	0
AGACCCTCAGTAATATTGAA	0
GGGATCATCCTCTGTCCCTC	0
TATTAGGATGACGGCCAAGC	0
TAGAATTGTTAAAAGTAAAC	0
CGCCGCCCAGTCACGTCCCC	0
AGAAAGCTGAAATAAAGGCG	0
AGGGTCTGTCGACTTGGCCT	0
ATGAAGGGTGAGAGGGGGGT	0
TCCTAAATACACCTGGAATC	0
GGTACCATACTTTAGGAGGC	0
TTGCAGACTTAATAGTAGAT	0
CGCGGGTCACATTGCTACGC	0
AAAGTATCATAACAGTAAGC	0
CTACCATGTCCACCCCCCTC	0
GAGTAAAAATCACTTAACCA	0
GATACGTAGTAATAGATCAT	0
ACCCACGAATACTTCGCAAC	0
GGGGAAAGCCCACGCGCTTG	0
AAGGACAGTAAGATTGGTTC	0
GTGTCTTTGAATATTATACA	0
ACCACGCTCTCCACGAGGCC	0
GGGACACCATCCGACGGTCA	0
AACCAACTTAAAAGGCAAAA	0
AGTTGAAATGTCACGCGACG	0
AGCAAAGTTATAGTAGTTTG	0
AGAGGACAAGAGTGGGATGG	0
AGTTTAACATATAAGGGCGG	0
GCTCCCATACTGATGCATGA	0
CAGCCTGTGGAACTGCTAAC	0
AATTAGCTGCGAACGACGAA	0
GACTGGATCAAAATAATATA	0
TGAGATTAGGCAATCCCTGG	0
AGAAAATGAATCTATATTAG	0
TTCGTGTGACAACATTGTTG	0
TGCGTTTAGTGGAATCAGAA	0
GTATTTAGCCACATCCTCCA	0
ATCCGTGTTGAGATTTCCTT	0
TACACTAATGCACGTCCCGA	0
GCTTAAGAACGCTAGTCCCC	0
AACTTCCAACGCCGTCACCT	0
GCTACGTTGACCTCGGAGTG	0
ACTTCGTTACTTTATGCTAG	0
CGCAGTCGACCCCCGCGGGA	0
AAGGACTATGTAGAAGGTAA	0
TTATTGACTTAAGGGCGCCT	0
GCCGTGTTGATTCTCAAAAA	0
TGAATTGCAACCTGGGTTAG	0
CTACTGCACGTTTTTGCTTA	0
GTTCAAACGAATCACAACCG	0
GTTAATGGATGAGTCCAAAG	0
CACCCGTCTTCCTACTTGCC	0
ACTTTTAATGAATGAAGGTG	0
AATTCCCAGTTAAGATCACG	0
ATTATGTCGAGATTTAGCGG	0
GATTATAATTTTTGTGGCAT	0
GGAGTAGCTTGCTTCTCGAG	0
ATTTGGGAGAGAAAACCTTT	0
ACATCTTGACTGCCGGCGAT	0
CCCAACATTGTCCCCAAGAC	0
TAGAAATCGTTTCCACTGCA	0
TACCTGGCTTTGTTTCTACA	0
GATTATTAAAGCCATACTAA	0
GTTATACCCACGTTTGATAC	0
ACCTTTATTATAACCACATC	0
ACAAAGCTTACCCAATCATG	0
AGTATATTCGGCGAAGTGCA	0
TAACCTTTTCATAAAGTATA	0
GAATACAACAATAAAGCTCA	0
CCATTCCAAAATGCCGAGCA	0
TCGATTAAACGGGGACCTTG	0
ATCCCTTTTACACTGCAGTC	0
AGCATATATGGACTTGTCCC	0
GAGTCGAGAAAAATAGAAGG	0
TTCGAACAGATAAATGGTTC	0
CGTGCACTCGCAGGAGAACC	0
AAATCGACGCTGAACCCGAG	0
CAATCGGAAAAGGGGCACGG	0
ACTCTACAATGGACGCATGG	0
TGACAGTTATGTATGTACAC	0
TAACCGTAGAACCGGTGAAT	0
TAGAACGCTAAGCCGCTTTT	0
TTGTCGTGGTGAATTCGAGC	0
AACAGTACACATGAGTATAC	0
CGCTAAAGCCGGCTACGGGC	0
AGCTGAAGTTGTGTGACTTA	0
TGCTGGTATAATGGGTGACG	0
AAAGAAATGCATTTTATGCA	0
GGGAGCACACGGAACTGTTA	0
CCGGATGTGAGGAAGCAGCT	0
TCCGGTCCGCGTATACTGCG	0
CCGACCAAGCGTGAGCACGA	0
TGCAAAGTTGTTATACGGAA	0
GATTTACCAGTGCACTTTAG	0
AACTCTAATGAGGTTCCTTA	0
ATCGGAACTCACGTGAAGTT	0
GACACCACACCGTTTATGTA	0
AGCCCAGGGGGCCTGACAAA	0
CCCCAACTAAGTCTAAACTC	0
CTCTTGACATATGGATATAT	0
AGTCTCGTACTCCAGAGCCA	0
TTAACACGCTCTACACACAA	0
ACGTAATCCAACTGCCCTTT	0
CATGTCATTACATAATGCAG	0
GCGGTTCAACTATACCCCAG	0
TAATGATAGCAGCTTCGTCA	0
TATCGAGCGAATTCTTTTAA	0
CCAAAATACCGCCAGGTGTA	0
GATCAGTAGTCAGTCATTGA	0
TGACCGACAATAAGTCACTT	0
ACACAACTTAGCAATGTTAT	0
AGAGGAAGGATCCAACCCCA	0
TCGTTAGGTAATCATCCAAC	0
GACTGCTGGCGAAAATGAGT	0
TCTCTGACGACCCCGTAGCC	0
TCAGCAGATAACCATTCATT	0
GCACCGTGCAGAAACGGTGG	0
AGAAATATAGTTACCAGGAT	0
TGCAGTTGGTCGTACAACCG	0
TTACATGTCCTTTGGAAGTA	0
AAAACCCAAGACAGTATAGC	0
TTCGCCACCAACACCGAGAA	0
CCGACGACGTGTAATGATGT	0
GATTAAAACAGTTCCCCGCC	0
ACACTTTACGCACCGCCGAC	0
ACGCAGAGTTCCTTAACCCC	0
CAGATACCACCAGAGTAAGT	0
GTGTAGAGCTTTTTATGTAA	0
ACATATAAGACATTCCACGG	0
ACAACTCCTAGGCACCGAAG	0
GAACGATTTAGCAGCAACAG	0
CGATCCACCTATGTAGGCAG	0
TACCTTCCATGTAGAACCTA	0
GCCCCCGACCACTGCCCCTG	0
GTTGAAAGAATCTTCTACCC	0
ATGTAGTCAGACCTTCCGCC	0
TAGACTATCCAAACTAATTT	0
TCAACGACAAAACAAACAAC	0
AGGCGGAAGGGCCGTACCAT	0
AGGATAGAAATGAATAACGA	0
GGCCCAAGATACATCAAACC	0
CCTAAAGATACATCATGTTG	0
AAACCGTTACTTCATGGATG	0
TTCGGACGCAAGCTCACACA	0
GATAAAGAAATTTGTCGCCG	0
TGCCAGATTCACAGATATCT	0
ATTAGCTGTGCGAACTTTAA	0
TAGTTGAAATTTCGTCCAGC	0
AGGACAAACGCTCAATCTGC	0
CCGCGACTGAGCTCAGTTAG	0
CGATTAATTTAACTAACCAT	0
GTTTAACCAAAATTGTTAAA	0
AGTAACGTGCGTACTCGCCC	0
TTCCTCTCAGACATGACGAA	0
CGACCCCTTGACCAAACGGC	0
GCAGAGCCGGAACGCAATCC	0
TCACACACTAGAGTCGAAAG	0
TGTCTAGCGATTTGCTTACG	0
CGCCTGGTGCCTCGAAAATT	0
TGCTCTTGTTCAGATGTACA	0
AAGGTAACTACAGAATTCAA	0
AAAAAGTTGCAAGCATAATG	0
CATTGTAGTACATTGTACCT	0
ACCTGCCAGATATAATAACG	0
ATCGAAGCCCCCGTCATTAC	0
TCCTCCTAATACTTTAAGCA	0
TACTTATCAGAAACATCCAG	0
CATCTGAAATTTGCAAGAGC	0
AATAGGCATCGATATTGAAG	0
CCAAACACTCCATCTACTAG	0
ATATCTTAGATGACTACGCG	0
ACTACCAGGTGCCGGCGCGT	0
TGTAATCTCCCATCCATGGT	0
TAAAGCTCATCAGTTCGGTG	0
TAACATTCAAACCTGAGCCT	0
ACTGAGGTTGCAATAATCGC	0
GCGTCATAGTCATGTGCCCA	0
TACCGCTATGCTGACAAGTC	0
ACCGTATATATTACGGGCAC	0
GCGGCAATCCGTTACGTCCT	0
TCGGCATCAACATAGGAACT	0
ACGGTAATACAACCTCACGC	0
TCCGTACTTGTCATCCTCGC	0
GTGTTCAACCCCATTCGACC	0
CTCCCCCCCCTCATGATCGG	0
CACGTCCTATGTTACTCAAG	0
AATGACAGAAAATGGAAATA	0
CATTTAGTCAGTTCCACGGA	0
CTGTAACGCCAGATCAAATT	0
CATTATGGTGCTCATCCAAA	0
TGAGCCGCTAACCTAGACCT	0
GCGCCATGATGCCTCTTGCC	0
AAAGTTAGGGCGCCACATAT	0
AAGGCCGGGTACAGTAACCG	0
GCACCGGGCATGCTACTCTT	0
TTGAATTCATTCTACTTACG	0
ACGGAACGAACCCTGCATCT	0
ATGTGGAATGCTGCAGAACG	0
TAGGACGTGAGTGCAGACCC	0
TCCGCTTTTTAAGAGATCGA	0
AGTATATTGATCCTTGTATA	0
TCCGCATATCCCATGAGAAG	0
AACGCTCACCTAACCATTTA	0
AAAAGCATCACCCTTACTTT	0
AGTCAGGGAGAGGCTAGGAA	0
GGATATGAATACCACGCGAG	0
ACGGGCGGTCATACTATCCA	0
GCGCGTGAATGTTCCGGCCA	0
CACGGGCTATAACATATTGT	0
GGGCGTGGCTACTCAACTCA	0
GCCTCCACCCGCACACGTCA	0
GCCGTGGATTTTAAATGTAA	0
TGTCGAGATTCCTTCCAAAT	0
TGACATTATCCACTATAGAT	0
GGAATTCCTGCCCGTAACGT	0
AATACCAATACCGATTATAC	0
AGCTGTGTGCAATAAAGTTG	0
CGGTCCGCGCTCTCCTTAGC	0
GGATATGACCGGGTTAGTAT	0
AGTAGAGTACAAGATTCATA	0
ACAAGCCACTTCTCACCCGC	0
ACTTCGATTTACTGTTATAA	0
CTTCAGATGTCGATGAAATG	0
TATGTGTACCTGAAGCATAA	0
GGAGCGGGTCAAGCCTGGAG	0
ATGGAAAATCTCACATGACG	0
ATTTATGCTCATATAAGTTT	0
GACATTCGACCAGCCAACCC	0
TTTTTAACGATTTATTAGCG	0
TGACGACTAATAAATTGCGT	0
CATCTGACTGAAAAATCAGA	0
GATTCTGTACTCAGTTGAGC	0
ATGTGGCTCCTGTAAAAGTA	0
TACGAGAGCCAAGTAACAAC	0
AAAGTGTCACAGCACCTAAC	0
ACCAGACGGACACGAGACCC	0
CGAGGGGAAATGCACACGCG	0
TGAGTTTGCCCTGACCGAAG	0
AGGGAAAAGGACAAGTGGCT	0
GGATGTGACGTATCGAATGG	0
GTTGTCTTGATTTCGAAGGA	0
GCGATGTTTTGAAAGTGAGG	0
CAACTTGCCAGCGTTAAGTG	0
CTCCCCCTCAACAATCCCTC	0
TACACAAGAACACAGTATAA	0
TACTAAACCACCAATGTAAG	0
AGCGAAACACCGTGCCCAAA	0
TACCACTAGAGCTCGAGCGT	0
TGCCCCTGACCGTAGCCGAC	0
CGTATTGATTGAATCTTACA	0
GCTTATGCGCAAAATAAATG	0
GAGTCGTGAGAATTTGTGAG	0
TTTATCATCGCCCACTATCG	0
ACCCTTGCACCAAGGACCTA	0
TCTTGAGACCCCGCAGGAGT	0
TGCCGTCCGAGAATGATTTA	0
ACTCTGCACACTGCAACCAA	0
GCTTTCAATAAAAATGCGCG	0
TACGTTTACTCCTGCTTTTA	0
TCCCGCCATGCCGGATTCGG	0
CCATATCGCATGTTTCGTAG	0
GCGGTCGGAAAGCGCCACGC	0
AACAATAATAGCAGGGCAAA	0
ATGCGGCCCCGTCTCCTGAT	0
TTAAAAAAATTGCTATTATA	0
CACTTCGAAACTCTGGGGAC	0
TATAGTTCTATCACTGCATT	0
ACCCAGCAGGGTCCGCCAGG	0
ATTACCGTTTGCGTAACGCT	0
TTATGCGATGACAATCTAGT	0
ACGGGGCAATAATACGAAAT	0
AAGCCGGAGTTCCAATATAG	0
TCCGGTATAATACACAAAAA	0
CCAGACAGTGTATATTGCCT	0
TGAGATGTCACTGGTACAAA	0
GGGAAAGCGCACTGCACCAA	0
CGCAACCAATGGAACGGGTA	0
TGACACATAATGAAGGCAAG	0
TACAGTCCTCTAATATTTAC	0
GACGGGCTCACAAAACAAGC	0
TCGCGCTCCAGGCCCCCACA	0
ACCTCAGGTTACTAAATAGC	0
CTGCTATCTGCACGTCGGTA	0
TGACTAGCGTAACAGCCTTC	0
CTGCTATACGTACATGTCCG	0
GCGCAGGCGAAAACTAAGCA	0
TGAAGTGAAAGCCGAAACAC	0
ACATAGAAAATACATTAATT	0
ATCCATTTTATTGCGCGCCA	0
AGATGCACTTAACTCACACT	0
GTAGAAACGCTATGATGGAC	0
ACGCATCTATTACCCTTGAC	0
TGTTATATAAGGTATTAAAT	0
CAGAAAGAGTCTTCCTAGAT	0
ACAAGCTTCATAGATGCTAA	0
TGATTGAGGTACAAAGAGGT	0
TCATAATTGACGGCTTAGCC	0
GCGTATCCGCTTGCGCTACA	0
TTCGACTGAATGATATTTCA	0
TCATAACCGAGGCTTGTTGA	0
ATATTACCGTGTCCTTCTCC	0
ATCAGTATGCTTCTAAGCTT	0
GATAACTAGGTTACAGGGAA	0
CTCGTTGGCGGATCTATAAC	0
ACACTTGCGCCCCAGTTGAC	0
CGATCCGATTAACGAAGAAT	0
CCCTCGTCACTGACCAAATA	0
GTAGAGTTATACAGAAGAAA	0
GACGCACAATCAAGACTTGA	0
GCCCCCCCGATTCACAAAAC	0
AAACTGAAATGCGATTAAGT	0
AGCGGGGTGTGTCTAGACAC	0
AAGAGGTGGGTGAATTCAAG	0
AACTTTTTGTACTTGAAACA	0
AAATCCTTTCAAATACCAAA	0
AACCGGGCTCAAGCCGAACC	0
AACCGCATCATGTATGGTTT	0
TCCGGACGCAGAAAACCCGG	0
ACGTGAACGAGAGCATTGTC	0
ATACGGGGGTAGAAAGACAG	0
GCGATATAGCGCATGTCCTG	0
TGCATGTATGTTTCACCCTA	0
CGCGAAGCACTCAAAAGATA	0
CACTTCAACCCCATCAAAGC	0
GCGATTGGACAGCACATGCG	0
AGTAAATAATCTTTTACTGA	0
ATGACGCGTTGTTACGTAAT	0
ATCCTGGAAAAACTGCAGCG	0
CGTGCTACCCCCACCTGTTG	0
AACAGACAGCATTCCGCTTC	0
ATGGGTGTGCGTTCTCCCAT	0
ATAGCCAAAATCCCCTGTAA	0
AATGCATCTACTGCACCGCT	0
CGCCCTCTCACACGTCCGAT	0
GAACAAATAAACTACCGTAA	0
CCCAAAACCACCCTCAGAAC	0
GTCTGGTTATCAAACGACAA	0
TATATGGAGAAGCTTAGGGT	0
AACATAAGTTAAGGAGAATT	0
GAGTCCTTTTATTGTCTACC	0
AGCATCACATGGTTCTGGTC	0
ATGGGAGTAATTTGCCTACA	0
ATAAAGCTTGCATCTACGAC	0
CATACCTCTCATGCTACTCG	0
CTCAACGAATAACGATGCGA	0
CCAACGAAGTTATAAAGAAC	0
CAGAACCGTGTGACGCTACA	0
GGTAATGGAGGATTGTGAGA	0
CCGCCACACTGCGACGATTC	0
GGGTGTGTGTAGACGAATCT	0
GAATATCCAACCTCGCGGGT	0
GGGTGGGACCGGTAAGCTAA	0
TAGGGAAGTTGGATTCCGAG	0
ACATGAATTACAAGGGCGTT	0
AGTAAAAGACCAGGAGTTCC	0
CCGGCACTAAGATCAATAAG	0
ACGCAGATATTTAACGAACA	0
AAAAATTGTTCGCGCTCCGC	0
TAGCCGGAAAGTAACGCATG	0
ACTAGGCACTCATGCTTAAA	0
GCGCTATACGCTCTGAGACC	0
CCACTCCCTTAATGCCAAAA	0
GGTCAGCGCGTGTTGTGTAC	0
AAGTCTGATACAGTTCCGTA	0
TGAGAAGAAAAGCAAGGAAC	0
GAAGCAACGTAGACCTATCC	0
CATGGAGCCACACGGTATGT	0
CGAAAATAACAGGAAAACCC	0
ATAGGTGCAGATCAAGAAGT	0
AGGACGAATGTTGGCAACGT	0
CACTAATTCAGAACCTTCGT	0
GCATACCAGGTTTCGCTCAA	0
TTCTCGGTAAATTGAGATAC	0
ATAGGTGCCGCCCAGCTGTT	0
CATAATTGCTTCCAGAATTC	0
GTGTCCGGATATATAACAAC	0
AAAACGAAACCGAGTCCGTT	0
ATGCAAACAAATAGTGGTAA	0
TGGTTGTGGTCACAGATGGG	0
TGCATTGATCACTAGGTTAA	0
CCTGTAGGTTATTTCCTAGT	0
ACCAAAATTGGAGGAAACCA	0
AGCACAAACATGCGCATGTC	0
GCGGCTCGTGAATTTTAATC	0
ACACATTACCTAGGTAATAC	0
TTAACATCTCCAGACAACAG	0
CGAATGACACGTGAATGTAC	0
CTACCGTGAACCAAATACAA	0
GCGTTCGTAAACGAAACCAG	0
GGTGTTAGAGCACTGAGGCA	0
ATTAGCCGTATCGACGACGT	0
CCCCGGCTGTCTTTAACTCC	0
ACCGAGAGAACATTAATAAT	0
AGTGTATTACTTAGGAACTA	0
ATAAAGCACGACGTGTGGTG	0
CGACCTGGCGTAAGCGAGAA	0
CGTCCGGAAAGGATATAAGC	0
AAGGATTACGAGCGTTGACT	0
CAAAGAATCTTCGAGCATGA	0
CGAAGCATCTTAAACGAAGG	0
TTGAATTGGGGCAGTAAAAT	0
AATTGCCTAGAAGGAAGTTC	0
AAACCTGTTTCTTGAATTGT	0
CTACACCGTGGCAACAAGAT	0
AACAGAAGCATTCAAATGTA	0
GCCGCATGCTGTCCTCAGTC	0
GGAGTAGGTAGGTCTACGCA	0
ATGTTCGGATATACAATATA	0
CTATGTAGTATTCCCTGTTT	0
AGGGAGGTATGCACAATTGG	0
TCAAACAAGGAACCACTTCG	0
AATTGTGACTCGATTTTTCT	0
CTATTTTAACCTAGTACTCT	0
TTTATGACAATGATCTTGCG	0
TTATCAGTGATTGTTTAGCC	0
ACAACGGGACCATGATGCAT	0
GTACAAAAGAATAAAATTAG	0
ACACCCCTCAAAGCCATCCT	0
TCCTACCAATTTCGATTATG	0
TTCCTCTTTACGACACTCAC	0
TAGTCAGAAGTCCAAATCGC	0
AGATCGCACACCAGAGCAAT	0
ACACTTTCAATTCAGGCGTG	0
ATACGTGTGATTAAGATGAC	0
CAAACTGGAAAAAGAGAACG	0
GTAGCCTCCCATTGCGCTGC	0
GAATCCCCAACTCCTTAGGA	0
GACCTTTAGAATCCTCGGAT	0
AATTAAGACGTATACGTAAA	0
AAGTTCAAACTGAGAAAAAC	0
GGCAATCTTGAAAAACTGGC	0
CGCGTGCTGAACAATGAAGC	0
ACAGTCCCATTAAGCGGTTG	0
CGAAATAAATAAATCTTTTT	0
AACACACGAGGCCCAAAAAC	0
AGTTCCCGGCTCTAATTTAC	0
CAAGCTTCTGTCGAGTCACC	0
CACTCCTAGAATCTCACCCC	0
TCGACCCCGCCCGTCTAATA	0
CTGTGGTTCCACCACTATCA	0
AAATATAAATTACGTTCCAA	0
AACGCATTAGGTAAAAAAGA	0
ACAGCTTGCAAAAAACGAGG	0
GCCTTACCCACACTCAGCAT	0
TGGCATTATCTATGGACTGG	0
ATGTGCGCGATAGAAACAAT	0
GAGATAACAGGCATGCGTTG	0
AGATACTGAAAAACGTTGTT	0
TGTTCCTCGGGGTCACAACT	0
ATGGCAATGACTATAAAACC	0
AAATGTAGTTTAATAACAGT	0
AAGTTTAGACGACATCCACC	0
ATGATAAAGAGCGAGTTAGT	0
AGGGGCTGTGATCCTTAGGC	0
TATGCTTCGAGGAATTTGTT	0
AGAAGGCTGACACTTATCAT	0
ACATAGAAGAACTATCTGGA	0
CGGTTTCTCCGAGATGTAAG	0
AAATTCAATTCTATATGTAC	0
GCAGACTCCCCAGGAAGGTG	0
CAGAATCTCTTACATGCAAT	0
GTGCGACGCCGTGCACGGAT	0
CAAGTGACGCATTCCACCAC	0
ACACTCAAAAACTCACTAAA	0
CTGTCGTATCGGATGCTCCA	0
CAAACTGGCCGCTTGAGTGG	0
ACTGACGCCCGGCTGCCACC	0
TGGACCGGTGAATACAAACC	0
CCCACGGGGTGGGACCTATG	0
GTGAGAACATTATTGAGCTT	0
CCATATGCAGAGCATCTGCA	0
CCAAAGGAACTTGTGGGTTC	0
AATAGTGACCGAAGTCAGAA	0
TAAATCAAAACATATGGAGG	0
ACTCCTGGCTTACAAACAAG	0
CAAGCCCACCACACACATAA	0
AACGGTATAATAATTGGACA	0
TACTTGTCTATACTCTGCAT	0
CTGAAATGAGGGGAAATCAT	0
TAACATGTGGTCCATGAGGA	0
TTCTGAAGATAAGGTCAAAG	0
TATTATCGAAGAAATTGCGT	0
CCCCCTCCAAATAAGAACCT	0
CCGGATAGTCGCCAATGGCT	0
CTACAGCTAAAGTAATGCAA	0
GAATTAGAAACGTTCGCCCT	0
GCATCGAATGTCGGCCAGAA	0
GATCCTACAAGGTGCGAATA	0
GGTCATAAGTTACACCAATG	0
CTGAACCATTTGCCTCCCAT	0
ATTTATTAGTAAAACGAGCA	0
TCCGGCGGAATAAATAAGAA	0
GGGCGCTCCAATTTACCAAC	0
CTCTGCTAACATCATGAAAA	0
GAGAGTGAAATTCGCACAGC	0
ATATTTTGAAATACCAACAG	0
ACAGCGAACTGACTGTACAC	0
TCGAGAAGAAAATTAAGTTT	0
TCCCTGTAACGTTTCGCAGA	0
TATTTAGCCTGATGGACAGT	0
ACAGAGTTCAGAGTACGCAC	0
CGATTCAAAGGATAACACAG	0
TGCACAAAAAATAGATCTTG	0
TTTGATCGACGTGACAAGGG	0
CTCATGCGTAATCACCGCTT	0
ACCAGAGTAGTTCTCGTAGC	0
ACACATGCTTTGGCAAACAA	0
AAGAGATTTATACAGAACAC	0
CAGATTACCCTAAAACAAAG	0
GTTTCAGGATCACACACAAA	0
GGCATCCGCCAAGATTTTTG	0
TACTGCGCAACGTCTGGCTT	0
AATATAAAGCCGTCCTAATA	0
GAACTGGTACTAATCGCTGG	0
TGAGACCATACAAAAACCAC	0
ACAGGCCCCTGCGCCGGGCC	0
TGCATTGTAAGGAGCTCCAA	0
CTCCCATAAATCCCGTGCCC	0
GAATATGGCGGAAGACGAGC	0
CCAGCTTGGAGCGTTACCTG	0
GATTCACGTGCAGTTACGGT	0
ATCTTACCCTCTGCATAGCT	0
TAATACGCAGTAGTTGGGTA	0
ACTGAAACCCGATCAGCGGC	0
TGGAGAAAATGCAGCTGGAA	0
ACAGACCATATTCATCCAAT	0
CAATTTCTCAAACCCCTGCG	0
TGACCCATAGCAATGTTGTA	0
GTCTGAATCGATGTGCGGGT	0
TACAAATAAATTACTAAGGA	0
AGTTATCAATATAGAGCCGC	0
GCACACATGCAAGATGTACA	0
GTATTAATCCAATACCAGCC	0
AGACACAAGGGCATATGGGA	0
AAGTACCCAGTACGGCGCGA	0
CAGGGGCTCCCGCTCTAAAC	0
GCTAATGATTCTACAGCCTC	0
CGGAGGGGAGTAGAAGGCGC	0
GCACGCAACTCCCCCAGCCA	0
GCGTATAGTACTTTAGACAA	0
CCCACGCTGGGTCGTCTGAG	0
CGTACGTCACCACAAATCGA	0
CTAAGCGAAGCTCTATTGTC	0
TTAGGGGAATTGTTCAATAC	0
CACTAAGCACCTTGTAATCA	0
GTTATGCTACGCCTTAGTAC	0
CAAAGAGTAAGTCCTTAACT	0
ACGGTACATATTGCGATTAA	0
CGGAGGTGTAATGGGGTCCA	0
TTACTAACATAAACATACCA	0
GAACTTCTCGTGAGGACACC	0
TCGAAACGCATACCGACTAT	0
CAAGTGGAACTGGTTCCACA	0
CAGCACGCGCTGGTCTGAGC	0
TAACGTTCACCAAGACAGTT	0
AAAGAGTACGCACTAATCCA	0
TACGGGGAAAAAAGGCAATC	0
TATCAAAATATTGGGCTGAT	0
GTGGGGAGGACTCAGTTGGT	0
CACGAGTAACGGAAAGTGAA	0
AAAATCACCACTAACTCCCC	0
AGCTAGTGGTTACACACAAC	0
CAAAGCAGGCACGTATCCCG	0
AAATATGAATGCCCTCTGCT	0
CAAGATGCCGCCTATTGCAG	0
GAGTAAGTCCGCGCTCTTCG	0
ACAGCGCCGCATAGCCCACT	0
CCTTAGTTTGGAGAATCATC	0
AGTCACTCTGATTGTCTCCT	0
TGGTTGCAAAGGGCGAGTTC	0
AAAAGCACGCCAGTTCCTAC	0
GTAGAACGTGCCTACCTTAA	0
CTTGTAAGTGACATTTATAA	0
GAACGCGACTTCATACTCCA	0
GACAGGGGTATAGAAGACAG	0
TTCGCGGATATAAAAACAGC	0
AAAGCTGCGGATGCAAAACG	0
TGCAAAATACACAAAAACAG	0
ACTTCATACGTTAAACAAGT	0
GGACAGATGTACAGGCTAAA	0
CGACACACATTGCAGGGAAT	0
AGCAACCCTGCTTATTATGC	0
CACCAACAATATTTTAAAAT	0
CGATCGGCCTATGTAGAATG	0
AAACTGAATAAGCGACGCTG	0
TTTCAAATTGCCGATAATTA	0
TAAACTCGAGCCCCGGCGTT	0
AAGAATACCTCTCGAATTCC	0
GTTCCCGCGTGCTTGAGACG	0
CTTGCGCACAATGTGAAACT	0
ATCATGCTGGAACCTAAAGG	0
AACGCAGCGTTGTACCCACC	0
ATGCCCCCCATTAATCGTAA	0
TGCTAGTTCTCACTGTTTAC	0
TTTCGGGAGATCATTAAGGT	0
AGCGAATCCTTGCAGATCCT	0
CTAAGTGTGGGTCATCGAAT	0
AATTAGGCGCGATATTCCCA	0
AATGCTAAACATTGAAAATA	0
CGTATAATCATGAGAAAAGG	0
TGGCACGCACACACCCCCGG	0
CATATCTGTAGTGTGCATAA	0
AAGGAGACCATTATGCTTTT	0
AAATTTGCACCATTTTCTTC	0
CCACGCTTCAGATGCGAGCC	0
AAGCAGTGAGAGGCATTTAA	0
GAGACCAGTGAAGACACTAC	0
TATGGAGATGATCTTTGCTA	0
ACAAACGGGAATATGCTACA	0
TATAGCGCGAATTACAATTT	0
TCGTGCCACATTGTCAATCA	0
GATACACTATAAATCGCGCC	0
CTGAAATAAGCGATAGTCTT	0
GCAATATCATCATACGCACT	0
CTATATGACCATTACTTCAC	0
GTCGCAGGGCTATGAAGGAT	0
GAACAAGAATTTATCCCATC	0
GTTTGTTCCAATTGAATGCG	0
CGTGTACAACATAGTTTCAA	0
TCATGACAAAGAGTCAGACA	0
GCCTCGAAAACCACGAGCAT	0
CTCTTATTTGCATGTATAAA	0
GTAAACCAAGCCCCACCGGC	0
AGGCATTTAACTAAAACGGA	0
GAGGAGTTAATCGCGAAGGC	0
CGAACCATAAACGATTGGGG	0
GTACTGTAAGAACTGCAGAC	0
GTGACAAACAGCAGGGACGT	0
GTCCCTAACAAATGGAGACT	0
GGCCGAATAATGAGCAAAGC	0
ACTTACGAGGTAATCCGATC	0
AGTGTCCCTACGCGACCAAC	0
CTACGATATCTTTAATATAC	0
TGGCCAATTATACTGGTAAT	0
CTTCCAAGATTGTTATATGT	0
CTCACACACTGCGGTAAGAA	0
TTATAACCAATCAATGACAC	0
CCAATTCATGGCCTCACTTG	0
CCAAACCCTTGCAATACTTC	0
CAACGGTTCAGAAACGAGCA	0
TACTTGGCGCACGCTTCGAT	0
AAGAATTACCAAGGGAATAT	0
TAACACCGAAATTACACCTA	0
CTTGTACGTGTACGAGGCTT	0
AAAACAGATATCAACAACAT	0
AACTCGGTCAGATTGGTGGT	0
AATAAAGTTGAACTTAATAG	0
AAAACCGTTAATTGACCTTC	0
AGCCAGCGGCTTGGGCTGAA	0
TTTGACATTAAAAAATGGTC	0
CACGATGCCATACAACAAGC	0
GCCACTTTATTAACGTGGAA	0
CAATCTAAACTGTGTTTAAG	0
AGTAAACATACGCTCATCCC	0
ATGCTATTAAAGTCTAATCC	0
AAAACGATAATTTCCACATC	0
GGCTGGAAGGGGTAGTAAGA	0
TCCAATTAGAAAAGCAATTC	0
AGTATTATTTATATTAGGAC	0
TTCTGCATATCCATAAACCA	0
AGAGTGTGTTGCGCGTCTTG	0
AACCTCGATGAACATCGCGT	0
CGCAGCTCAGCTAGCCCAAC	0
ATGTCGTAGATATAAGGACT	0
TGGTTTGGTGAACAAGCTGT	0
ATGAGATTGGAAAGCTCATC	0
AAGAAAGACCTAGATGTATG	0
TCTCTCCTCAAAGAACTCTG	0
CATTCCGATACGCACGAAAC	0
GATCAGATCCATCCCAATTG	0
TAATCAGCGCCGTCAAGATT	0
TCAGATTTTTAACCCGCAAA	0
GTCGTTCAAATTGCGCATAC	0
ACCACTTTGTGACAGCTATT	0
TCAACGTTTATCCCATAAAG	0
GTAAGGTCCAGCGGGCTACG	0
AACAGCCGCTTATAAGGCGC	0
TTAAGACATGGTGAGTTGAA	0
AACCGCCTTCAAAAGAGGGG	0
AACCAAATTACAGAGATAGC	0
GACATAGATACGTGCTAACC	0
TCTTAAGTTTCTGGGCGTAT	0
CAGTTACCCGCCCGCTTCAT	0
ACGGTGCACAATGCCACAGA	0
GAGCAGGTCAACCCACGTAA	0
TACGTCGAAACTATGCTCTG	0
GGACTCTCGTCACGTGTCCT	0
AAACCCAGTGCATGTATAAA	0
GTTGACACAGGCCACACCTA	0
CGCAGAGGGTTTACGAGTGT	0
ACGTACAGCATCATATAATC	0
CAATTCAGTCGAACGGCATG	0
ATGGACCTCCAGCGACCACA	0
AACCGATCCTGCTTCATCCC	0
AACCGAACCGCAACCAACAA	0
CATGTGGCATGCAAGCTTAG	0
CCGGAGCTAACCGCCGTATA	0
TAGGAAGGATGATACAATGA	0
GCGAAAAGTTGATATTTATA	0
CACAGCAGCATATACACCAT	0
GTAAACATTATAACCTAAGA	0
CGAATTCCAGAGACTGGAAC	0
AGTAGTTTTAAACGAGCGCT	0
CCGATTAAGCCTCGGATAGG	0
TTCTGGTCCCACGAAGCCAC	0
TATTACCGAAACGTATACCT	0
AGTTATCGAACCATAGCTCA	0
TATTCAGGCGTTACTCCAGT	0
GTAACTTATTATGAGCATGT	0
TAACAAGGTAGCTGTTTGAG	0
AGCATCAGCACTGCGAGTTG	0
CTGCAGTCATCAAACAGGGA	0
CTCAGACGAGAGTTACATAG	0
AAAAATCCTTTATATAGTCA	0
ACAGACATGACGAAAACCAG	0
AGATTGTATACGTCAACCTC	0
ACGTTACTAATCCCGCTTCG	0
ATCGCGGTGGTAGTTGGTTC	0
GCTATGGAGATACAGATGTC	0
GTGAATATAAAGATATAATT	0
TAGCCACCCTTTCACTTAGG	0
CGTCGTAGTTTGCCAACCTC	0
CAAGACCACATCTCATAATC	0
ACTCAGATATACCACGGTAA	0
AACGTATTGAGCTTCGCGTA	0
CCACCCTAACCCCACGCAGA	0
GACCGAATATTGAAATGCAT	0
GCTGTGCGGCAAAGCAACCC	0
TCTCGCTTCGTATACGCTCA	0
AACCTGGAAAAGAACGCCTT	0
CACCACCAGCGTTGAACTAC	0
ACGCATAATTCCCATTAAGT	0
GTATGAGCCGCGGTTTTGCG	0
AGCAGAAACAGCTACAACGG	0
AACAACAGCATACTGTGAGA	0
TCTAAGACAAAGAATTGGGA	0
AGCATACCGCCTACGCTGAC	0
CGTACGCAGTGGCTTGTGTA	0
ACCGGGTCCAACGGCATCAT	0
TTCGAGGGATAGTACAGCCT	0
CCACCACCCATTCGCGTGCA	0
ATAATCCTATGACGCAGAAA	0
AGCTATCAAACCCGGTTAGT	0
TAAAGTGATAAATAAAGGGT	0
TACCTAGTTACGCTCAAGAC	0
TACCAAAACTCAGTTTAAGA	0
GTAGATACCAGAGACGCATT	0
TTTTGAACTTAACCAAGTAG	0
TTTAGACAGCTTCACTACAA	0
TAGACTTGATAGTCTCGCAT	0
ATTAAGCGTGATAAAGTAGT	0
TGCAGTGCAGGTGAAAGAAT	0
GATTATTATGGACGGATGCA	0
CCAGATCGGCTGGAAGCCTT	0
CACCAGAAGTTTTTCAACAA	0
CGCACCTGTTGCTTGATACT	0
GAACAATATCCCTCCTGCGG	0
AAACGTGTCACATACGAGAA	0
ACATGACTGTCTTAAAGACG	0
CGCAAGGGTGGGTTCCTTCA	0
GACGTGGATAACGTATGCTC	0
CTGCAGAGGTCAAATGAATT	0
ACGCAGAGCCAACGGTAGTC	0
TATACAGCGAGATTTGGACA	0
GAAAATCATCAAAAGTCGGA	0
TAGATTAAACAATTGCACCA	0
TTGACATTTAGTAGAGTTAA	0
GTAACCGCTTAACAATAGCT	0
TTAACACACCTTTGTACCAC	0
AATCAAGGGGTGTCGTAACG	0
TTTAAGCAAAGGCGTAGGGG	0
AGTGAGAGTGTTACACCTAC	0
GCTGAAATGCTTGCAAGCCA	0
TAAAGCTTCACCGCGCCTTG	0
CGAGTCCTAATGTTGACACG	0
GTCGAATCCGAATTACAAGG	0
TGCTTTTCTAAAGTCCAACT	0
CAAAACACGTGAGCTAAGGC	0
AAGGCATAAGTATATTATTT	0
AGTGTATGCGAAAATATCCA	0
ACTGAATTAAAGCTACCCAC	0
ACGCCCAGTCCATACTGACA	0
CGATAACCGGTTGAGGGTAA	0
CGAGTGTGATGAAGATTCCC	0
CCCTTGTCCCATAAAAATTA	0
CCAAACACACGCGTTAGGAC	0
AATAGTTACTGAAGGTGGCT	0
TAATAGAATAACGGTTTAGA	0
GTATAACCGTGGCATGTATC	0
ATATTATGAAATCAAACAGA	0
CTACGAATTTGGGACCGTTC	0
GATACGTTCCTTTTTTAATT	0
TTGCAAATATCCATCGATGG	0
GCCTGAACAACTGCCTACAA	0
TCAGAAGTAATTACGAAAAG	0
TCTAACCCTGCCCAACTCCA	0
AGACAAATGTTATTGTTTTG	0
TAAGCGCCATCGGATCCATG	0
CATATAAGTCTCAACGACAA	0
AATGGCATGCGTACGCTCAC	0
TATAAAATACTTCACATCTA	0
TGAATTCCTTGAAGCCCTGT	0
TAGTGTCGCAGTGGTCCAAA	0
AGAAGCGACTCCATACAGTC	0
GGCAAACGAACAGTGTCCCG	0
GTACTCTAAAACGCCTCCGC	0
CACGATACAGCATGATAAGG	0
TGAGTAACAGTGTCAGCGTA	0
GTCACAGTCGTAATTACATT	0
TTGGGAGAATGCTCTCCGCT	0
ACTATCGCGTGAAGTGGCAC	0
GGAATATAATCTTAATCTTA	0
TAACTGGCACATACAATTTC	0
CCGCACTCGTCCCTCCGGTA	0
CTCTCCAATGATGACACACG	0
TGGGTTAACGTTGGTAATCT	0
GAGAAGGAGTCGGGCTGCTA	0
GTACTTCGGTTAATCAGTGA	0
GTCTTAAAACACCCAGATTA	0
CAATTTGTAATGTTTCGTGT	0
TTCTAACGAGACATGAATCC	0
AACTATCTAGTTGAACTTCG	0
ACATCGTGAAGGAATGCGAC	0
AAAGTTACGGAGACAAAACG	0
AACCGATATAACAGTAATAC	0
GTGGAAGGAGCACCATGGAT	0
CTAACGAAACCGTAAGTCAC	0
TTTTACCGGACATTGCCGTC	0
GTTAAAGAATTAGTTTCAAC	0
GCCTACGCCATGCTAGCCAC	0
AGGGAACATACGGCATGTAT	0
AGTATGCTGAGTCTTACCGA	0
AAGGAATTAACGTAGTCACA	0
ATAGCTCTGCAGAATGATGA	0
TCTGGTGTCTTCAGTATAAC	0
ACATTACCACAAGATGTGGA	0
AGAAAAGAAACTTGATCCAT	0
TCCACAATATACGTACTATG	0
CCTTTTATGCACCAAGGCAA	0
CCGTTACCTATATTAGACAC	0
AATTTTAGAGAGAGGAGCAA	0
ATACGTACAACCAAGTTCGG	0
TGACACCACCATACTCTACC	0
TTCCTGAATGGTAAACCGGT	0
TACTTTGAGCAACAGATACG	0
ATGGTTATCTCGCTCAGAAA	0
GTCGTAGGCCTCCGGCAGCT	0
CCCAATTCCGCGGCAAGTAA	0
CCAAGTCGCCCCCACACAGC	0
CCCCATCAAGGAAGATCGTT	0
GACTCATGTGTGGGACAAAT	0
TACGCAAGTTAGGAGTAGAT	0
GGTCGTGTGCATTAAATTCG	0
CATATCCCATAAACTGGACC	0
ACCGATAGCGTGCGGCGCCG	0
GTTGCAAAATAATTTTGGAA	0
GTTTTAGCATTTCACCGGAG	0
AGGACAATAACGCTACCACC	0
CATAGACCGATGGGCCAGCC	0
TGATAAGACTCTGTACTTCA	0
GTGTCTCTGAATCAACCAAA	0
ACGAAGACGTGTTATCAAAC	0
CAACAACCGGCCCGGAGCAC	0
AACCATTGTAAGTAACAATG	0
CCCTTCCACACGTGGTAGAC	0
CGTCCAGCGCAGTGGCTTGC	0
CTTGATGACACCAGTTACAA	0
TTATGAAGGTCGATTGCTAG	0
AAGCTCCTAAACGTTAGGCT	0
ATCTAGGAGAACATGCCTGG	0
CGACGTAACGTCACTGGAGG	0
GCCTTGACAAGCTAAGATCC	0
CCCCTTGTCCATCGGCCCAC	0
GTCCAGTAAAATATATAACG	0
TAACATAGATAACCCGAGGT	0
GACGACAGGAAGGCCCGCGA	0
CCCCCGGACAAATTACGAGA	0
TTTTAGCCTCCGGAGCCCCA	0
CAGGAGCAATGAATTGCGAG	0
GCCTGTACTAACTCCTCGTC	0
GCCTGACGTCAAGACCAAAC	0
GCGGTTCAAAAACCCACAGC	0
CCATTGGGTGCTGCGCGCGC	0
ATAACCCAAGAGATTGACCC	0
GTCAGTAAGTTCATTGCACG	0
AGAATGAGCACTGCTCGCAA	0
GGCCTACTCCATACCTGAAC	0
ACATGTCAACATCTCAAAAT	0
CATTGACCCGCGCCGACAAT	0
AACGCGGTCCGTACGGCATG	0
GGTGAGTTGTCAACACACGT	0
GGGGTCCAACAGACAGATCC	0
AGATCATGAACGCACTGTGT	0
TGAGTACGTACCATGTGACA	0
AATTCACACGTAGCCCTATT	0
TGTTACCTATAGTTACTCCA	0
TTGCAGTACTCCGAGTAGAC	0
CTGTAAGCGGCACCGGTTTT	0
TTGTAAAATAAATAACGCCC	0
ATTAATTCCTAAAACCCAAC	0
GTAAACATCTAGTTACTACT	0
GACGCATTGAACGCAAAAAC	0
TACCTTATTATACCCAATCC	0
TCTTAGGGAAACCCCTCAAG	0
AGAAAATGAGCATAGACTCT	0
GGAAGCACCATGGAGATTCA	0
CGAAGCGATAGCGACTATCG	0
ACGCTACAATGTAAATCCAT	0
GAACTATCTGTACCGTGTAT	0
TTAGATTTCATCCATCAAAA	0
AATAGTCAGCTTTTTCATGC	0
TTCAAAAGTGCCGATTACCG	0
ATGATACTGCAGTGAAAGTC	0
ACCGGTAACGCTAGCTCCAG	0
ACGCCCCACCAACTTTCTCC	0
TACTTTCATAACGACGGGAA	0
ATCTGTGAACTTAACCGACC	0
GAATAATACATATGAAGCAG	0
ACGGTAGATAGAAAAAGAAA	0
ACTCGCACATTTCCCATGTC	0
TGAAGCTAAACTCACCGCAC	0
AAAGCTAAAATGCGTAGTCT	0
GTGCTGTCAATACAGTTTAA	0
AAGTGCGAATAAATAAAGCC	0
ATAGAAAGCTAAGTAACTAA	0
TTGGAGAATACGGGTGCTAA	0
TGTAAGCATACACATACCTC	0
ATGGTGATAAAACCCGTGAT	0
GACAGCCCGTTTAGCGTAAG	0
GTCTCCATACGTACCCTCAC	0
GATCGCATACCCATGCTTCC	0
GCTCAATTTACTGACATCGA	0
CGGAATACCCCGATAAATGC	0
AGTGCAGAAAATAGTCTAGG	0
ATTGGAGTGCCCTTAGAACT	0
CCATGCTAAATAAGCGATAC	0
ACTGCTTCACAATCGGCTAA	0
AATCGTCTGTAATCTAATTA	0
AACATGTGCAATACAATCCT	0
ACCAACTCGTCACATCTTGG	0
GATTTCGATTTAACTATGCA	0
AGTCGTCTTCCTTGGGGAAC	0
TTATGAATTCTTTCGTAGTC	0
TCAGCCCATCGCGCTCATGT	0
TCAATTGAGAAACGTACGCA	0
AACTCTCTATAAGTAATCTG	0
GTGTTTATCATTGCATTACC	0
TAATGCCCCAGCCCGGTGTC	0
ACTTTCTCCACCAACCTCAC	0
ACGAACGGCATACACGCACT	0
TAAACTACCATTCCGCCCGG	0
CTCAATCTGACGTGCGGTTA	0
GTTTAGAAGTTCCGAGGGCC	0
GAGTTCAAAGTAACAGAATA	0
ACAGGATAGCATTACCAATC	0
CATGACCTAAACTTCCCTCG	0
GGAGGCTATGCTCTTGCCAA	0
CAGCGCTATGCTAAGCTGGC	0
CCGAAACAGGCATTTGATAG	0
GAGACCATTCACTAACGCTT	0
CGGATGCTAGACCATCAGTT	0
CGGGGAAATTGCTGATCAGA	0
AAGCAACCAAAAAATGTATT	0
GAGCTCGCGTCATGAGTGCC	0
AAATATGAGTTGAGAGCGAT	0
TCACTACTTAGTAGAATTAC	0
AGCGGCCGCGGGTCAATTCA	0
TGCATCCACGCTGTCAGGCT	0
TTATATCCTATAGACGGACA	0
CGGTTATCATAAATCATGGT	0
ATTATAAAAAGCAGTTGTCC	0
ACACAAGCTAGCGTCACGAC	0
AACCCTTACCTATACTTTCA	0
GGCCCCGGTAAAAATATGCA	0
ACGATTTACACAAGCTGAAT	0
TAAGAGGTATACACACCTCG	0
GAACTTGGAGTTACCACAGA	0
AGAATTTGCGAATTACAGGC	0
TCAGTGTGTGGTAAAATAGC	0
GAGACTACAATACATGATAC	0
AACGACGCCGCCCCCACCAC	0
CTGCTGACACATGATTGAGA	0
GCCATGTGGACAACATCTGT	0
TGGATCTGAAAGTATAGATC	0
AAACATGACAATGAGCTCCA	0
GCTAGGCTTGCACCCCCCGC	0
AGTATTACAGCGGAGTAACC	0
TTACACGCGATCTGCTTGAA	0
CCGCACCGCTCGAGAATTCA	0
GCGCAATTATCCGACCCGCC	0
ACCACAATGACTGAGCTCCG	0
ATGAAAACATGTCTTTGCTA	0
TAAGGCAGTCGCACACTAGG	0
CTAGTCTCCTATCCGAGGGT	0
GTAGATGATACCAACTCAAA	0
TTGTCCCGGCTCTTCAAGTC	0
CCGTTAGGGGAGCACCTAAC	0
ACAACGCCCCCACACCTGCA	0
TGACTTTTACTAACATACAC	0
ACTCTCGTGGTTACGGAGAC	0
CTATTTGACACAACTGCCTC	0
CACCGGACAAGTTAACTAAC	0
ACTATGTCCAGCTGAAATTA	0
TGAAAGGCCAAACAGCCCAC	0
TTGTTCAACCCACCCGAAAC	0
AACCCCCCACTCCCTATCAC	0
GAACTACACCGTTTCTTGAC	0
TGAAACGAGCCAACCTCCGT	0
AACAAACGTGCGTGGCTCGA	0
TACACCTAATCCGCGCTAAT	0
AGCGGGAAATGCAAAGTTAT	0
GGCGGTTCTTTGTGGCACTT	0
CCGCATCCGGCCGACAGATA	0
AAGGGTGTTTCCGTCCCGGC	0
AAAACATATACCGACAAAAC	0
CCCTGTACGCCATCAACGTC	0
TATAACATAGACCCCCAGAA	0
GGCATACAATCAGGGACTGG	0
ACCAACTTCCACTGAACGTA	0
GAGGCTGTGCGCACGATGCA	0
TTCTTGATAAGAAATTTATC	0
ATATTACGCGGTCACCCGCA	0
TACTGTCAGAACAAGCTGAA	0
AACTCACGCGTAAATGGAGT	0
ACCCCAGATAAATGCGTACC	0
TGGCCGAACACCTGCTCATC	0
GATACTATACCTTTCACTCC	0
TACAAAGCAGTCTCTTATAA	0
CGATAACACCAGCCGCGAAC	0
GCAACTAGTTGTGTGAGATA	0
TTTGAACTACAAAAAATCTT	0
GGTGCATTTTATTGTAGAGG	0
TATATGGAATATTGACTGCT	0
CCCTTACGCCAAGTCACTAA	0
TAGTAAAGAATCTGCAGACA	0
GATATTCGCCTAGTTATTAG	0
GCGCACTACCGGACTAGTTA	0
TTCGTGAAAGAAAAACGTCC	0
CGTGCGGGCATACAAAAGAA	0
TCTTACACATTATTAAATGC	0
GGAGAAGCTGACCGCACAGG	0
GGACATTGTTCACAAATGGA	0
GATATCCTACCACTTTTTCA	0
ACTAGGAACTCCGTCTGACT	0
AGTTCCTGCGTTCGCACTAC	0
TTCATCTGCATATTATTTCT	0
AACCGCACCACACTAAACAA	0
GTGACCCCCTCAAATCAGAC	0
GAGGGTCAAGCATAGCCAGA	0
ACATCTAAGTAGATAAAATG	0
GATGCGATGAAACCGAAAAA	0
GAACGATGGTGCAAAGGTAG	0
ATAGGCTCAACCCCGGATAC	0
CACCGCGTTTACCACTTTGT	0
CTCAACAGGGGACGCCCCGA	0
GGCATCTACGGTTGATCTAG	0
AGGATAATGTGACATCATGT	0
CATATGAAGACTACTGACAC	0
GAACTACATATCAACCTGTG	0
GCAAATCCCAGAGTAATTGA	0
CTCTCGAACAGCTAGAGCAA	0
TCATGTTACGGCGGAAAACT	0
GTCGGAACGAAGAAATTCCC	0
CAATCGACCTACGCGTAGTA	0
CGCGAAATCACTGTCCCCAA	0
GGTAGCAAGAAGGATGAAGG	0
ATGTCAAATTCAACCAGGCA	0
ACCGAGGCATACAGTGTGGT	0
CCCTAGCAGTGCATGTGTGC	0
ACTGGGTATACGCCCCTGCA	0
ACATTTCATTAAAGCGATTC	0
AGGGGACTCACAGAATAGGT	0
AGCGAGTAACGAGATGCCAC	0
AGTGACCATAACCGAAGGAT	0
CCCCATGTAGCCTCCATGCA	0
CAAACACACTTAGAAGGCCA	0
TCCGACTCATGACAATAAAG	0
TGAAGTTCCAGGATGCACTC	0
CTGCAGCTCAGAGTTATGGA	0
CTTAAAACTTAAATAAACCT	0
CAGTCTCCGTCGCTAATAAT	0
GACTACCGAGCACCTGATCG	0
ACAAAAGTCGCCGAAACCGT	0
AATGTGAATCAAAGGGGAAC	0
GTTGGATCCAAAGGAGGCCA	0
TCTAGCACAGTCCTGTCTTT	0
TGATAATAGGTAGCAGTACA	0
TTTGTGCAAAGTCCTTTATA	0
ATATTAATATATAAGAGTTG	0
GGGAGAACCATAGCATACTT	0
TACGCAGATGTTCAAAACTA	0
CATCGAGCTGATATTACGCC	0
ATACAGCCGATCATTTCGCG	0
CAAAACCATAACCCTTATGC	0
GTCCTGTTGCGTGATGTAAA	0
CTGGACCCCTGAGCACTAAC	0
TGATAAGGACGCCTCGAAGG	0
CCCCTGAGACTTTACTCATT	0
TTCATTCGAGGATTCAGACT	0
CGTGGAAACTGAGTGATACG	0
ATTATTAGCAATGTCCCGTG	0
GCATACCCTGGTCCCCACCG	0
AGACGAACCATGAGGAGTAT	0
TTAACGCTGCCCACGACACT	0
GGCAGTTAACGGACGACCCA	0
TCAGAGCCCCTGAGGAGATG	0
ATAAAATGAATCAAGCGAGG	0
ACCTCATCTTATGCAAGCAA	0
CGGGATCAGCTCTTAACCCA	0
CACGGAATTTAAACTATTGA	0
GAGCCACCCAAAAGGCGATG	0
TGTTGACTTGCGTCACAGCC	0
GTTAAATTATCATGTGGTCT	0
TACGCACATCTAAATCAGGT	0
CAAGGCCAAGCGAAGAGACT	0
AGATGAACGTCCTTATCACA	0
AAGCTCAAAGGGAGAGCTAT	0
TATAATCAGTGAACGAAAAC	0
ATGACAGCACCGAAGATTTA	0
GGCAAAGAAAATTCACCACC	0
ATTTATAAACCCAGCAGGTT	0
ATATATATTCTTTTAAACGA	0
GGCAAACAAAGTGTCGAGGC	0
GCCACACATCCGACTTTCTG	0
AGGTAGACTGTGGAACTACG	0
GCAGCATATACCGGTGACTC	0
GATTGGCCAACGCACCAGTA	0
AGAATGAGCATAACATGGCT	0
ACACAATGCACACTACAGGC	0
GATGTATCAGACGTGCCAAC	0
AGGTCACGTAGCTGTTCCTC	0
TCGATTAAACCCATGCAAGT	0
CTCAACTCAGCTACTAATAC	0
CACAGAAAGTATATTCACGA	0
ATAGGTCTTTCATGGTTAAG	0
ATTAGTAACCCCACCATCGA	0
GCTTACGTAGTAGAAACTTT	0
AACACGCAGCCATCACCGTG	0
TCTTAATATTGAACAGTACC	0
GACTAACACCCTTAGTCGAA	0
TACTTAAGGAAGCGAAGCGA	0
CCCAACTGTAACATTTACAT	0
TAATAGCTCTGCGGAGTTGC	0
CTTTGACCGAGAGAAAATAC	0
ACGGCTTGTGCGGAGTAATC	0
ATGTTTGACATGCTTATTAT	0
GAATACGGTCCGCCTGGCAT	0
TAGGCATGTTATCCTCTGCG	0
GAAAAGGTTCACAATTTTAT	0
GCACGTGCAGACTTAGTGTT	0
ACACGACACCCCAGCAATAC	0
GTTACCAAGAAACGAGAAGA	0
GATTGATGTGGCAAAATAAT	0
CTGGGTTAAACCTACTCTCT	0
CTCAAACAAAGGAACAAGTA	0
TCATATGGCTAGTGAGTTCA	0
ACTCCTTCGATACCCACGAA	0
AGGCAACAACACTAAATTAT	0
AGTTCATCACAATTCTAAAT	0
GTGACAGCGCGCTGCATTGA	0
TTCCAGAATAATAAAGCCGG	0
ACCGTAACCCTCGTATAATC	0
CCTGAAAACGCATACCGACT	0
CACTTATAACCCTGGCGACC	0
TGGCACTTGAAAGTGCAGTT	0
ATTCGATACTAAGAAGGAAA	0
GATTGGACCGGCCCTGAAAT	0
AAGGTTGAAATTAGCAATTC	0
AATCATTAGGACACTGAGAC	0
GGTTGATATATGGAATATCA	0
ATAAACGCATCGTCAACCCC	0
AGTAAACCTGTATAGCACTT	0
TATGGCAAGACTCTCTATTG	0
TCGCCATTCTGCATTAATAT	0
CCAATACAATTTGTAATTTG	0
CTTCCGCAGCATACAGAGAA	0
ATTCAATTCCGGGATGTATT	0
AAAATAGAGACTATTGTATC	0
TTAATTTGTGTCCATTCTAT	0
TAGATCGTGTTGGCAGTAAT	0
CGTGGTAGGTCGCTCCTCGA	0
GACGAAGATCTCTATGGACA	0
AATGGACGATGTAAATGAGG	0
TCGTTCTCGACATGTGAACT	0
CTCCTGACGTCTGACAGGAT	0
TGCATCCACCCTTGACCCTA	0
ACCGACCATTACTTGTTACT	0
TCCACTCTTACAATTACCTA	0
CCCGAGTACCGACATACCTT	0
GCTCCCAGGATGAGTCACGA	0
GGCCAAAAATGGTCTATACG	0
ACGCTTCAATGCACTGCTCT	0
CACTTCTTACGCCTAGGAAG	0
GATTACTTAAATTTCGGCGG	0
AATGCGCAATAACCCAGTAT	0
GCAACCCTGCTCGTTGTATC	0
ATGTTGGCGACCGTCCAAAA	0
TGGTCCCAGCAACTTCTACC	0
CGAAGTGCTTGAATCTTTAG	0
ATAATAAACTTACCAAACAG	0
AACAAGTTCCTCGCCCAGTC	0
CACTTTGTGTCCCCAATTAC	0
AATAAATCGAAATACAAGTC	0
GCCGGCCAGCTGCGATACGC	0
TGAACGTTCGATCTGGAGAC	0
ATTAGTGAAATGGGTAGCTA	0
AGGGTCATAGTAAGGGATAT	0
TAGTGAAAATTGACCCCCGC	0
ATACAGAGTAGCAATCGTTA	0
GAACAATATGCTATGATATT	0
GCGGGGTTAACATCAAAGCG	0
GAAACACCTCATCCGCAGGG	0
GATTAGCCTCGTATATCTTC	0
TCTCGACAAATAGTCAGAAT	0
CCACGAAACGACTTCCCTGT	0
ACGTATAGTGAATGTCATTA	0
GCAACAAATTCAAGGATCTC	0
TCCCCGGGCTGCACCGTTAC	0
CAATTACCAATCATATCCTA	0
AGTTCGCCATAATCGAGCGG	0
AGGGACCAATGACGACCTCT	0
GAGGACCAACCAGCACTTCC	0
CCAAGGATGCCACCCGCCCG	0
TCAGAAAAATACTGCAATTC	0
TGAGCATCTATAAGACAGAC	0
ATACCTAAAGCCTACAAGAA	0
AGAAATTTAATGTCCCTAAG	0
TTACGCAGCAGGTCGTAGTC	0
GAGTAGCTCACCAATTTATT	0
GTACAACCAAGCCCGGATGG	0
CTAGATGATAAGCTACGTGA	0
TAGAACGCCCTGTCAGCGCC	0
GTAACAATACCCTGGTCCAG	0
AGACTGTCACACTCTTTAGC	0
TCCTTGTTCAGTACCCTTAC	0
TCCACTTAAAATTTGCTAAG	0
ACCTTGTGTTCGAGCTAAGG	0
AGTGAGCCCTCTCTTACAAA	0
CCCCTACGCGGGCAAACCCG	0
GACATCTATAGCCAAACGTG	0
AATTCCGTAATCGTTAATAT	0
ACCAAGATGCCCGAAGATTA	0
ACCAATTATCAAACCTACCG	0
CTTATTTATAAAATGGATCA	0
TGAGCTCCAAAAATTACGAA	0
AGAAACTATAGGACGTAATT	0
CCTAATGTGAGGTTCAAGAA	0
CAAGCCGGAATGAACCATTG	0
TATCACCTGCACGAAATCCC	0
GGGGGACTACTTGCTCGTTA	0
GGTCATACACGGTACTCGAA	0
GTGCCCCCGAACACAAGGAC	0
ACAAGGCTTTTGCGCTAGCC	0
GAGACCCACACCCGATCCCC	0
CACCCTCATTGCTGCATGAT	0
AGGGACTTTGTGCAATATGT	0
TATCACCACCGGACGTGTAT	0
GGGCCCACTAATCCGTATAT	0
GCATACAAGTATGACGATCT	0
ACCAAGACCGACTAGTTACA	0
GAGGAACCTCCACGCATCAA	0
CCCTAGACCAGCTATACAAA	0
GATTCTTATCAGTTATCCGT	0
ATCGCCATAGGTTAAGCAAA	0
TGCACGGGCAGCGGCTGCGC	0
GTTATGCTCTAGTCATAATG	0
GAGGCAAGAGCTAAACTAGG	0
CTTTCGTTATACCACCACAA	0
CGAGAACGGTGTACCGTATC	0
ATTAAGACGACACTAAGGCT	0
TGTTAGTACGCTAGAGATAA	0
GATGTAATAAATTTTTATGA	0
TCGAGAAAAATCGCGCACAT	0
CGCAGGCCATGTGCCTTTAC	0
AACTATAGCTGATATGGTGC	0
AATATAAATCGCAGTATTTT	0
TACGGAGTTCGCGTTGGGTC	0
CCTGCCTCAGGGGACGTGAT	0
CGGACAGGCCCTCTTTTACG	0
AGTAAATTACGAGCAAGTTT	0
TATGGCTAAAACTTTCATTT	0
ACCTATCGCCAGACAGTTAT	0
TGGTTAAATGCAACTGTCCA	0
CATATCTTCTGAGGTACGGC	0
CGTAATTACGAACGACACCA	0
CTGCAGTGTACTACGTGGAA	0
TACCGGAACATCAGCGTTAC	0
CAACAACCCACTTCAGTAGC	0
CAAATTTTGATGCACCCAAC	0
TCACGTCCTCGGTCCTCACC	0
TTGTGCGAGTAAATATGACT	0
TCACGGTCTTACTAAAGTTC	0
GATTTAGAGTACAGCCACTC	0
CGGGACTTTTCCTAACAACG	0
GGTCTAAATAAAACGAATTA	0
GCCTACTAAAAACCACGAAG	0
TGTGCACGGTGAAAGGCCAG	0
AGTCTTCCAAATAGGACACA	0
GACACATTCTCCACACACCC	0
ACGGACACTAGAATAATTGA	0
CGCCCAACATCCCCTCTAAC	0
ATTTATGGGGGTCTGTAATG	0
CAACCCTTCGTGACTTCAGC	0
CGCGTCTTTGGGACTAAACA	0
GATAGCCAATTCCCGGAATA	0
ATGGAACACCAGGGGTACTA	0
ACGGTAAAAGACCCTCTACG	0
ATACTCCCACACTATTCAGT	0
AAAGGTTTCTTGTAATCCGA	0
ATGTAAAATGCTCGATGTTA	0
GAGGAAACTGGTGAGAAGGT	0
CTTTTAAACCGGCCTGCCAG	0
TCGTCAAACCTTTTATCTAT	0
TACACTGGCATAAAGCGCAC	0
CCGTATCGACTTGGACAGAT	0
TGAGAAGTTATACGCTCTAC	0
ACTGACGTAACCGATACAGC	0
ATTCTCACACAAACAAATAC	0
GTAGGCGGAGGGACAACCCG	0
TTGTGAATACTTAAGACAAT	0
AAGCGACCACACGTCTTCGA	0
AGCTATGTGGATGGCCATAA	0
CGATATCCCCCCTGCTCCCC	0
AGGAACGAATGGAGCCATCT	0
GGGCAAAATCGTAAGTCGTA	0
TGCTTGACGCAGCAATGCAC	0
CCGCCTGAACAGTATAGGAT	0
ACCGAGGCAGCGACTAAGCC	0
CTCACCTATCAACAATAGTC	0
TAGTTTCTCATGACTTAAGA	0
AAATTCAGCAAACTCCGTGC	0
TTAGTACTTATGGCGGTGGT	0
CATTTCCGATGTCCCCGAAG	0
AGTTTATTGAAAAGCTACTT	0
TATAAAAGAGCACAGGGTCG	0
GTGTACAACGAATACCTGTA	0
AAGCGCATGAAAGGCCTCAG	0
AGCGAACCTGCATTTCCAAC	0
GTAGCCACTCCATAGCCTAC	0
GCTGAGTATCGTAGCCCAAC	0
CAGGTGTGCAAACTACGATA	0
GTGTTACAGACAAAACAGAA	0
GCAATAGATCTAAGAGAAAG	0
GGATTGAGGTCAGTACAGAC	0
CTAATATGACTTAGCTACTC	0
ACCGAAAAAAGCGGAGATTT	0
TCACACTACATAAACAGTGG	0
AATGTCTACGTAACGATTAA	0
GAGGAGTTGATTACCGTTAG	0
TTAACTTGACATAGAACTCG	0
AATACCATTGTGAAGGTACG	0
TCTTCAGGGGATAGCAGCCA	0
GGTTGTACTCGTGGAATGTT	0
CAGAACTAGGCAAAGAAAGC	0
ACTGTAACGCGAATGCTTGG	0
GGTACTTTATAACATGTCAG	0
GCATAGAACGCCCGGGTAAT	0
GACACCATACAACTCGCTAC	0
TAAGATTGATTTTCCTGATG	0
TCGGATCCCCACACAACTAA	0
CCTACGCAGACCCAATTGTA	0
GCGAACAATAAGGCAACGCA	0
CTAAGGGTACGCTAGATAGC	0
AACTGGTCCAGTCGACCCAG	0
AACGTAAGAATAGTACTTGA	0
TTATTGGCATTCATCCTTGC	0
GGCTATCATCAATCGCCATG	0
AACGGTGAGTGTTATTCGCC	0
TGGCCATAGGACTGACGTTA	0
GCTGCCCGCACTGGGCGATG	0
GGCGAATCGCACAATTCAAA	0
TAGACTAAACCGCACAGAAC	0
CACAGTGCTACTTGGACCAT	0
AAGACTTATTTGTCAATTTT	0
ACTCTGATGGGAAAGTGGCT	0
CCCGACCGACCCACATGGCC	0
GGTAAGATATGCTAACATAC	0
AACTTGACATCAGTCACACC	0
ATCCCCGTTCCAGTCCTGAT	0
GTACTTTGAGTCTGTCCAAA	0
GGCACTCGAATCCCACGGGG	0
GAAGAGTTAACGACTGATTA	0
CCCGCAGTATCATTCGTGTT	0
CACATCACACATGTCCACAC	0
AGAAAAATCTCGTACCCCAA	0
CTTCTAACTGGATACCCCGT	0
GATAAAATACTTGACGTTAT	0
AGAGTCCATATCAGAAGATT	0
TAAAAGTCTTATAAGCTCTG	0
ACGGGCAGGCTTACAAACAT	0
GATGATGACACCGGGTAGGG	0
TCGAGCGCCTCACCTCACCG	0
AGGATGGTGGCACAACATTG	0
AGCAACGAATCAATCAGCCC	0
CTCAGTATAGCACATACAAA	0
CACTTTCCGGTGGCCGGGTC	0
CCTATGCCACATTCATGGGA	0
CTGAGACTTCGCGAAGTTCC	0
CCTGGGATCAATAGCAGCGC	0
GAATCGTGGATACCGCTCGT	0
TGGACTTGGGCCACTCGTGT	0
ACAAACACTCCGTCTGCTGC	0
GAAGGAGGATAGTGGGAAAG	0
GACGACACTTGCATGAAAGT	0
GAATCCTTATATCGCCAGCC	0
TCAGTGCATCTGCAGCGACG	0
GGTAGAGCCTGACTGATCCC	0
TAAGATTAGAGATCGTATCA	0
CGATCACTGCTGTATAAGGA	0
CCAGAATAATACCCTTGCGT	0
TCCATACAAGATGCTGATAA	0
ACCCGGGTTGTGAGTACCCT	0
ACCTTTGAACCTCTCGCCTT	0
AGTATAGTCTGATTGGAACG	0
TATAAGACGAATTGGAGAAT	0
AGCGATAAGCGTCGCTCAAC	0
TTACCGTATAGCCACAGTAT	0
CATGCACGGGGAAATTCGTT	0
ACCCATACTACGCACTTTGT	0
AGTAGTCAGAAATTCGCCCC	0
TCTGATGTCACAAATTAAAC	0
GTACCGTAAACTGCCTAGCG	0
CAGTACAGGCAACATCAGTC	0
ACGGTGAGGTGCTGAAAGGC	0
TCGCTAGACTAGAAAACCAA	0
TTGTGAATTTCTCCAGCGAA	0
CTCGAATAAGTCAATGAATC	0
CCGAAGTAAACGCATGAAAC	0
GCGCAAGTATTGAAATCAAT	0
ATCTGGTACCCACAACTCTA	0
CTCGCCGACAGACGTATACA	0
TTTTTTTGTTGCCATAGGGA	0
CACGCAGAGAAGTATCATGA	0
GACAGCGTGCGCCCCGACAG	0
GTGAGGATATTTCACATTAA	0
CACAATGCGTTAAACATTCC	0
GGGTCCTAAATTTACAACTC	0
ACCTAGGAGATTATAAAGAC	0
ATAGCTAAAAAAGGTGAACA	0
AACTGCTCACGCTAGCTGAG	0
GAAGATCAAGCCAATGTAGC	0
GGGTAGATGTTACACCTAGG	0
CAGTGAGATAGGAAAATGCC	0
ACACGCCAGCTACTGTACGC	0
TGTGACATCTCATCCTTGCC	0
AGACAATCACCCCAAAGACC	0
ATCCTAGTCTAATATGGAAA	0
ACCGGCGTGTGTGTACCGCT	0
GACCGTCAGTAGGAGGACGT	0
ATAAATATCAACCCACTTAG	0
AGAGAGAGGCCTCGGAACTA	0
GTTGCCCCAGCCATGTATTC	0
AATCACATACTATTGTTCTC	0
TCGCCGAACGAATAGTCGAA	0
GTTTCCAAAACAAAGCACGT	0
ATTATTTACCCTACAAGATG	0
GCTATTTAAACCAGAACCCA	0
AATCTAACCTCGCCCATTAT	0
GACGGGATTACGATATATTC	0
TCATGACAGTGCTTATTCCA	0
CACCACTAAGCGGCTTAAAC	0
TACCTAAGTCCCAAAAACCT	0
GAGCTGCCAACACGTGACAG	0
CCAAACATGAGCGTACATTG	0
CGAGAATCACCGCGCAAGGC	0
TCTTCAGGCGTTCAAGTATT	0
TGATAGCTCTGGCTCGAGTT	0
CACTACGTGACTATACCCCA	0
TGCCGGGTTATTCGAACCTG	0
CCCTGCCCCTACAGCCCTCA	0
GGAGTCCGCCAAAGGTTTAG	0
TTTCCACAATGCTCGAGAAA	0
AGTCTTTCACAGAGGCAGAA	0
GTCCCGTGACCAGGTCCAAA	0
CACCGTCGAATCTCGAGCAA	0
GCCCACCCTCGCTAAGCCCG	0
ACTCATGTTTAAGACGCCAA	0
GCTAGGAGAATAGGCACACC	0
GAGTGTCTAGTACTCGCACA	0
GCTTAGAGGAAGTCGTCCGA	0
GATATTATCCGATATTTCTC	0
ACCTGTAACCGTGGCCACGA	0
ACATGTTATGCTTAGGAAAA	0
TGCAATAAGGCTATAAGAGG	0
TTCAGCATGTTATACTAGAT	0
ATTGCTTCAAGTTAAGCTTC	0
AAGAATTTGACGCCAGGACG	0
TCGCATCCCCTATCCAATAT	0
AAACAGCCGGATATGAGGAC	0
GATTAGACTCGCCCTACACC	0
CCACCGAAGGCAGCGTATAA	0
CGGTGATTGAATGTGAGCAA	0
CCATGGACAGGCCAGAAATT	0
AAACGTAAATTGTTAACACT	0
TCCTAACGCCCTGGCAAACA	0
TGAGACTTACGTTGATCCAC	0
AGCTTAAAACTTGACCCTGT	0
ACTTCTCTGGGAAAATCCCA	0
ACTGGGTTAAGAATAGATTT	0
TGAATGTTTTCTTTCCATAA	0
TTGGCGTGAGCGGCATACCG	0
GCAGTAATAAGTAGTACAAA	0
AGTCCTGATAATTACCCCAG	0
CCAGCAAATATGCGTGGCTA	0
GTAGGTGTAACCGAAATCTC	0
TTCGATTATAACACGTGTAC	0
GACCACCAAGGGGTGTATGT	0
ACACCTCTACCGAAAAGTCA	0
GAAGAAAAGAAGAAAGAGAC	0
TTCACAGTGTACGAATTCCA	0
AGAAGTCTGGTGTGCGATAT	0
AGCTGTACGAAGTGAACTCC	0
TTAGCGCTAGACGCCCATAG	0
AAAACGTGGTGGGAAGCAAG	0
GCACGGACACTGCTGCAATT	0
ATCACTGTCGTATCCCGATA	0
ATCTAAGCTTTGTTCGAACC	0
CCGTGATTATATAGAACCCA	0
TGATACAAGATCTCCGGTCA	0
ATTCCATCAGCATGCCATCC	0
CATGGATCTAATTTAGCTAC	0
GCGATAATCACGTAACAGAA	0
AAGCGTTTCCCCTTCGAATA	0
GACACGATGCAGTAACCTGT	0
CCCTAATAGCCCCGTGCCAT	0
GGCTCATTTACGAAGCTTCG	0
CCCCATTTGTAGGCATATTT	0
TAGAGATAGCGCTATCTAAG	0
ATCGAAGCAGTCGCGCACCT	0
AAGCTAAGACTAAAAAGTCT	0
CGCTAACTCTCCACTACCCC	0
TAACCATTTCGCTTCGCTGG	0
TCATCCACGCTATCCCGTGG	0
AGTACGCATACCAGCTTCTA	0
GCCCGGCAGACTGCCCTAGA	0
TTTTGACAAGATAGGTACTA	0
AGCAAAGATATTGACATTAC	0
AACCACCGAAAGGTTCACGT	0
CAGATTTCGCGCCCCTATAC	0
AATCAAAACGAATCCCAATC	0
TCGAGCAGAGTAAAACCAAT	0
GAGACTCTCGATCACAGTGC	0
TAGGTTGGGTTAAGAAAAAT	0
TTTCGAAAAATGCGCAACCT	0
ACTCAACCCAAGAAATTCGA	0
AGCTGGCTTGGAACTCACCG	0
CAACCCAGTGATGTATCCAT	0
AATTACATGCTTACTCCTAG	0
AACAACAATGCGTAATACCC	0
AACTCAAGGATGAGCATCCC	0
CCCCGGCTAGGATGTCTCGC	0
GCCTACACCGTTAAGTTGAT	0
AATACCTCTAACAAGAGAAC	0
TGTATTTATCATGATAGGAG	0
TATATAACTCGCATATGATG	0
GAAGGTCAAGCTTGAGCGGA	0
TAAAATCTAGGAAGTAGGGG	0
AACTATAGCTCCCAGGCCAC	0
AGGGACGCAACGCCTAATCA	0
GATAAGAACATAATTTGACG	0
TATGCAAATCGATGCAATAA	0
GCCTACTAGACCAGGTTATT	0
GATTGCTGGGACGAGTCTAC	0
AGTGACAGACCATACCTGCA	0
TTTAGCTAACCCAGTTGAAA	0
ACTCACTCCAAGGCAGTGAA	0
CTCAATTCGATACGAATGCT	0
GATAGCCGATCCAGATTACC	0
CCTAAAACCGACACAGGTCT	0
GGGAGCACATTCACCTAGTG	0
GGAGATTTTTCTTTGGTAAA	0
TCAATTCTCAAAAGGGGCAA	0
TCCAATCAAGATTCACGACT	0
CAGCCCTGCGAAAATAAGCC	0
AGAGACCGTTCTGTTCAGCA	0
CATATGAACATGCCCGCCTC	0
TTTGTAACGTGTCATAGAGT	0
AACACGTGCTTGGATGCCAA	0
AGACACCCCCTGTCGTCCAG	0
CAAATATTGTAGATAGTTCG	0
GGTAGAAGTATTGAGACGAG	0
AGACTGGCATCGCACATCAG	0
GCAGTGTCTAATACATTCTG	0
AGATACATCTTTAAGTCGTT	0
TGGCGACGTATACACGTTGG	0
ATGGTACCTAACACTGTTTA	0
AGGGTAAATCAAGTAACTTG	0
ACAGATAGATCAAACACGAG	0
TACGAATTGCCCCTAATTGA	0
TCTGATGCTAAGACATCGAC	0
TGACAAACTGGAATCACGCG	0
CACTATGTTCTTTGGCCCGC	0
CGCGTAACCGATGAGTGAGA	0
CCTCATGCACCAGCGATTTT	0
TCATCATCGAAAAACCCAAT	0
ATTTAACATACACGGCACTT	0
CTACCCTTCACGACCAAGAC	0
GATTGCACATATCCGATACG	0
ATGCACGTTTAATAGTACTG	0
TGAGAAGTATACGTTCGATT	0
ACCCGCTTATGCGTGACTCA	0
AAGTTGAGCAAAGTTCAACG	0
AAGTCGACGTATTTGCTCAC	0
AAGCAAGGTCGTATCTATAA	0
GGGTGAGTTGCCAGACTAAC	0
ACCTACGATTCACATTGCGC	0
GACATAAAACACTCCCCACG	0
CCACACTACACTAGCCCAGA	0
AAGCAAAAGTCCGCGATCAA	0
TAGTGGGCCACCCACGCTAA	0
ATACTCCAAACTTGACTGCG	0
ATACTTAGAAGACTATCAGA	0
GCACGTCGTGATACCTGTGA	0
CCCACGTTATACTAGCGTCC	0
TCACTGCTGGGGGACTGTAG	0
AACGAGCTACCATGGCTGAA	0
ATGCACGATATTTATCGCCC	0
GCAACATCTGTGTTGGCGGT	0
AGGCTTTCAAGTAAAGAAAA	0
TGAACAGAACTAAATTCGCA	0
GACGATGAAATGTTGAAACT	0
CTGCTTCGTTACACGGGAAC	0
GCCCGTATACTTATCGAGAG	0
AAGCGTTAATCTGTACGCCA	0
CATGGCGATGAGAGAGTAGT	0
GATGCATGGGCGACCTGTGT	0
CAGTACTCACGTAGTGTTGG	0
ACCAATCCGGGCATGGGCAG	0
CCAACATGTTCTCTTTCACA	0
CGCTGAAAGAAAATGGACAA	0
GTCTCTTGTCAAAGTAATCA	0
AATCTTTGACAAGACCAAAA	0
TACTCTGAGGACCGAACACA	0
AATCAAAGTTAGGGACTAAA	0
AAATACAATAGGGAACGTTG	0
GTAAGTTTGGCATCTCTCGC	0
GCAGCCATAAGAACGCCCCT	0
GCCCCCCGACACAGCACCAA	0
AATTATCTCACTCCCCCCAA	0
TTAGGCGGGTCACTTTGATT	0
AGGAGCTAATTTTACCGTTA	0
AGCAGTGAATGTAACTTAAT	0
GATACATGAAGATAACAGAA	0
ATTGCCTGTTGGCAGTTACA	0
ATTGTGTTCATCTGCAACGT	0
CGAAACACTCAAACGCAAAG	0
ATTTTAGGATTTGTACCCTA	0
AACAAGTAATGAAATATCGC	0
TTGACACGTGATTCGACGTT	0
TCAATTGCTGCAACCCGGCC	0
TCAAGAAACGCCATACCAAG	0
CAATTACTCCGGCTCCGCGC	0
CATTTGTTAGCCATGGGTGT	0
CTCCCTAGTTCACATAATAA	0
TCAGAATCACAAACTCAGCG	0
ACAAATCAACACATCGCCAT	0
GTTACAGTAACGAAGTTGCG	0
GAATAAATACAGTAAATGAT	0
CTAAAAATAACAGTAGACAC	0
TCATAAACTCCTACGAAATA	0
GGTGAATCGAGTAAGGAAAT	0
GCGACACTTAACCCGGGTTT	0
GATAAGAGATTAAGCGAAGA	0
GTCCAGACAATGAATTGAGG	0
AACTCATGAAGTATACGAAA	0
CTGGTTAACTCCCCACGATC	0
TACAATGAATAAGTTGCTCC	0
CCCCACGTAACTTGGATCGT	0
TAGTGCACGGACAGTAAAGA	0
CTATCCTAAAGCCGAAGGGT	0
GACGTGAGGTACCTGCACGA	0
TTAGAAACCGATTGACAAGT	0
TAAAAGGTTCGCGTAAGTGT	0
ACGTATAAGAGCAAAGGCGC	0
TCGAATGGTCTGCTGGTGTC	0
ACATAGTAAACCAAACAGAG	0
GGGAAGACCTTAAGCAACAT	0
GGAAGAATAGAGGGCAGATA	0
ACTAGGCATAATTATCTAAA	0
TTTGCCACGCTTTCAAACCC	0
TAACTCTATTAAAGTTGACA	0
TCGAGTGTGTCATATGCAAT	0
AGTGCAATGAATTCGACCAA	0
GCCCCCCAAACACCGCACGA	0
AAATAGTAGCAAACTGTTGA	0
GCATTGCCAGGGCTTCCGAC	0
CGCAGAGAGTCCCGCCCCCC	0
TGTGTAGACTTAGACCCGAC	0
TATTGTACTATTTATATAAA	0
ACGCCTTGAGTATTTAAGCA	0
TGCTATCTATCATGTGGATC	0
GAAAAGAGAAATCAGCCTGA	0
AGTCTTTTAAACCGGCGCCG	0
ACCATGTCACCGCTTTCCCA	0
ACATCCAATAACTCCTCCCA	0
ATGAGAACTGACCGAATCCG	0
GAACACGACAGAGGTTAAGA	0
TGTGCTGATAAAGTGTAGAA	0
CCGCTGCATGTTAGTTACTC	0
GTGATACACTGAAGATTGAC	0
GAATAGTGCTCCTCCGCGAA	0
AGATGTAACCCCCACTTTGA	0
TTAAGCCCAGGACATCCGAT	0
TTCGTGTCTTGGCGTTCGAG	0
ACTACATTACTCCTCGCACG	0
AGTTGAGGGGAATGTCATGC	0
GTATACAACACTCGAACCGA	0
TAGCGGTTGACAGAAATTGC	0
TCTTTAACACATTCGTAGTG	0
ATCTTAGAAACCAAATCGAT	0
GTTTTCAATACCGGGAGGTC	0
AGTACTCCAGACAGCCCTAC	0
ATGAAGATCTTTGCCCGTAC	0
AAACGGAATCGTAGCACTCA	0
GCGAATGAACTGAAACTTCC	0
TTTTGATTGGAACAACGTAG	0
ATCCTCTAAAACATCGCACA	0
ACTGATAGTGAAGAGATCGT	0
AAACAGGGCATGCGAGCGTC	0
TGGACTTGAACGGTCTAATC	0
GGTGAATCTGGGATCGACCA	0
CCTCCAGTCGACTAGATCTT	0
GGGACACGAAGGATGTACAA	0
GTCCGTCACGTCCAGTAAAA	0
ATGAAAATGGTGTAGACCAA	0
AACCAAGTGGAAGAATCTGG	0
TCGGAACACCCGCACTAACA	0
AAACCAGGTGTATTGTAGTA	0
CTCGCCTTGAGCTCCGACGT	0
AGTCAAGAATAGGCTGTGAC	0
GGGGAAGACAGCCAGTACAT	0
GAGTGGGTAATGCTGACGTG	0
CACTACATACTCAAGGAATT	0
CAGTTCCATGATCGCGCCCA	0
CAATTGAGGCTCTCACTATG	0
ACTTGCGATGCACTACCATG	0
ACTCCACGCACTGTGTGCCA	0
TCCCCACCAACGGGGTAGGA	0
GTAGTTTTTCCCACCTCCTA	0
ATTGTATCCTACTGAATACA	0
TGATTTTACGCTGCTGCCAG	0
CCTTGAAAATAGCATGCCAC	0
CAACAACAAAAGTACATGGT	0
GAGAACTGTATACGTGTGGT	0
TACTTATAAAATCTCCCAGG	0
GAACGCACAGTACCGAAGGT	0
ACTCGCAGATTATTCCTAGC	0
AGTGGGAGGTCATTGCTCGT	0
GTTTTATAATAAATGTTAAG	0
AGGTGATCGTCGCTGGTAGC	0
GCGAACTAGGCGACTTCCGC	0
GTCAACCGACTGGCCTGCGC	0
AAAGCACCGAAGACTGGTCC	0
ATCAAATTCACACAATCAGC	0
TATAAACTTTTTTAAGAGCG	0
ACTGAACTGGGAGTTACACC	0
AGTGAAAGCTCAAGCACTTC	0
ATTCTTCGTACCAAGCCTGA	0
CTTTATCACGGTTACTGACG	0
CGGAAATTATATTATAACGA	0
GCCCCACGATTAGCCGTGGT	0
AGTGTCATTACAACGGCGAT	0
TTGGGGGCTCCAACTGACGG	0
AGGCAAGTAATCAGTCGAAG	0
TCATCATGACATACATACAG	0
TTTCGGTGCGTGGCTTACCT	0
ATGGTGCTCACATGAGTGAT	0
CACCCAGCAAACAAACTAAA	0
ATCGTAGCTTTACACGTAAA	0
CTGGGACTGATCAACACCAC	0
CCAGGAACGCCGAAATCAGT	0
CCTGCTAATCATAGATATGA	0
GAACGAATCGGCCACGGCGA	0
AAAGACCGATGGGAACCAGA	0
CGGGAGCTAAAAGGGATGCG	0
TACACAAGGACGATTCTTAC	0
GGCGGACCAACTATAAAATG	0
GGATTAACCAGCATGATAGA	0
ATTCCGGCCCGTCACCTTTT	0
AGAACCCAGTGTAGCTTGAG	0
TAGAATGGACACGATGCCTG	0
GCGATGGACCGGATACGCAA	0
AGCTGGGAAGTAGGCAGATC	0
CAAAAAAATTATTCATTAAA	0
GGACATGAAGTCCCTTTTTT	0
CAGAGTTCTGCTGCACTCCT	0
AATGACGTGTTACGCATACA	0
AGTATCATTAAGTAATGAAG	0
ACGTCTTAATGACTTCCACG	0
TAATGGACGGTCTTTTCCAC	0
ATCTAGGTACACGCTTTAAC	0
AAAGATGAGCCGCAACGAAG	0
GCCGCGGTATGTATTTATCC	0
ATAGCCGAGCAAGATAAGAT	0
ACGGTTGTCCTCGAGAATGG	0
ACACGCACGCGGCCATGCGA	0
TACGAGTGCTTAGCGCGTGC	0
GCGAATTAACCTAGTTTCGT	0
AAACTAAGAGATACACCAGC	0
CCAAGCCATATCTATGCGTA	0
GTACATAAGGTCCCTTCGCG	0
ATAATATTCCCCCGAAGGCA	0
AGGGAATACAGCACAAGAGA	0
AAGAAGTGGATGATCTCTGT	0
GGCGAATGCATGGCATCTGC	0
ATATTAGAGACAGGATATGA	0
TTTTAATGAATCTTTACAGA	0
ATATCACATAAACCTGGTCC	0
ACGTGTAATGCGAAGGCATT	0
GTTAGCGTAGGTACTTCACG	0
CCCGTACGGTACTCGCTGTA	0
CTAAGGCTAGTTATATTCCG	0
ATGCAGGTGTGCTACCTCGT	0
GTTTCCTCAAACCACTCAAC	0
GATTGGGCGAACTCCCTTAC	0
ACAGTATTGGCCTGAGGAAT	0
AAGGCGCTCAGAAGTGAACC	0
ACTAGCATACGACCTGATAT	0
TACGGGGTAAAACAGTAAGT	0
TAACCACTCTGAAAGCTCAC	0
GTTCAGAATGTGGCATCATC	0
GGATAACACAGATCCATTAG	0
GGTCTTCGAAGTATCCCTAG	0
GCCACATACGCGCCATGAGG	0
GCGGTAATAGGCCATGGCCC	0
TAAAATGAGGTGCGGTCAAC	0
TGAAATCAATCTAAGGAAAG	0
ACGAACATGAAAGAACATCT	0
TGAACGTTGTGCGCGGCTGT	0
CGGCTAATCACCAGGATGTG	0
CAAGCAACTTACTCCAACGT	0
CGCTCCCGTCGCGCACCTCG	0
TCAAAGCTTTAGCAGAAAGG	0
GTAAAATGGCCCAACGCCCA	0
TCAACGAGTCGGCGAACTGC	0
TTGCTAGATCACACACTACT	0
CATCACAGTCCCTGGAAAGC	0
CTTCCCCCATGCGAGCATGC	0
GTTAGCTGATAGTGTGTAAT	0
TCGAGTCCCTACTCCTTGAC	0
AAAGAGACGGGTTTATTTTG	0
ATGACAAATTTAACTACCAG	0
TATGATTCAAGCCTACCTCT	0
CGTAAGGATTATGACATAAC	0
GGCTACATCTGTTCCACGGC	0
AAATCAGGAAGCCACTTAAA	0
TCCCCGAATATGCAACTGTC	0
CTGCAGGGTTTCGAAACGCC	0
CGCGCCAGTCAGCGAAGGTA	0
AATTGCAGACTGCATGCCAC	0
ATATTGTGAACCCGCCACCC	0
ATAGACTGTGATCGTTCGGC	0
GTAGGCGCGGAATCAGTGGA	0
CCGGCCACATCAAAGTCCTG	0
GCGACACTGTGGAGACGCCT	0
GATGTGTTGTTATTAAAACA	0
TAACCAAGAGATCCGCCCAC	0
TTCTTCAATAGCCCCAGATT	0
ACACGGCATCGCTGAAATGC	0
GCGACCATTACGTACTCGTA	0
GCTCTGATGACGAGGCCGCG	0
ATGCTTAGCGATTCATAGGG	0
ACTTCACAATGCTCCCCAAC	0
GTACCGCCCATCTATGCTAT	0
CTCGCTATACAGCGATTGGT	0
CGCTTCCTCCCCGCACGCAC	0
TTCAGTCTAAGAGTACGGGA	0
AGAACGAATAAAAGAAATTC	0
ACTCATCCGTGATGTGACCT	0
ATACAAAATAGGTACGCCGT	0
GGCCATATCGCTGAGGAACC	0
ACGCTAATTACATCGCTGTG	0
GAAGAATATTGGCTGGACTT	0
ATTGGAAATAATAGACTCTG	0
CCATTGCATAACGCGCGTAA	0
TCTGCCAAATTCAGCCAAGA	0
TAAGAGGTAGTGGGTACGGC	0
AGGGTGACGATTATTCTTGC	0
GTCCGTCTAAGGGGTAATGA	0
CACGAATTATTCCATTGCTG	0
ACGGTTACAGGTATAAGCGA	0
GTCCTATGATGCCTGAAACT	0
AAGTTGATACCAGGCAGGCG	0
TACCGTTTTTCTGCCATAAC	0
AAATCGCTACTTAAGCCGAT	0
ACCTGTACGCCACAACAAGC	0
CAGGCGGGTGAAACCTTTGC	0
GGAGAACCGAACGAAGATAA	0
CTCTAGTCGACTAGCTATAC	0
GCTATTCCTATCTGAACACC	0
AAAGGAAGTCGGATCACGTC	0
CCTCTAGACTTTTCTTTGCA	0
ACACTTTCCCAGAGGTGAGA	0
TTCATAGTGTCAAGAATATG	0
CCAGAACAACGCAACCACCA	0
TTGCTAGTAAATCGTGTGTA	0
GGATACTTAGAAAAACGTTT	0
AATTCAGTATGCAGAAGCCT	0
ACTCGTGCCCAGCCTGCTCC	0
TACTAAGAAGCCATGAGGCT	0
TATAACTATGTGGTTACTTA	0
ACAGGGATGAAGAGGACTGA	0
TCGCGAGTAATTAAACGGTA	0
CCAATACGTACAAGCTACCG	0
GACACCGCTGACTACGATCA	0
TCAATCGAACATATCAACCA	0
CAAATCCACGGATCCATGTT	0
AAGCCAATCCGTACCTGGAC	0
ATCACCCCACCTTATTCGTG	0
TCTTAGAAAAGAGGGAGTCG	0
CATGAACAGATAAGCAGGGC	0
TATTATCGAAACCATTGGCA	0
TCTAAGACGTGACAGAATAT	0
ATAAAACGTATGCAAAACCG	0
AGAGGGCATTTCTTTCTTAA	0
CCGCTATCAATAAAACGGGA	0
ATGCTTTTTAGACACCCAAA	0
ATTTGTAACTACACGCTCAA	0
TTATTACGTTAAAACTATTA	0
AGCGATACGGAAAAAGTTCC	0
CCTACGAACACATGGATTCA	0
TCTTAGCAATTGGTTAATTG	0
TAGGATTTAGCCGGGAATGA	0
ATGCCTAAGGTACTTGTATG	0
ATCGAAAGACTAGAAAAAGG	0
CTCTCCTCCGGGGCCGTAGG	0
GAGACATTGTCTAAGCGAAC	0
ATACTTATCCAAACAGGCGA	0
TAGTATAATACGACAAAGCC	0
TCAAAACTTGCAAATACCCC	0
GTATAGCATGCGTATTAAGC	0
TCTTCTTCTTAGATCACAAT	0
AAATGAATACTTCACCCTTC	0
CGCCGCAAACGGTCGCACCC	0
GGTATCTGTTAGCTTGCTCC	0
ACACAGAGTGGCCACCCGTT	0
AGCGGATGCGATTGTGCAGA	0
ACACTTAAGATCCCCACCCG	0
AAAGTAGCAACCCGGGACCA	0
TCATGAATATGCAACCCCTT	0
AAAATTGCTAAAAATCCAAG	0
TACAACAAATCTAAAAACGA	0
CCTAACCAAACGCCTTCCAA	0
CAGGCGTGGACATGTCAGAT	0
AATAGGTGATTCAACCCCCA	0
GGGGGTTAGTCTAGGGTTTT	0
GAAACGATTTAGATAACGCC	0
TAATTTAGGCAAATATGTGC	0
TCGTGTGACATTCACCCACT	0
ACCACAACGGTGCGGACACA	0
TAGAGAGAGAACTATACTAA	0
TTACTGGAACGAGCAAGGCA	0
CCCAACCTCCTGACCCTCCA	0
AGCTCTACCTCCAGGACAAC	0
TGCACATTAGGGGACGGAAA	0
GACTCTACCAGCGATTGGAG	0
GGCTTACGCACCCAAAAACA	0
CACACTTAAAGCAGCAGAAA	0
ATGCCAAGAAACCTTATCCG	0
GCACATCAAGCCGCCTCTGG	0
AACCTGAGATAATATACACC	0
TACACTTGACCATTGACCCA	0
CATCGCCAGACGCCTATAAG	0
CATCGCTTAGGATGGCTAAG	0
TGACACCTAACGTATTCCAA	0
TGATATCCGCAATTGAGCAG	0
TGACCTTGTCGCATATTCAG	0
CCAATTAGCATAGAGGGGCT	0
ACTTCAAGAATATCAGAAAC	0
CTGCACAATTTTGAATTTCA	0
CAATCAACTTGTGACCCGCA	0
ATCCAGACAGAATCATAGAA	0
GAAATTAAACGGAATTTAAA	0
GCATCGAAGCATAACGAGTT	0
AACTGAGAAATCCGAATGCG	0
TAATCTGCGTAAAATGGTAC	0
GAAATGTTAGCCTCAGCCAG	0
GAAAAACTCAACGTCCCTCC	0
AATTAATTAGGTAATAACCA	0
CAAGAAACGTCAATGGCTAC	0
GGTCTGCACGGAGTAATGTG	0
GCCCATATAAAGTACCACAG	0
GCAGCAACCTACAGTTTCTA	0
AAAAAAGAGTAAGATCCCGA	0
TGAAGGATCGTAGCTATCTG	0
CGTTCAGATTACCGCGGGCT	0
ACTAATCGCTGTAGCCCGGG	0
TCAATTCCGGAGAGGGCTAA	0
GTACCTTAGTAGTGTTATCT	0
TAATTACTCCGACCACAGCG	0
CGGGCAAAAATTCCACCCTC	0
GTATCAGCAGGTATGTTAGG	0
CCTGGCACCAACAAGTTTAC	0
AGGGGGTTATCACCGAATAC	0
TATTACGGTGACATTAGTAT	0
GGCCCTCGCCAGTCTTTCCC	0
TACCTATGCCTGCATCTCAT	0
AAAGTAGGCAACAAAGTATC	0
AGCGCGACACCGCGAATACT	0
GCAAAAGGGATCTCAGCGAA	0
GTCAGTAAAGTCTGATCCAA	0
CAAGATTAGGATGTAGGCGA	0
TCTGATGAACAAATCTTATA	0
ATGTACACTGCTAGATGTGA	0
TGCACCCCTTGAAATGAACA	0
CCGGTAGGCATATACATGAC	0
TTGCCGATCACAGACACCGC	0
TAACCTCATCCCTTGCAGAC	0
GAGAGTATGGCACAGCCACC	0
AAAGCATATCTTAATCCTGC	0
ACTGCAGCTGTCGAGTAGGG	0
GTCGTAAAATGCGCAAAACG	0
CCACCACCCGCCGTGCCAAT	0
TCTGCAATAGAGTTAAACCC	0
GCAAATTAATCTGCTAATTA	0
GAATGATTGCCGACCGGCAA	0
CCCAGACCACCCCATAACCT	0
ACGGCACTTTCGAGTGACCA	0
AAACGAGTGTTTAATAGGTA	0
AAGCCGATCTGATTGGTCGG	0
GCGGAAACTAGACAAAGCAG	0
GAACAAGGATGTCCGCCCCA	0
TGGGAAACTGACCAGCAGAG	0
GGAAACGCCAGGTCCAGGAA	0
GCACACGACCGACATTTAGA	0
TCTAGTTAAGCTGCCTCTAA	0
CACTAACTTTAATGAATACG	0
GCGGATTACGGTGCAAAGAC	0
CATATCCTACCCAGTTTAAG	0
TTGGCAATGGACGTTACAAT	0
TTTTAACCGATGGGGCGTAA	0
ATCCCTACGTTTCCATACCC	0
TTGATACATATCCATAAACA	0
ATAGAGGTGTTTGCCAAGGA	0
TGCAGCAAGTAATGCTCGAT	0
ACACCGTATGCACGAATATC	0
GTGCCTCCAATTTGGACTGT	0
ATTGAATACAGGCTACCTAC	0
AAGTTACACTACATTATGTA	0
AAGCATCCTAACTGTTTTGA	0
ACAATCATCGTATACAAACC	0
AACGCAGTCATCCACCGACT	0
ACACACCCCACCCCGTACCA	0
TTACATGAGTTAAGCGCGCC	0
CTGTCCTGGGATCCACCTTG	0
CACGATGCTTAACTCCAGTC	0
TTAGCTGAAGATCTAATAAC	0
TAGGTTTGCGAGATAATATC	0
GTTTAACAATATCACCAACT	0
ATCGATAATGAACATAGAGT	0
GAAAAAGGACTGATGACAGG	0
AAAGAAGGGAATGCTAAAGC	0
ACTTGAGCGAGTGGTTATCG	0
AGAAGTACACAAAAGCTCAG	0
ATGTATGGTATGTCGTGATT	0
ACTGTGAACGATCAGAAGAC	0
GCGCACGTCATACCAAATGC	0
CCGCAAGTGCGATACCAATC	0
GCTCGATAGAGAATTAGATA	0
TCGTTAGGACCCAACGTCAC	0
GTGCCCCGAGCCAACGTTAA	0
AGTATGGAACCAAACCGTAG	0
CGACCTGTTAGCTTCGGAAA	0
ACCGTGAGGACAAAGTAAGC	0
ATTAGTGAAGATCACCTTCA	0
GCTGGTATCTTACGCGAGCA	0
CACTCCTCATAGCCTGCAAG	0
TTAACATTGCTACTCGCGTC	0
ATACGCAGACAGTATTAACT	0
CTGGATATCTATGGCATAAC	0
TAATAACCCAGATGAATCCC	0
GAATAGTTAAACACGTGCGA	0
ATTCATTTAACCGGGCTATG	0
GTCCACTCGCGACCCGCGCC	0
AGGCTAAAGCCGACGCCAAG	0
AATCCGCTCCCACGGTTGTC	0
AAAGTGACGGCCATGACGAC	0
TTTAGTCCGGCTCTCCACAC	0
CTACTACGCCAATAACCTAT	0
CTAACGGTACTTACGAGGCC	0
TCGTTTAACTATGGGTTCCT	0
ATTGACTTTAGGACCCTGGC	0
TTGTGGTGACGCCATACGTG	0
CAGCACGTGTATCCGCGACC	0
GTAACTTTCTATTGCATAAT	0
AACGACTGATGATTCCATCG	0
ACGTGGACGGCACCTACACA	0
CATTACTCAATCTTGTTAGA	0
ACTCCTATTAGCGACCAAAT	0
TTACACCAGAAGAGTAATGC	0
TCGATCACAAGACGCGAGAA	0
TGCCACGCACGCCACGAAGC	0
CAAGGTAAACGAGTCAATGA	0
AACCAAAATAGCTCGCTCCA	0
AACACTTTGCAGCGGAGCGG	0
GCAAATAAATACACGTAACG	0
AGGATGCTTTACAAGTGAGA	0
CCGTAAACAAAACGCATTTT	0
TGGCTAAGTTAGTAATCTTT	0
AGATACTGATGATATCCTAC	0
TTGTCGTATGGTGTGCCTGG	0
TGATGTGAGGCAATATATGG	0
TTACACCGCTGTTATAGAAG	0
CGCATATCTAGCTTGCTATA	0
TAGAAGCACGGGCACATAGC	0
GCGATATAATCAATCGGGAA	0
AAGGATAACATGATACTGAG	0
GCTGCTAAGACTACGACGCT	0
CACATGAAACACTACGTTAC	0
AGAACTCTTAGGGTTCAATT	0
AGAAAGTAACACGACCAGCA	0
ATATGTTATACATGGTCCCC	0
GACCACCCATGGCCTGAATA	0
GGTCCACCAATATCGTATGT	0
GAGGATCCAAATATGCTCAA	0
CAGGAGCAGAGCTAAACGAG	0
GTCCGAGTATGAGCTAGGTT	0
TTGAAACTCTAAGAAACAAC	0
GAGAGGTCGCCGTGCGGTCG	0
ATGAAACACGAAATAAAGAA	0
AAGTCAAAGATAACAATCAA	0
GATCCACGAACGCATGTCCG	0
TCGCTTTAGATTGTGAGAAC	0
TAGCCGTGACAGGAAAGGGT	0
TGGCCGTCAGCCTTCCCGCA	0
AGAGCTGGAACCTTCAATGT	0
ACCAGAACGGTTGAGACAAT	0
TTCCGGTGGAATGGAAGTGG	0
CAGCAGGTTAAATTAACACA	0
TCGTTACTTTGGCACCCGCG	0
CGACCGCTACTCACGTGACC	0
CGTTCTTATCATTCCAGTCA	0
AACCAATAGGATAAATTCAA	0
TATACCCACTTTACGCAACC	0
GATTTATTTTTAGTTCCATG	0
TAACAACTTGGCTCCAGAGC	0
GGACACACAACTTAGAGTAG	0
CACGGGAGACAACGCCCGAC	0
GGCGCCCACATGCTTTTTGC	0
GCAAAGTCCGCTAAAGCAAA	0
CGGTAATTTGTTTTGCTCTC	0
CAAACCGGATTTGACCACAA	0
TTGGTGGAAGATTCTATCTC	0
TTATCCAGCATAACCATCAC	0
AACCAACTCTCCTGCTGCAC	0
GCGTCGATCGGCCGTTTCAA	0
CCTTTCTTGTAAGGGACCCG	0
AGCATATTTGTCCATATTGT	0
ATCTAGATCCCATGATTTCC	0
CTCTTTGGAAATTTAAACTA	0
ACCTGCGTCCGTGCGAAGCT	0
GGAAGTGTGCATAAACGATA	0
TTTTAGTGATTACCAGTATA	0
GATTAGTATTTCATTGAACG	0
AACATGCTGTATGCCATTCG	0
CTTAAGAAACGATGCTCTAC	0
GGTTCAAAGAGTGACATGTA	0
TCTGACCACAACGAAAGCAA	0
TGTACCGGATCACCATAAAA	0
CAAGGCTGAACTGCCCCTCT	0
AGTAGCAACAGATATACACA	0
TGGATCTAAAAATGTCTCAT	0
ACCCCAACTAGAACCACCGG	0
AGCGATCTCTTAACAAAAGC	0
ACAACCTGGCACCTAACTTC	0
TGGAAAGACCCTTTAGAACT	0
ATACTCCCGGCGTGGCTATG	0
ACGTAAGTTGCCCTCACATC	0
GTGACATTGCAAGTGCAACT	0
ACAGCTAACAACTAAAGAGC	0
GAGGCTGATTCAAAAAATTA	0
CCCTCGCACCCCTGGCTGGA	0
TCCACCGCGATGAAATGACG	0
AACGCCGTTAAATAAGCGGT	0
ACCGAGTGAAAGGCTCTGAT	0
TAAAGCACTGCTTGGGTAGA	0
CCAATCATCACCTCAAATGA	0
TTTACGATTGCCCTGCACCG	0
GATGGCCTATGATGTATTCA	0
ACTGGACAACAGATGATCAC	0
TGCACACCGGATATGCTGAT	0
TTATGTATATAGCATATGTC	0
CTTTGGATGTAAAGCCCTTT	0
ACCATGACAACTTGTATCAG	0
TCATCATCTACCCCTTATGC	0
GTCTTTTGAGCTATAATCAC	0
AAAACTTTCCCCATGGAGAT	0
CAGACGCTAATAAGAACTAT	0
TGAGTAAGCTTCTCGGACTA	0
CATATCTTTACACGAAACAG	0
AGTCGCACCCTAATCCACTC	0
TGCAAATCCATCTTTCACAC	0
GTATAACCACTACAATGCAT	0
TAACTGAAAAAACCAAGGCC	0
GGATCTTTCCTGGCGCCATT	0
ATAGGCAATGGACAATAGAA	0
TAACTTGGTAAAAGCCACTA	0
ACGCAGGGGGCAGCATTCAG	0
AGAGAGTATATTGAGCCCGC	0
GTCGACTCCCCACTCATACT	0
GGGGCCTAAACTCGGCTTAT	0
ACGCATTAAAGGCGGCTTTG	0
GATAGTAACGGTACCTATAC	0
GTAGCTAGAGCGGGCTATCT	0
AAGAATAAAAATACATGATG	0
AATGAAAATATGTCATACAT	0
ACAGCTGCGGCACCTACCAA	0
AAGATGTTAGCAAGTTAGGT	0
AAAAATAAGGCGCAACCATA	0
AATGAATAATCACGCATACC	0
AGGTCGCCGCGAGTACCATT	0
ACTATAGTTTGAACTACCCA	0
AAATCTGGAATGGATCCACA	0
CTGAAGCTCAATTCCCAACG	0
CCGTCTCTACCCCCGCCACG	0
CTAACCAATGAAAAATGCTT	0
TATCTGATGACAAAAGCGTT	0
GTGGAGAGTCACTGAGATAT	0
AACTCGCTCTAGTGCTAAGC	0
AATTACCACCGCTCTGGCGG	0
GAGGCACCTCAATTACCCGC	0
CATTATACACCGCCGCCTTT	0
ACACCTCGCCATAATACCCG	0
CGAGCACACCGCCCCCATGC	0
AACAGAATGGTGTTCGATGT	0
AAGTGCCTCCGAATAATGTT	0
ATCAGAAGGGAATTACCTAA	0
GAGGGAGGAAACTACAAGCG	0
AGTAGCTTATGAGCTGTGAA	0
ACAGTGACTGAACGTCTGCA	0
TATTCTGCCCGCTCAAAAGC	0
TGCGGAGTGCCGGTCATGAA	0
TGTTAAGAAATTGTGCTCCC	0
TGACCTCATGGTGCTAACAA	0
AGAATAGAACCGAACCTCAC	0
GCGCCCGTTATCACAAACCA	0
TGGCCAGCAGCAGCCTATGT	0
GCAGGCCTGTCACTACAGTC	0
AAGCCCCATACCCCCTCAAC	0
AACGACTAACATGCATCGAA	0
CGCTGTCCCCGTTGGCATCA	0
GAAGCCAGCAACAGCGTTCG	0
ACCCTTGATACTCCTGAGAT	0
CTGTATCATCCAGAGTTATA	0
TAGCGTGTGACCGCAAGGAC	0
GGTTCTAACAGGGTGTTATC	0
GCGCGGCCAATTTAGGTGAA	0
AGAGCAGCGAGCCACTATTG	0
AGTGCAAACCGCCTTAATCC	0
GCGGATAGCACGATAAAGAG	0
AGCACTTTAGCAAGGTCTGT	0
GGAAAATTTAGGGGGCGGCT	0
ACTGACTGCAGCTAGTAGAA	0
AACAACTGCCTACGTTGCAT	0
GCCTCAATACCGTAAGTTGC	0
TGAAACAAAAGGTGCTGTAA	0
ACCACGATAACAAGTCTGAC	0
TTAGACTATGGTTGCTTGTT	0
TAAAACTAGTGCAGGAACAA	0
CACGTTGGACTATATAAACC	0
ATCAGATGGCAGCTCCCAAC	0
GACGTACCAACCCTCGCACA	0
CAATCTGCTTATTCGCATCA	0
ATATTTTAGGAACTTATCGA	0
ACCACGGCGGGGCAACGACA	0
GCAACGAGGCCATCAAGTGC	0
CTGAAACCTTAGCTAGGCAC	0
ACGGAGAAGGCCGGCACTGC	0
ATACTTGCCAACCCGATATC	0
AATGCTGCCTATATGGCTTA	0
ACATTACTAAAACTCTGCTG	0
ACGAAACAGTCCCCCACCAC	0
AACAGACCTTCCTTACCACA	0
AGCTAAGACAAATACCCACC	0
GCGCGCATCGTATCCTCGTT	0
TCACATTAGTGGAGAGGTTC	0
AATATACGCAGACCACTAGA	0
TAAAAACACCCACCGTAACA	0
AGCGGCAACCGTCCGCCTAA	0
GTAGCGCACCAACAAAGGTA	0
AGGGTATAGAGATGATAGAG	0
ATAAGATACAGAATCCGCGG	0
TATTTACTAGCTCGACTCAC	0
CTCCTTTATTCGGGGTTAGG	0
TGACCTAAACTTAACATGAT	0
TATATATGACCAACCCCATC	0
GCCATTATACAGGTAGGTGC	0
ACCTGTGGTAGCCTGTCCCG	0
ATAAATTCAAGTTTCCCGCG	0
ACGGATTAAAATTTGTTTTC	0
ACCAGTACTTACGACTTATT	0
AACGCCTTGAGGACACCACA	0
CAAACGCGTTTAAGGTTCAA	0
GAGCATCTGATGAAAAGTAC	0
AGCCCAGGAGACTTTGTGAT	0
TCATGGAACATGCCTTGAAC	0
ATTATCCCCGCACTGTGCAT	0
TGTTTCATACCGTAAAAGAT	0
TAACAGCGTTTGGACAAAAC	0
ACCGGGCGGAACACCTTAAG	0
GCCTCGGAGAAAAGCTATTT	0
AGCGAATAGGAACCCCATAC	0
AAAAGAATTGCTGAACCCCG	0
AGGCAAATAGATTTCAACCT	0
GATGCAAACTCCACCTTAAG	0
CATTCACGTCTCACGACCCC	0
ATATACCTGAGCTGATCCAT	0
AAGCTTCCACTAAATGTTAC	0
ATATACACAATACCTGAACT	0
CGGGATGTCACATGTGACGG	0
CATAGCGCGGATCCAAAACT	0
CGCACATCATTACGCTGCTT	0
CATATCAAATCCGCGGATTC	0
TCTGCGCTTATACTCCGTGC	0
GCCTCGTTGCTACCCTCCAC	0
CCTCGGATAATATAGTTCTA	0
ACCTCGACTAAGCCCAAGGA	0
AACAAGACATATGCACAGTT	0
ACACATATTAAATCCCACTA	0
TCAATTTAAATTTACAATCA	0
ACGAAATAGGATGTTTCTAC	0
TGCCCCTCAATTATGTATAC	0
TAATAAATTGTGGAGACTTT	0
GCTTTCTCGACCTCGCACCA	0
TGAAGCCGCACCGCCGAGGA	0
GAGCGTATGCGCCAGTCCAC	0
GTTACGCAAAAAATGTATAA	0
TTCTAGCATTGAACACGTAC	0
CAGGTACTGGAGATGAGTTA	0
TCAAATTCAAATGAACCCGA	0
TCTACATCATGCAATCTTGA	0
ATTAGGATCAAATCTAATTT	0
AACCACGTGACCTATTCCAA	0
GCGCTAATTCCGGAAGAAGG	0
GGTGGCTGAATGACCTACTC	0
CTCGGTCGAATTAAGCTGGC	0
TCTCTTTGCATGAGAGCGGA	0
AGAGACAACTTAGCATGTAC	0
GTTAGCAGCCAATAAGGCCA	0
TCCCGAAAAGGAAGATCTAT	0
TGATAATGCTGTGGCCTATA	0
TGAAGGTCACACACGTCCAC	0
TATTCTATGCAGTATAATCG	0
TACAGATTACCTCTCCTTGC	0
CGTTAGTAAGATACTAGGTC	0
TGATGCTAAGCGCTTTGTTG	0
ATCAAGAACAGTGATCGGGT	0
ATGAACCAAGCATCTATGTA	0
GTCGGACAAAAACAGATGCG	0
TGGAGACAATGGTTATAGGT	0
CGAGCTAAGTTTACAACTCC	0
GAGAGACGACACAATATCCA	0
GTATACGTGTCTTGCTTACC	0
TAATCTGCATAACTTGGGTC	0
ACAAACTCCAATCCTGCATT	0
AGAGTACGACTCGGAATCAG	0
AATTATACAGTCACCATCGC	0
CTAAACTAACGAACGGTCTT	0
TAAGACACATATGACTAGAA	0
TACCCGATCAGTACCAACAC	0
CACCGCGTAACTACCACTTT	0
AGTTATGATAGAATCGCGAT	0
ATCCCGAGCCATGGACCCGG	0
CCGGACCCTAAAGATACTCC	0
AGCAGCTCATGAATTACTTA	0
GAAGGCGGCGGTAGATCTGC	0
AAGTCACTAGGAGCGTTTCA	0
ATGTTGGCCTTGGCTTAGGT	0
TCTCGGCATCGAGTGAAGCT	0
AGCTCCATGAGCCGACATAG	0
AAAACACGCGATGTAACCTA	0
TATTCTTGCAAATCTCATTA	0
CAATCTTGTACCCAAGCTTA	0
TAAATCTTTAACCCAGGAGG	0
TTTCAGGGATAATGTATGTT	0
CATAACGTATTTAATATAAG	0
AGGTTTGACAATTGTTCATG	0
AGGACGCGTTCGGTGAGCTT	0
CTCTTAAGGAAACTATTATC	0
CAACAGTTATGAGTTAAATG	0
GACCCACCCGAATACACCTC	0
CAGTAATCCTTGTAATAGAA	0
AACAAACACACATAGTTATC	0
CCGCCTACCGCCGCCATCCG	0
ACTGCGCATCCAACAAGTAA	0
TGATACCGGGATTGGAAAAA	0
GTACGCAATCTTTGAATTTT	0
ATCCCGGGCAAAAACAAACG	0
CATGTGTCCAACAGATCCTC	0
TCCATACTCATCAGTATAAT	0
ACTTTTTCAACATTTCGCAT	0
TGTCAAATTGTGCCCCGATG	0
TCCGACCCGACAGGATCCCG	0
AAGCCCATTGCGGAAAGGCC	0
CTGCATATGATGAATCCGAG	0
AGACAAACTACCATGGCTTA	0
AAATGACACTATCCCGGAAT	0
TGTGCCAGAGCAGTATATGT	0
GATAAGTGAATTTATGCCTT	0
TATGGAATGCGGATATCCCA	0
TCGACCGAGTTATTGGATAT	0
GCGCATGAATACTCCTGCAG	0
AGTAAGCAGGTCTTTACCCG	0
ATAATAATGACGACCAACAA	0
GTAGGATATGCTACGAATCG	0
TCGTCAGATTAACTGATAAT	0
AATAATAGTACATGGCCTTT	0
ATGGAATTTGACTGAACGGA	0
AAGGAATACTAGTCCGTCGG	0
TCATGTACTATAAAGGTACG	0
AAAATTACTTAAATGTTATC	0
ACGCATGACGACCGGATTGC	0
GCACCACAAAATATGTAGAG	0
GGCACAGATTGGATTCTAAA	0
TGGGTGGATTGTTGGCAATC	0
GATTGACATTAAAGCTGAAC	0
TTCATCTGACGAAGACCTTA	0
TTAACCACCCGAAACAATAC	0
CTTTAGAATCCGCTTTAGCA	0
GGGTTGTTTTTACCTCCCAG	0
AAACTCTGAATGGATAGAAG	0
CTTCTTCTCATACCAACCCA	0
TTACCGTCCGAGACAACAGT	0
AATTTGATTGAGCAAATAGA	0
GTGCTTGCTAATAAACTTGC	0
ACGCATTCAGTGAAAACAGC	0
TCGTTTCGAAAGAATAATGA	0
CGCAAACACCTGGGTGTTAA	0
AGCACCGGATAAATTTTACA	0
GCGGGAAAGGCACCCTCGAT	0
GCGTAGCATATCCCCAACAG	0
GTATGTGCGAGGATAACGGT	0
CTATATTGCAAAGCTTCATC	0
ACTGCTTATAAAAGGGTGGG	0
TATGATGCATAAGACAGTAC	0
ACGCCCAGACATCTTACATC	0
AGAAAGTGATTGTAGTGAAA	0
CATATGATCTCAAGAAATGC	0
ACATCGTGCCATAATCGTGG	0
GCCCTTGATAATGGTCCCCC	0
TCGAGTGGTAATTAACCGTC	0
CAGGCTTATTGGTAGGGGAC	0
TACTCACTGATAGGAGTTAT	0
TGGCCCCCAAAAATCAGTTG	0
GATGGCACCACCAATGTAGC	0
CCCTGCTAATATATCATCCT	0
CTGGGGCCGCGTGCACCAGT	0
AGACTCGGTACTGTGCCCGG	0
TCGAAAACTAAACGCAGCTC	0
TTTACGATGTATACATCGTT	0
CTTTGTACCTCTATTATGTG	0
CGGGTAGGCGCACCGCAAAT	0
GAAATGACGCGATTACATAA	0
CAGCGCTCAATATGACGTAT	0
TCCTGCGCGTGAATACGCTG	0
TAAGTCACTTTGTTTAGAGT	0
CGCTTGTTGCTTCAGCGCAG	0
CGAAAAAGGGAGACAACGAT	0
ATGCCCCTTGGTTTTGAGAT	0
AGATAACTTGATAACGGATG	0
ATTGACAAACCATTGCTAAT	0
GGCGGTCCAGGTTACTCTTT	0
TCAAGGTTACACCGCGAACC	0
ACCGCAAAAAGGATCTTCCA	0
ACGGGGAAATCCCACGACAT	0
GGGTTATCTAGGACAGCAAC	0
TGCCCTACTTACGCCCTCCA	0
AGGAACTTTGAACCGGGTTA	0
TTTGGTCATACAGTGGGGTC	0
GAGCGCTTGACATAGCAACG	0
ACAGCCTGACTACAGCTTAA	0
ACCCTACCAGTAATGATAAA	0
CGCCCCCGGCCACCGTAGCC	0
ACACTATAATCAAAAGCTCC	0
GGTTCTTCTCATCTAGGGCG	0
AGACTTTACGTATGGAACGA	0
ATTCGTAGGTCGTACAGCAC	0
ACATATTGAGGCTCCAACAA	0
CAGCACATTGTGCGTGTAAA	0
TAGAAAATACTAATCAATTT	0
ATGATTAACGGCTACTAAAA	0
ATTGAATCTAAATACCCTGC	0
AGAAAGTAACACGTGCCCCT	0
GGCCACCTACTTACCCCTCA	0
GATCATCCCGAGGCCTGTAA	0
AGCCCGCCTTGACTCAATTA	0
ATATAAAGTAGACCGCAGCG	0
GGCAAAATCGATTGCTAAGG	0
CAGGCTACCAAAACTGCGAC	0
TATCCAATCGTCGACTCGCT	0
AGCGGAGCTTGCCCCACAGA	0
TGTATGCAGTGATAAACATT	0
AACACCGGCTCTCAAAACGG	0
TCTCCAAGTGGACAAAAGAC	0
GAAAGCTAATTGTATGCTGT	0
CGCACACCCACGCCTTAACC	0
TCCGCATCTCCCTCGACTTA	0
ATATAGTTTGATCAATTACC	0
TGTAGTTGAGCTGCACAGTC	0
GTCCCTTCCAAAGTACGGTA	0
GCAAGCGACACACCTTCCGC	0
TAGCAATACACAAAATCTAA	0
GCACACACTACTTTATCAAT	0
CCCTCGATACCTGCTTCTTC	0
CGGACTCAACAGTACTCTAC	0
AAGTTCGACAACGGGATCAT	0
CTTTGAGCTCGCGAACCGAA	0
TAAGAAAAAGGGTAGATGCC	0
TAGCGCAACTACGATGAAGT	0
ATAAGGTAGGTACCTGACAA	0
GCATAGAGGGTACTGATTGC	0
GATAAGAACTTTCAAGGTCG	0
CTCTGCCATTATGAACGACT	0
GAGCATACGTAACTCGCTCC	0
AAAATAGTACTACACGACGG	0
CAAACCGAACCCCTACTATC	0
CATCTCGACCTTCCATTCAT	0
AATCACAGGGAGATATAAAA	0
GCATTTAACCTCTGCTTGTA	0
AAGCACCTACCAAGGAACCA	0
TTGCACGGCTTAAACACAGC	0
TACGAATACGCCCATAATAA	0
GGGCTGATTTAACACTGGAA	0
AGGTCTACGAGCAGAAAATC	0
ACAAAAGGCACAGGATGGAG	0
GTGTAGATCAGCACCGCTGA	0
AGCTTGCAAACAGCAGCCTC	0
ATGAGTCCTCCCTGTACCAG	0
ATAGCGCAGACACTGATAGT	0
TCGGGTTAAGCATAGTAAGT	0
CACTGAAGAAATATAATGTT	0
GACAGATGAGAGCGCGCAAA	0
ATATGAATTCTAAGCGTAGC	0
TCATCCCGAAAACATTGCTA	0
AAATATCTATCGGAGGATAA	0
AAACGCAGATAACCGGTGCG	0
GTGGGACCACAAAGCTTGTT	0
CCCAGACAGACTGCTTATTC	0
TTTGCACAAGACGATTACTT	0
AGCAACGTTTCAACGCATGC	0
AACTCCGGATGCACGGCCGC	0
GGTTAAGAACACTAAATATG	0
TAGAGACTACGCGATAGAAC	0
GACGGTTCATTAGCTCTAAA	0
ACGTTCGGAATGATATCGGG	0
TGATACGGGGAAATTGGCCC	0
AGTCTCAACCCCCGCCCACT	0
GGGACTGTAAATATAAAGAG	0
CCACTGCACGTTCCCAGCCC	0
AGGGACTAACAGCTGGCGCA	0
AAAGCTCGTCTGCGTTACGC	0
CACAATCCAAAACAATCTCC	0
AGTATCGAACTACCGAACAA	0
AACAACCCACCCCTACTTAA	0
CAACTCAACACAATTATTGT	0
AAAGGAAATGGTAGGTATAT	0
AGATTCAGATGCATCGAACG	0
GAATGCAGGGCGCCTACGCA	0
GTATTAAATAAGTGGGCGAA	0
TGGTAACTAGACAAAGACAA	0
ACTGTCAAAATTGTCGGGGC	0
TTTCCCTCGATAGTGCACTA	0
CTAGTAATTAAAATTCGTAT	0
GCCACACTAGGACCAGCTGC	0
TACGCCGGAGATCAGGTTTA	0
AGCGGAAACCCGGGGCACGC	0
TACCCAATCCCTCCAGCCGA	0
ATCTACACATCCCCCTAGAT	0
AGGGGCTTGCCACACAAAGC	0
CGTCGGTATCGAGTGACATT	0
CGTCACTGTTGGTGCCAAAT	0
AAACTTTGCCCACCCGGATG	0
TCTGCGGATGCTCATCGGAC	0
AAAAATATGAGCAAAACCGT	0
AAAACCACACCACTCGAGGT	0
GTTGACCAATGGATACGTCG	0
ATCTACGCTAACTAGAGACC	0
AACGCATTAGCAGGCAAGAC	0
CGGGCCAATACCACCAAACG	0
GAAAAGTTTAGCATTTCATT	0
AGTGCATCTGATCTAAAAGG	0
ATCATTCGTGTGGCTGACTC	0
CGATGAACGAACCTGCGATA	0
AAGATTTTCGTTGTCAATTC	0
TCCGGGTAGTGATGTATGAA	0
AGTGCCTGCCGGGACCCAGT	0
TGCTTCATCCCTGTACAATG	0
TGGCTTCCGTTGCGATAGCT	0
AGCAAACCAGTTTCCGGAGC	0
GCGTTGACCTACACAGACCC	0
TATAATCTCAGATAGTGAGT	0
AATCATGCAGTGTTTAAGAG	0
AGCAGGTTAGCCACGTTACA	0
GTGGCTTGAAAATTTACACG	0
GGTACCTCGGATTTCTAAAT	0
GCGTGTCATGTTGACCTGTC	0
CCTAGCCGGAAACCCACAAC	0
AAAGTGCACAGAAGTAGAAA	0
GATTCGAACATAATTCAAGC	0
TATCATTGCCCGCAAGTATT	0
TGAACGGATATTCCGATCTT	0
GCTGGTGACACACATCGAAC	0
TCGAAGAGTGGACAGTATTG	0
GACAACGCCTACACTATATC	0
CCCCGCGACCCTGAATTCAC	0
GATTGCTGGCGGGGGCGCCG	0
AACCCGTGATAGTGTCAGCC	0
CCTAAGACTATAAAGCCCGA	0
CTCTGCGCTGACGCGCGCAT	0
TAAGTTTGCAAGTCGCTTTG	0
ATGGTCTAAAGAGACTCCTA	0
TATCTCTGCCACAACAACCG	0
CCAGGTCTTAAACTCTCCCT	0
TCCTTCCACAACGTTGCGTT	0
CACAGATCACGAACGTTAAC	0
GCTTAAGAAGACAGTACCCT	0
AATTGACGTATCCCCAGTAG	0
TCTTACAATCATTGTATTAT	0
ATGGTCCATAGAACGATGAT	0
AGGAGGTATACCAGTGTTAG	0
TCAATTAAAAGGAGCCTGCT	0
TCAGCTACGCTAACATCCCT	0
ACGTGGAGCTGGAATAGGAC	0
TGCTGAAAATTCATCAATCA	0
TGAAATTGTTGAGGGGACCT	0
TTGGGGGTGACTAGCCGCGG	0
GATAGTTGTCGTATCATGCT	0
GCAGTATGGAATCGTGAGTC	0
AACAAGCTAGTTCCGATTAT	0
CTGCCCCCGATATAACTTAT	0
TCGTATTAGCTCTTGACTCC	0
ATCTAAAGATGACTAGTTCG	0
GTCCCAAAAAAGGTGTTCCC	0
GACACTGCCTGACTTCACGA	0
GCGCTTTCGACGTATTCTCC	0
CGCGGACAACCGGGCAAATG	0
AAATGGCCTCAATCCGCTCA	0
TACGTCGCACTCAAGCTTCA	0
ATAAACCTGATGACGCTCGA	0
TGAGCAACATGAACTGGCCA	0
GTGGAGAGTAACACCCCGAA	0
AGATTACAAATAGAAGCGGG	0
ATTCGCGCACCTGCACGATC	0
AAAAGCGTAACATGATACGT	0
GTGGACAAAACACCGGACTG	0
CACATACCTCCGATGGGTCT	0
GGGGCCAACTGTTGCACGAC	0
TTTGCAGAGATGTCCTCACC	0
ATGATGTACTGCATCTGATT	0
CGGTGTTGACGGTGCATCTT	0
GACGAGTAACATTTCTCCCT	0
AAAGAAAAACCACTGGCGTA	0
GAGGAGCCGGGGTCCATCCA	0
TAGTCCCATTCTGAAAGATA	0
CGGCTATCTGCGCGGAGGAC	0
AGGAATGTCCCCGCCACCAC	0
ACTACTGGACGACCACTCGC	0
AATAACAGTCGGTATGAGTC	0
ACGGAGAAAAGCAACCAGTA	0
TTAAGGGTGCGAACTGCGAC	0
ATACACGAAGGACCAACGTG	0
ATGACGTAACGGGATAAAAC	0
AGGGCGCGAACAATACCCCG	0
TGGGCGCAACAACAGCGCAC	0
CCCGAGACCTACCTAACGTC	0
TGTGACCCACAACTTGCGCT	0
AAATAGCCCATACATCCATG	0
GAACTAATTCCACTCATTAA	0
CTACGATGGAGACTGGGCCA	0
TTAATTGGGCACCCGAACGG	0
CACGTTAGTACGAGGGCCTT	0
AAAGACCTGAATACACTAAC	0
ATAGACTTTACATAAAGAGA	0
CGAAGTGACGAGGAGGTTAT	0
GGGTAGCGATTATTATTGTT	0
GTTAGAGGGCCTGAAAACCT	0
ATAGATCTAAGCACAGACGG	0
CGCTCAACTCAAGAGCTACC	0
AAGAAATTACAACTGGCAGA	0
ATTTTTTAAACAGGTATATA	0
ATAATCAAATAGACGCACTT	0
ATAGGAGTAAATTTAAAGAG	0
TTTCGCCCATATATAGGAAC	0
GCGCACGTATTGCCTGCCGG	0
GTCGCATAGTTATAACAATG	0
GCCCGGGGACATCAACAAAC	0
AGTGTTCCGAAACTCTTAAG	0
TAATGAAAATACCCCAACGT	0
AATAGCAGGAGTTGCGTATT	0
AACATATAACATATCACATT	0
CATTAAAGACCACATTTTCA	0
TCTGTATAATCGCAAGTGTT	0
TACATATAGCAAGGGTTGAA	0
AATGCATACGCCCCAACGAG	0
CCGAAGAGCTCACCGGACTT	0
AAGTCTGCTCAAGGTACTAT	0
AGAGGCGATGCTTGGGATTG	0
ACGTTAGCGAAAATTGTATA	0
AGATCACGTAAGATAATAAT	0
CGGTCCTAACAGACCTGTTG	0
AGCCTGCTCCGCCACATATG	0
AAACAATAATCCGAGTAATC	0
GACATTTCTACGCAGCATTG	0
GAAGGCCATGAGGGTAAGCA	0
CTGCACCGACGCCGTATAAG	0
TTCGTAACAGCACGTTCCAC	0
GAATCAAGTCGCCAGAGTGT	0
CGCCTCAACCAACCGCACAC	0
GGATTTCCTCGCTATTTTGC	0
CATCGTAATGGAAATCAATT	0
TTCCCCGCGACGTGTACAAG	0
CAAGACCAAACACAAGCTGC	0
CTAGATATAGTAGGTTCTGC	0
CATTCGCTTTATTACTCCTC	0
ACACCGCGTAGTAAAGGAAA	0
CACCATTAGCGTTATTGTCA	0
ACATAATTACCAAGAGGTAG	0
AGGATAGGTTATGAAAGAAA	0
TGGGCCTTGAAAGCAACAGA	0
ATCCTTGACGACACATAGTT	0
TAATCTTGATTATGTGTATT	0
AACATCAAGCCATGTTACCA	0
GCATCACTCAGTTTCACACT	0
TCAGCTCTGCGTATGATAGT	0
TGATATAGTAAGTAAACCGG	0
ATTAAAAGCCTGGTCGACTA	0
CCGAAAAAATCCCCTATTAC	0
TAACTTGCCTGTAAAAGCGG	0
GTATAGACCGAACGGTTGGG	0
CGTATAATGGGCACAATACT	0
GCTTGAGACGGAGTGTGTGC	0
CTTGATGACCGTACAAGGCA	0
GCGTGTAGAACATGATCGAA	0
TCGCCTGGGTGTTTAAAGGA	0
ACTAGACTCATACCTAGTTT	0
ACCAAATTGACCCACTGCCA	0
TTAATTGGATGCATGGCTGG	0
ACAGTGCGCTTACGAACGGC	0
ACTGTCTATGAATTTGAGTC	0
ACGCACAACCACGGAGATAG	0
GTCGTCCGGACCAGGCCATC	0
AAGCACCTAAACTCTCGGAG	0
AGTCAGGCGGCCTATTCTTG	0
GCGAAGACCAAGTTGCCCTT	0
GGGAGGAAAGTGAGAAATGA	0
ATATAGTCCAAAGGTATAAC	0
GGAGTGGTCAGTACATGGAA	0
CCAAGTTCAAGACCACCAAA	0
TCCTATACTGGCGGACGTGA	0
GTGTCTATATGCAGCACACC	0
GCTATGATGGAATGCCTTAC	0
GGTTACATGACATGGAACGA	0
CATTAGGACAGATGCACTGG	0
TTTGTAAACACCTCAGCCAA	0
ACGCGGGAATGGAGTAACTG	0
AGCATGAGCTCGGGAAAATT	0
GATGCTTACTCATGCAAACA	0
CGAATTAGTACATTTAATCA	0
CCTTCTAACACGTAGGCTTT	0
GCCCGAAAACCAAACGGGAA	0
AACACGTTGGATGGCATGTG	0
ACGCTAATCAAACCATTTCA	0
AGAGTGTTCACAAACAAAGG	0
CAAATCTAGCAAGCTAAAAG	0
GAGTTCGCAACACCCCACCC	0
AGCTACGGACACACCCGTCC	0
ACCTATCTACGTAATTATCG	0
GCCTGCCGCGGCCTCATACA	0
CCGATAAACTGTACACCTCA	0
TATACGCTGGCAGCCAACTA	0
AAGCAATGAACACCATATAC	0
TGCATCTTGGACGACCAGCA	0
AACGTACAACAGCCGGCGGG	0
ACCAAGGCACCCGTGATCGA	0
AATGCCCCGCTTGCCTGTAA	0
ATTGCTAACGTACGATATAC	0
TACCAAAAGCGTAATTAATC	0
CCCACCTCACGATAGCCGCA	0
TAGCCATCGCCCTGTGGTCG	0
TCGGATATTCTGGACACTGG	0
AAAAGACCGTGGTCCTTAAA	0
TACCACCATTACCGAAGGTC	0
TTTGACAACCGCTTTCCTTT	0
TGGATTTTCGGGTAAAACCG	0
AGCGCACAAGATGAATAATG	0
TACCACTTCAATCCAGCCGA	0
AACAAGTCACGCTTGACTAC	0
AGATTTCCTGTATGGACCTG	0
CGGTACATGAGGAGCCCGAG	0
TTACTATTGTGGTTAAGGAC	0
AAGGTACAGACCAAAGGTAG	0
CAGGTTTCTGGTGTGAGCAG	0
AATCAATAATGTGGCAGAAG	0
TCCAGCCGGACCTACCATAC	0
GCCAGAGTATCCGAGACGAT	0
CTATGCGTTTTTTTGTTTGT	0
AAGCGCATACAAACCATCCC	0
TAATCGTGTAGATGAGTGTC	0
AATATAAATTGCGCGAAAAT	0
TTTGAGCTATGAGGCGTATA	0
GGACAAAACCCGTTCATTTC	0
CTTGACTGTAAACAGGTAAC	0
CGACTACGACTGAACATCAG	0
ACGTAGTCAAGTAGTGAAAG	0
ACTGTTGGGGCTGCACTGTA	0
GACCACTACTAGCTTCAATT	0
ACATGGTGAATCATGGATGT	0
GTAATACAGTCATTCTATCA	0
AGAACAACATAAGATGTGAC	0
ACGGAAATAAAACCCGACCG	0
GAGGAAAAGATTTGTTACCG	0
ATAGCCTGATAAACCAGCCC	0
ATAAGATTAGAAACATCATT	0
GTAATGTGCTGGCCATAACA	0
AGCGCCTCACTACGTTTCAG	0
TGTAATGGACCTAACCGAAT	0
GACTGCTGAGATACAGCACT	0
TTCCAAGCGAGAGGTCCGTA	0
AAACAGCGAGGAAACAAAAT	0
AATGGGTATTAGAAAACGAC	0
TAATACTTCCGATTCTTGGG	0
GGAATAGCACGATCCCAATA	0
AATGGTACCCGTACCTCCAG	0
GGTAGATTAACCTTGATCGC	0
TTGAAGCGGACGATTACGGA	0
ATACACGCGACAGCATCTCC	0
CTCTTTCAGAAACGCCCGTA	0
TTTCCCATCTTAACGTAACA	0
AAGCGACTATAACTTAGGCA	0
CAATGTCTACGAACCCTGTT	0
GGAACTTAAACGCCCACTGG	0
GGGATCAAGATACTCTTATC	0
TCTCCCGGATCATCATTCGC	0
ATCCCATTCACCATTAGCCC	0
GCTGCATCGCGTCGCTGATA	0
TACGAAGTGATAAAAAGTGA	0
TGCCGCTATTGCAAGGTTAC	0
AGTTGTTTCGAAAATCCTTC	0
TAATAAGCCAGTACATGAAG	0
GAGATCACCGTAAGACTGGT	0
ACGAAAGCAGATCGTTGGTC	0
CTACAAAGGCCCCGTCCAAG	0
TTCCTACCTCCCAGCTACTC	0
TATGACTTATTCAACCGCGT	0
CCGGACCATAAGGCTGAGAC	0
TAGAGCCTTTAAAGTAGCCA	0
TATACTATAGATGTAGCCGG	0
AAACATAGCCCAGAGATAAG	0
TCCCGACTGTTGACGGGACC	0
ATGGTGATAGTCGAACAGGT	0
GGTTTGTATTATACCAGTAT	0
GTAAAGAGTACCTAACCAGG	0
GGAAAGTATTTACTATCCTA	0
ATTGTATTATTAACACCGAA	0
TACCGCTGAATTTATTCTGG	0
AACTCCATCCCGTCAGGTGC	0
ACGGTTACAGTACCAGAAAA	0
CATTTACGTCTAAATCACCA	0
GCAGAATCCGAGAGTCTACA	0
GTCGCCATCATACTGCGACG	0
AACCGGCAAAGGCCCTTACA	0
ACCATTGATTGTTATGGCAA	0
GATCCAAAGTACAGATAACC	0
TAAATTGTATTGTTGATCAA	0
TGAGCGAAAAGGCATCTACT	0
GCGCGGATATTGAACGCGAT	0
ACGCCAGCCCCCGCCCCATT	0
TGATAGTGCAACTGTCTAAC	0
ATCCCTCCACGTGTCCAACT	0
CATGTAATCCCAACCTCTTT	0
TAAGAAATCAATTTAGTTAC	0
AGACTATAGAATTCGGCCCC	0
AGCAAATAGCTCACAATAAG	0
TACGCGTTGGATAACCAACT	0
GTAGCGATTTGAGGCGGTTG	0
CGGGGCCGAGAAGCGTACCA	0
GAACTATAGAACTAAATGTA	0
CTGGAGCGTACCTAGCCCAC	0
ACAGGTAAGAGTACACCGCC	0
ATGCTCGGTTTGCTAGCTTG	0
AACTACGGGTTACTGGTGTC	0
ACCTGCCTCGATACACCGAC	0
CATCGTAATAATATTAGCTT	0
AGCGATCAGTAGTCTACTTC	0
GCAAAATAACTCCAGGCCTA	0
GAACCCATAGTTCCAGAGAG	0
TATCCCGCACTCATGCGTGA	0
AAAATCTTGATGCTGTGCCG	0
TTCGCGCTCTTTAAACGGAA	0
AAGCCAGCACCACACACGAT	0
GACCGCTCAAAGCACTTAAG	0
GCCCCGGTAGTTTATATATC	0
CGCGGTGGGACATTCCCTTG	0
GGAGTTAGAAATGGCGGATG	0
CGGGAATGACTGACTCCGGA	0
ATGACGCGATTGGGCAGACA	0
ATTCCGCCCAGGTATAGATA	0
TAGAAATGCGCACGCTCACC	0
TGATATATATGATTCTAGAC	0
ACTGTTACAGCCGCACGAGG	0
TAAAGCGCCAGTACCAAATA	0
ACCGCGAATCAAATCCATTG	0
AGGCACAGCTCTACACATGG	0
TGCAGAATCAATATCCTAAC	0
ACTGGTTTAGACTCGCCCAA	0
CTCAAACGTGTACAACCACT	0
CCCTTGACTTGCCCCGCCAA	0
ACAGTCGCCCTCACTAGAAT	0
GCGAATGCTCAAACTACATG	0
ACGTGTCGTAACATTCTAGT	0
AATTTATAGGCAGGAGATCG	0
TAGTACTTAAAGCAAGCAAC	0
TGCGGCTCTCTACCCAGAGA	0
ACCCTAGGCTTCACCTAAAA	0
TTCTCTACAAACAAGATGAA	0
CTACGTAGTCGCCCTCTTAC	0
AAGTGATAAGTACCCCGGCC	0
ACCTCCTCGGGCTCATGATT	0
GCTGTATGACTCAACTAAGC	0
GAATATTCCGTGGACATATG	0
TTATTACCTCATTGATGTTC	0
AAGGAAGAATTCACGGAAAA	0
TAAGACGCGCAGATAGCGAG	0
TTCCACTAGCAATACACGAA	0
ACTTATTGGAGGAAATAAAT	0
AAGATATTTGCAACCTAACG	0
CAGACGACAGCCGACCGAGA	0
AACGAGACTAAGAATTCGAC	0
ATACCTTCACTACAAATTCT	0
GGGGGGCATTGTGCATACTC	0
TTTGATTTATCACCGCACAA	0
CTTAAAAAGACCAAGAGCGA	0
GCATAACCTGGTCACTCCCA	0
GCGACAGTAGTTACATCATT	0
GTTGTCTCGGCACAAACGTG	0
GCCGCCAACCGGCCCTTCTC	0
ACGCAAGCGGCCTGCGTACT	0
GGTGCTTCCAAAACGAGAGC	0
TAGCGACCCAGGTCGCATCT	0
CCTATCCCCAAGCTGCGTCA	0
ACCTACCATGTTGAGAAGCT	0
ATCTTACGACGCACGTTTTA	0
CAAGACATCGCCAGGCAAGT	0
GCCCTCCCCCCGTAGGAGCA	0
AAGTCCTATTACAAGCAATC	0
TCCCCCCAAACCGAAAAAGC	0
AACTGCTTGTGATTCTAAAG	0
TGAGGCCTCACAAACACTAA	0
GCGCACGAGAACACAACCTT	0
ACTTCTAGTACCTTTTACCA	0
CGGATGGCATCTCTGATATT	0
TAACTCAGCAGTTCACAAAG	0
GGCCTTCACCGAATAAGTTC	0
AAAATTACCGTGGCCCTAAG	0
CTTAATTTTATAGTAGTCCT	0
ATAAGCTGCAGACATGTCAA	0
TTTGTCACATAGTTAACGTT	0
CATATCGCGCAATAAACGAT	0
GAACAATCGCATTATTTAAT	0
AGATAGATTGTTTAAACCTA	0
GCCTATGAATCCTGGATCCT	0
GGGCTAGGCCCAGATCTAAT	0
CTCACCGACCCAGTGGCTAT	0
GGACTACCTCGCAACTGATG	0
GCACAAATACACGTGATCTG	0
ATAGGGCTGCGGCTTCTTGT	0
AATGACGGCTGGATAATGCT	0
CCCTCCATGGCTTGGCTGCT	0
CTATAGACCACCTTGTAGCA	0
AATTAAACCATCCTACTATT	0
TGTTTATCAATGCCAGAAGA	0
GAGGAGTAACCTCATACTCA	0
ATGCAAAACACAGCTCCTAT	0
CTGACACTATCACGGGATCT	0
ATAGGCGCTTGGACTCACGT	0
GGTATAACTCAAAGGCAGCA	0
ACCCAAATACCCACCCACTA	0
AAAAATCTACCATTTTAGGC	0
AAAACGCATGATGTCTCTAA	0
CTTTACCAATGCACTAGGGG	0
AGTGAACGTGAAAAATACAG	0
CATGTACAGTTCAGTAAACA	0
TAAATCACAGCCACTCCAAC	0
ACAGTCAGTGGTACGAACCC	0
CGATTACACAACCATTATTC	0
AACAGTGAGGAGACTCACCA	0
GTGTAAATCAGGAGACTTTC	0
GTCCGATCAAGGCATAAGTA	0
TACATACATATGACAAAAGC	0
AAACGCTATCCACCCAGTAT	0
GCTGACCCCGTTTTATCATG	0
ACACGGCTTAGAATGACCGG	0
GGTATTGCGCAACACGGGGC	0
TAAAGAGCGATTACCTACTT	0
CCTCAGATGCACCCCAACCT	0
ACCAGTTCCATAATCGTGAA	0
CCTCAGAGCCCGTGAAACTG	0
ATCACGATGCTACTGGATTT	0
AACTTAAACACAGGTACACG	0
TGGGGATCCGTTGCCGTACC	0
CTGGGTTAGGTCTGACCGTA	0
TATTCAAGCGAGTTGGTGCA	0
CAAGGTGTCACACATTATTC	0
ACAATTAGTCTACACTTTCC	0
GGATCAGAGAGCCCTCCCCC	0
ACTTGCGTGGGCTGTTGGGC	0
GTGTTTACCCTGAGAGCAGG	0
TCGCAGTTTGAGCGACTCAG	0
TATTACGACGGTGCGCAAAC	0
CATCGCGAATTGCGTGATGC	0
GGAAGCCATGGGAAAGCAAA	0
CTGACCACTCGGGGGCATAG	0
ACCTCTTGACTACGAGGACC	0
GTCAGTCTAAGGATAAGGAT	0
ATCGAATCTGAGCAGCATAT	0
CGAACCGCCAGCACGTTTAA	0
ATAGCGACCACATAACTTGG	0
TCAGTGAGATACGATTACAA	0
CACCCGCACCCGTCCATCGA	0
CTGACGCACGTGCATGCGCG	0
CACGTATACCAAATGTAAGC	0
GCCCGAACCACTGAACTTCA	0
ACCCAAAAGAAGAATACTAC	0
GAATGCTTAACTCTGCGTAC	0
CACAGCCTGATACGGATAAA	0
TCGTATACGTCAGACCTGAG	0
CAACCCTGGACCCCCCATGT	0
CACGTTATTCAAAAGGAATA	0
ACTGGTCTTGCGACGACCCC	0
GAGCAGGCCGCCGCAGCCTG	0
CACTAAATGACGTTGAATTA	0
AACGCTTTTCGTGTTCTTCG	0
TGGGCGATGGGATACAAGGA	0
GCGTTGGCAAAGTTTCACTA	0
TGGCACACGTGCAGCAAACA	0
CGTTGCAATGAACTGAGTGC	0
TCTTAACACGCATAAGAGAT	0
TCTTTAAGTTGACTCTTAGG	0
GCTTCAATGCGCAAAAGGCT	0
TCTATCTGTACCTTTGATAC	0
ATTACCTACATGACAAAAAC	0
GTTTATGAAAAGTTGACATT	0
CAACAGAAACAAGGATGCCA	0
GACCGCTAGCGATACGAAGT	0
GCAATAACAAGTATCTTGTA	0
TCCAGAAAAAGTGGACCGTA	0
AAATAAGAAAGAAACAGCCA	0
CTATAGTACCGACGTTAACT	0
GTTTGGCATGGCGTGCCAGT	0
TGGATATCGAACTCAACGTA	0
TCACCGCTAACTCACCAGAG	0
GCGTAAGACAGATGCAGTGC	0
AACGACAGCGCCATCAATTC	0
AGACATATCGGGCCCATAAA	0
TCAGTTGAGAGCACACATAA	0
CTCCAGGTAGTTGCGATGTT	0
AAAAGGAAATGTGTTTAAAA	0
ATTCCAAATCGATAGCCTTG	0
CAGTATAAAACACTCGATTA	0
AGTGTGGGAGGGCTAAGCGT	0
TTAAAAGTTTGTGTGTGTAC	0
GCCTTTCAAATGTCAGATAG	0
GCATTGCGAAGACATTGATG	0
CAACTTTGTCGCGCGCCTAA	0
TCATTTCGTCACTCTTCGGA	0
GACAGGCCAATGACTTTACG	0
GGACCGATTCTACCGTTGGT	0
CGCAGGACCTCACCCCAATT	0
AAACTTCACCCCGAGAATTT	0
GAAGCATGAGCAACCATCGC	0
AATGAACTAGATTCATCGTG	0
ACGAAGGACTCGCGTAAGAA	0
TCCAACGCTACTATAATTAT	0
CATCAGCGCGATCAAATAAC	0
TGGGGTTCCTTGGTGCAAGC	0
TTCCTGACCAACGCAAGAGG	0
AGCAAACAAATTTAACAGCC	0
TAAAGGCCTATACCAACCCG	0
GAAACAGTAATGATTGAGGT	0
AAGGCATAGGTATTTTACAT	0
CGCAGGCGACATTAACCATT	0
GCACGGTCACGCTACACAGA	0
ACGAATGAGATAGGCAGCAC	0
ACAATGGGTCGTCAGCGCAC	0
CCCCCACTAAACGTCGCCCA	0
GATTAGCCCGCACGCTCTTC	0
TGTCATGCTTGGCGAATGTG	0
GCGACCCATGCTTGTCTAGG	0
AGTAAGTTTCCCGCTGAATT	0
TAAGTTGGAAGAAACGCCTA	0
CACGTACTTATATGCTGTAC	0
CGAGAGTCCTATAACAGAGT	0
ATGCATATCGTGAACAGAAT	0
CAATAAGCGCCTTCCATAAT	0
CCTAACCAAAGGTAGGCCCA	0
TTTTACAAAGCCACTGTACG	0
AACGCTTCCCAACAAACGTA	0
CTAAATATTAGAATTGTCCA	0
TGAGGGTCCACCCGCTAGGA	0
GAATTTGCGACTCAGACGCG	0
AGAACGTCCGATTATTACGC	0
CATGAACGCCGATATTCACC	0
ACCGGTCCCCGACATTGTAA	0
AGCTCTTTGTTTATACTGCA	0
ATATTAACGTTGCGTTCCTA	0
GTCAACGTGAGAGCCAGTTC	0
TCCCCCCCCGTAAACGGGGC	0
AGGTTGCATGGATGGCTATC	0
AATTGGCATATCACACCAAA	0
TAAGTTCTAAACACGTAATA	0
CAAACAAGGCTAGCTAAGCC	0
CAATAGCAAGACGGTAGTAG	0
ACTTGCCTACCCTAGGCGAG	0
TATAGCACATGAGGTATTGC	0
ATTAACGGAATGGAGTCTTC	0
GCGTACTGTATAACGGTGAC	0
ACAGCAAAGTGAGGTCGAGA	0
AAGACTAAAGTTGCACCTAC	0
AGCACTAAAGGCTATATTAC	0
GACCTAGATGAGCCCGAATT	0
GTGTGAAAGCATATGTACGT	0
GTGATGCTGGCTTAATCCTG	0
TTACAGGGAGTGCAGAGTAG	0
CCCGTCCATACCCTAACCCA	0
CGCACTTTGTTAAGCGCCCC	0
TCTATCGAGAGCTGATGCAT	0
AAACCAAAGTAGGATGTGCA	0
CCCGCATCACCAAGCACAGG	0
TAGCATGATTATGACCCAAT	0
GCTATATCTCAAAACACAAA	0
GCACTACAGACTTGACCACT	0
CCGTAGTATCTGAAACAGGT	0
ATGATCGTACCGACACTACT	0
TCATTCTAAGTGCGCCATAT	0
TAAGAAAATATCCTAGGTAA	0
CCACCTGAATAAGCCGTGCT	0
GTACCCTAACAGGGTAGCAA	0
CGCAGCAGCCTGACCCCATT	0
ACAATATCCGGACACCTGCA	0
TTTTGTAGAACTACTAAGAC	0
AGGAGAAAGCAGCTTCGTTA	0
AGTGAATTGAGAACGCAGTA	0
GTGGGCTGTAAAACCTGAGT	0
GTGGATGTTCTTTAGACTAG	0
TTACCAGCGACCTAACTCTC	0
TCGGCCCGAGCCACCCCATT	0
ACGTAACATAGAACTCATTC	0
CTTAATAGCGACGGATATAC	0
AACTCCTCTTCCCCCATGGG	0
ATAGTTTAAATTCAATTTAG	0
AGTAACACCCGCCGGGACAT	0
TCACGGCGAAGCAATGATGA	0
GGCAATCAAGTGTGAATAGC	0
GGGTACGGAACCAAAAGATT	0
CGATTACTATATCATGAAAC	0
GCAGAATGGGATGTGAATTA	0
CCCAACAGCCCGTGGAACCT	0
GCATTACGTCAGCTTGGTAG	0
TTCGATAGGTAAGGCTCGGT	0
CATATGCTATTCCGGCTTAA	0
ACATACCAAGTGCTCCATAG	0
GATGTTGTGTAGCGCAAAAT	0
TCTCTCAAGCCTGTAGTACC	0
ACAACAAGTAACATCACCAC	0
AGTCAACACCACACGGAACC	0
TTATAGTCCTCGCATCCTAT	0
CAAAAGTATGTGTTACGTAC	0
AAGCTTCTTGACTCTTGAAA	0
ACCGCGAACCGGAACCGAAA	0
ATTCCTTTGTAGACGACTTA	0
TGACACATAGATAGATAACT	0
TCAATTGGGGGCAAGTACCA	0
TTAACGTGGGGAGGAGATGA	0
GGGAACCACGCACTCTATAT	0
CCATGCGAACGAGGCATCCC	0
TTCACCCGGACATCTGTTAC	0
AGCTTGATACTGTGGTCTCC	0
CGCAAAGTGAGGCTTGGAAT	0
CAAGAATCGTTGAAGATGAC	0
GGGCCATGAATACGTATGGG	0
GGGATTAGTCCTCATATAGA	0
ACCGTCACCTTATGCAAAAC	0
GTATAATATGCATGGGCAAC	0
ATGAAAGTCCCTAGTCTCTT	0
ACGCCAATGGTGTAGGATGT	0
GCTAGGTACTGAATTTCATT	0
TACAATAAAAACAACGATCG	0
GGCCAAGACGCGTGCACAAC	0
GCATCTACAGCGAAAGATAT	0
AAAAGGTCGAGGATACATGC	0
GGTCCCGTTGACTAGTACAA	0
TAAATACGGACTACATTCAT	0
CGCAATACCGTGTCCTGTCC	0
AGTGTTTTCCCATGCCCGTG	0
AAGTGCTAACATTCAGGCCC	0
TCGAGATTACCCGTAAGGTA	0
ATAAACAGGTTTACAGTTAC	0
GTGTGGTATTTCCCATTTTA	0
TTACACGGTGTTACCAATGA	0
AGACTCGAGCCAGGATACAT	0
CGAGAACCCAAAACTTTCCC	0
ACGTGACACAGACTCCGCTG	0
CTCGCCATGCCTATCGCCCA	0
ATAGGACCCTGAGCCATGCC	0
TCTATCATTAAGCACTCCTG	0
AAAGATGATATTCGCGCAAC	0
GCCTAGCTGAATCCGGACAA	0
AGTCTAGATAACCTTCGACA	0
AACGGTGTAAGACTAATTGA	0
GGATGTTACAGAAATATATT	0
GATATTGGTATTTTCACCCA	0
CAGAGTAGCACAAATGTTAA	0
GTATGACCCGTACTGCACAA	0
ACCAAGCGCTGGAGCCTACA	0
CAAGGACTCAAACGCGTTCA	0
CTGCTATAGCTAATTACAAC	0
CATGAATCGGACCTGCTAAT	0
TTTATCATGATGGATTATGC	0
CACGCGAAATGCCGAATCGC	0
AGTCACTGGCCTTACGTTCG	0
GTTATTAAATGAGCAATCGA	0
TATAGTGACAGAACACAGTT	0
CATGTAACCACACTGTAAAC	0
AAAACGCAGAACGTGCCAGT	0
AAATAAAATGTAATAGAGAC	0
TGTAACCACCACCCTACCCG	0
ACCGGGCTGGAACTTGATTC	0
GGGAGTGTAACCCAATTACA	0
TGGTATAAAACCAGCCATCA	0
TCAGGTTAAGAGAAAACTCG	0
CCTGAGAGGTTCGTGGCTCA	0
TAGCGATGTAAGAAGTCTAA	0
ATTTTAAAGAAAATGATGAT	0
TCCTAGCATCAGGAATGTAA	0
AATCTCACTCTTTGTCTCGT	0
AGAAAAACTGCCCTGCGCTC	0
TAAAGTTTAAACCTTTGACG	0
ATTACTCTACTTGGACTATA	0
CGATATCAAATATCTACCGT	0
ACAGTCGGAAGGCGAAGATG	0
CCAAGATCAAAGCCTAGGGG	0
GCTTCTTAATGAACAGTTTG	0
GAACTCCGCAGAGGAATGAA	0
TGCAGTCCGCTAAGAGGATA	0
ACCCATTCCAGTGATTATAC	0
GCGTGGGCAGAAATTCGTAG	0
TGTAGAGATTATAATCTTAC	0
AAAGACAAAGCAAGATGCGC	0
AGTGGTGGAAACACCGTACA	0
GCGTGCTAGCCTCAAAAAGA	0
GACGTACGACAATGACGAAA	0
CATAAGCTTCCTACGCGCCC	0
GGCTCCCCGAGCCTAAGTAA	0
TTAGAGAGGTTATCAAATTG	0
TGCTTCTGCGGGATAAACAT	0
AGAGCCCCAATCTGATCGTT	0
ACAAACCAATATACTGAAAA	0
GTACCGCGCCAATCAACCCC	0
GGGACGTAACACTGGACCTA	0
CTGGACGAGTACTAAGCCTC	0
AAGTTCTGCGTGTATCCTGT	0
GACCCTGCTGTCGTGCCAAC	0
TCAATTTTAAACTCGAAAGA	0
TTAGTTATGGCTAACACCCT	0
TCGCCCCAGCAACTGGAGAT	0
AGCTCCAGCTGGTTGGAGCC	0
GTACATTTTGAAACAGTTAA	0
CCGTAGCGTTACCGTAGATA	0
CTCCGTTTCACAACCTGCCT	0
TCATACCGAATTAAGGATAG	0
CCAGCCCCTCATGATTCGTT	0
CGGCAAGCGCGCGCCCCGTT	0
GAGAATAGTGTGAACATGCT	0
ACGAAAGGTCTGATTCGTGC	0
CGTAAATTCAGACAAACATG	0
AGGTGCGCGCTGCACATGTC	0
ACTGAACACAACGGGATCAA	0
CAATAGCAACATCAACCTAC	0
AAGAATTGCACAGCGCACTG	0
GGGTACAAAGATCAGGAAAG	0
AATCACGGCGGCATGCATCG	0
AGGGGTTTCCCTTTAAGGCG	0
TTCACGCGGTACGAGCCGTA	0
TACATATTCAGTAAGCGCTA	0
ATCATCAGTTATACGTCTCA	0
ATGAAAGCGTTCCCTGTTTA	0
AGCAGACATTGAATATCGAT	0
AAGAAACACACAATAAGAAA	0
GTCCCCTGCTATTCATGTCA	0
TACACCCCTACGCTGCGTAA	0
CCCACCATCGATCGTTGCAC	0
CTCCCTCCACTGCCACTTAA	0
GGGAAAGGTAAGCTCCTCAA	0
TACGCCCGTACAACTTGACA	0
AAATAACTTTGCAATGATAC	0
CTGACACATAACGAGTGAAC	0
TTCTGGTTATGCAAGCTGTC	0
GTACTAAAAACACATGAAGT	0
AGATTTAAGATATCGAGAAC	0
TGAACTCGTAGTCGACTTCT	0
TAATCATTAAGACTTACAAT	0
CAAATAGACGAGGTCAACCC	0
CATTGTCCACAGTTCCTCAA	0
GAACACAAGTGGTCCATACC	0
TCATGCGCTAATGGCGTCCC	0
GCTTATACACACGTTTAAGC	0
AATCTTAGCGATGGTGAGCA	0
TTTGCGCCTGCCCCGAGGCC	0
ACCTTCTTTGAGAGGCACCA	0
ACTAGACATGATCAATTACG	0
CCCTGAAACGCATTGCCGCC	0
AATATAATCCCACAATTGCG	0
TGCCGCCAACAAACAAATCA	0
CAACATAAACAGCCCTATCA	0
TGGAAAAACGACCGGCTACC	0
CATTAGTGCGTTGTGAACTA	0
CTCTAACTTCGCCGAACTTA	0
GTGCTCATGGAGAGGGCTTA	0
ATCCCCTCTCAAACCCACAC	0
TTCAAACTAACGGAGTGCAG	0
GAAATACAGCTATTAATCTT	0
CATATACTGATAAAGTAGAG	0
CTGGCGGTATGCCTTGCCGA	0
TCCTACTGGAGTGAGGAATA	0
ATTAACCCTGCAATGAAGAC	0
AAGCATTGCTGTATGCACAA	0
TTGCGATTATGACACCCCAT	0
AGTTGAATATCTAAATGCTG	0
CTACACACCCGCGTTCATTA	0
CGCCTTACACGGACGCCAGC	0
GGTGAGGTAGGATACTTAAT	0
TCAAAACCCGAGTGCATCAT	0
TATTCTTAAGAAGATACAAG	0
AAAATTTTAGAACATCCACA	0
AGTTCGATATGAGAAGCTAA	0
CAACATATGGCGCCACGACT	0
AGGACGATCTTACTTTAATA	0
AGGTTATCAAAAGAAAAAAG	0
AGTGTTCGAACTGAAAAATG	0
ACTGTATCAATGTTCGAAAT	0
CTGGAATATGCGCGAATGGA	0
AAGGAGTGCTTTTAGGAAAG	0
GCCTCATCAAATACCACAAG	0
ATCTTACGGTGTATACCCAA	0
TCTATACGCGTGGGTGCATA	0
TGCAGAGACAGCTGTGCACA	0
TGCTCAATGGCATCACATAC	0
CCGACCCAATACCATTGACC	0
GTGCATTGTCATATCGAGGT	0
TCCAAAGTTAGTGGGGCCAA	0
GTAACTACTGCTATTTCACT	0
AAAGACGATACATCCTGAAG	0
CAGTGGGGACCGCGCCCCGG	0
TTTTCGTGGATGAATCTAGC	0
GCCCATACCCAGGTCCCTTG	0
GTCAATGCCACAGGAAATTA	0
GTGGCTAACCCGGAAGAACA	0
ATGCCAAAATAAGAAGATCA	0
TGACATCACGGCGTACCACG	0
AAAGTTCTTAAAGCAAAGAA	0
ACAAAACTAAACTAGTCACC	0
GGCGTAACACAGACGTAGGG	0
TCATGAACATGGAGCTGTTC	0
AGATGCATGCGCTTATACTT	0
AGATTCGTCGATATGCTACA	0
TGACCCGTGCCTACCTACTG	0
AAACCGATACTGATACTGAC	0
ACATTAAGACATAATGTTTA	0
ATTATATCCTAATTAATTAA	0
ATACGGCTAAACTTAAATGG	0
CAGGTCAAATGGCGGAGGGA	0
CGTTTACACTCCAGAGTCTA	0
ATCATTGAAAAAATCGCTGT	0
TGCATAGTAAGAGAAGCCCC	0
TAAGAAGCAAAACCCATGTA	0
TGCTACAATTTCCGACCACA	0
CCGGCCTAAAAGGAAGGAGG	0
GCAGAATAAACAGCGTATTT	0
ACGCGCTCGGGCCACGAAGT	0
AAAAGCACCCGACATTGATG	0
CGCGTGACTACCCCCGAGCC	0
GATGGATATACTTGCCTAAG	0
GAAGGAGCCCAAGATTCTTT	0
CAAATCTATAATGCCTTTCG	0
GTTCAGATTGACAGATTAAA	0
CTGCAGTAATGCCTCTCTGT	0
TACCCCGCGCCATTCATCCG	0
TGTCTTTCACCCAGTTGAAT	0
TGGTGCCCAATTACACGCTA	0
ACGAATAGGGATATCAGAAA	0
AGGACCTTGTGCAGATGGGC	0
TGCAACTACAGCACCTCCCA	0
CTAATGGAAAGTGACCATTT	0
CCCATAGTCTTTGCCACACC	0
CTATAACATCGCGCTAAGCA	0
CAGCTCGAACTGCAGTTGGA	0
CAAACAGATATGCAAGCTAA	0
TCCTCACACAAAGAACAAGC	0
AAAAATCGGCTCAATATCCA	0
GATAAAGCCCAGAATTGTTA	0
ATGCGACTCTCACGACAGCC	0
CAGGATCAAACGATTACACA	0
GCACTGCAGCACTATATCGT	0
TAATTATTTACGGACACTCC	0
CGCCGTTACATTGGTTCAAC	0
GTATCACGCGACACAATCCC	0
TTCTTACACATCAAGTACTT	0
CCAGGTACATTGTTTACAAA	0
TCTGTGTAACGATTCATAAT	0
AAAAGCCGCCGGCGATTCCA	0
CGACCCGTACAGTCCCTCCA	0
ATGTTAAGAGTAACCCGGGA	0
CTGAAAATTTATTGAGAGAA	0
TTAGAGAAGAATTCCTATGG	0
AGCAAAGTATTATCAACTTC	0
GTACACACAATATAGACATA	0
ACAAAACCCTCGAAGAAAAA	0
TCAGTGCCGTCCCGCGTAAG	0
CAATAGGTACGAATCGCCAT	0
GAACTCTGAGTATTGATGAA	0
TTGAATGAACAGCTAGCGCG	0
CAAGCTGAGGTTGGAGCTAT	0
TCACACCCCAGACTCCTCGA	0
CCCAGAAGGAAAGCCCCTCC	0
ATGTAGGTGTTATGCCCAAG	0
AGCATCACACGCAAGGTTAC	0
GAGCACGAAATGTAGCAAAC	0
CGCTATCACAGACCGTAAAA	0
CGCTCGGGTATCCACGTTTC	0
AATAGGTACTTCGTGATTCC	0
ACTTGACAATGACGGACAAA	0
AACTACTGATAAAATGCCAT	0
ACTGAGGACAGGCGAGAATG	0
CCATGAATTTATAAACAAGC	0
AACCACCGAAACCGATGACA	0
TGTATCGACCAGAAAGTGAT	0
CTGCATCTAATTGCAGATAG	0
TAATGCCGATTTTGATATGA	0
CGTTAGCAAACCGCACTCGC	0
CAGCTTCATATCGTATCGCA	0
GAATCTGGACATAATTAAGT	0
CGATGGAACGCAGTGATGTG	0
ATCGCAAAGCGAATCCAGTG	0
CCCGAATTGGGCCACAATGG	0
CTGCTACTACAATAATCAGC	0
TCTTCTTAAAGTCTTCGCAT	0
CTTTGTTTTGTTAATAACAC	0
TTGTGTTAGATACACCCCAT	0
CTCTGGCTCGCATTCGTGAG	0
CCAGTTCACTACGCAATAAC	0
CTACACATCGTTTGGGAGCT	0
AGAAGCCGGAGCCACCTCTG	0
CCACTATAATATTCGAACTG	0
TAACGTGCTGTAGGCCCAAG	0
GGAAGACTGACACCAGCGTA	0
GTATGCTCTGTGCTAAGCCG	0
CGAATCACAGCTCTTGCGGC	0
TGCACATTCAGGCTGTCTAT	0
TCTAAGAAAGAAAGTATGAA	0
AAGACTGAGCCCTGAAACGC	0
TTGGGAGAACAAAAAACCTG	0
CCCAAAAAGAGCTTGGCGCG	0
AAAAAACTCGAGAGAGAGGC	0
CTTTTCGAGATGATGTGGAA	0
TGGGTGGCTCATACACCACA	0
TACTAAGGCTACGTTACCGC	0
CACCAAAATCTCCGTACCCC	0
GGCGATAAAGAGTAGCAGTG	0
AACTCAGGTTGATAGGACCT	0
ACCAATTAGATGGACTCTTG	0
GCACCCGATTCACGCTCTTC	0
TGTGGCCACAGATACAAAGC	0
CAAAATTGAGGTACGTTGTA	0
AGCGCAAGCGTTTAGCAGAT	0
ACAAAGTGGATCGGGTCCGC	0
ACGGCAACCTACTCCCTGGC	0
CGCACGAGATAAGCCCAATC	0
TAACGCAAACACTTAAGAGT	0
AACCAGTAAGAATGCATGGG	0
ACATTTTGAATAATAAATCC	0
CTTCCGCCGTAGCAGTTAGT	0
CCGCTGACCCCTCGCATTAC	0
GAAGCACATTGGCCTTCCCC	0
AAAGACCCATGTAAGTGATT	0
GACTGCTATGTGAATGGGAC	0
GGTACTCTATCTAAGACTAG	0
GTGGCGTTACCCTGTTGCTT	0
TGAAACGTCGCGAAACTGCA	0
GGGTGTGAGAAAGCAAGGTT	0
AGCTAAACTAAGGTTTGTCA	0
AAACTAAAAGAGCGCAGACC	0
ATAATAAGCGAAAATATAAG	0
CTTCTGTGACCTGGGTACCG	0
CCGATCGTGAATGACGAGTA	0
AGCTCGCCCATCTACAATAA	0
TGCTTCGTAACGGCTAGTAG	0
GCTGGCAGAACTGCCACACC	0
AACGAACTTCTGACACTGCA	0
ATTGATACACTGTATTAGTG	0
CCCAACCTGGGTACGTTCAC	0
CGAACATTGACGGGTCACGA	0
TTAACTCATGCTTTTGATCA	0
CCAGAAGTTGAGTGCTACAG	0
GAACCATCCCAATTAATACG	0
GTTTAATATGTACTGACAAC	0
GCACATAAAAAGATAACTAA	0
CACCCTCCGACTCACTCAGG	0
GTTCTCAATGAACACGCGTT	0
GAATTAAAGCAACCCCTATA	0
TTCTACGTTAACGCAGACAC	0
GTAACAACATCCAATTAACC	0
TTAGTATCTATGAACGAGTT	0
TATCTTATAGCTCTCATCGT	0
ATAAGGCACCTAGTTGGGCC	0
GGGGAGGATTCCATATTTGA	0
AAAATACTAAGAACATACAG	0
ATTTAGCAGGTGGAACGCCT	0
AAAGAAATACAACCCTCATG	0
TAAGAAATGCCATGCGGAAA	0
CGAATTCGAAAAAATTGCAA	0
AAAGAATTGAAAACTACCGG	0
ATCCAAATTAACAGAACAAG	0
GTTGCTTCTCAGCAAGCTCG	0
AAGTCGTAAATACACCGACA	0
AACCCGGATATATTTTTACA	0
ATTAGTAAGTAACTTGCATG	0
CCCCCACCGAGTGATGGCCG	0
GATTTTAGATTGATGAATCC	0
TCGTATTATGATCAATGCCC	0
ACGCGGACCATCCCCTACGT	0
ACAACTTTCACCGCTGTCTC	0
TAGGTTATTCGATGGTAGGC	0
ATGAATTTACGGACAGAGTG	0
TTTAATGGCATTAGTACAAG	0
AGCACACCACACCCGATTAG	0
AATGCAATATCACGCAGTAA	0
TACACCTGTGCACTCCTAAA	0
TAATAACCGCGAGTCGACGG	0
AGAAACGTAATTACCACGCA	0
TGAAGCAGGAGCTGTATTAA	0
AGGCGTGATACACAGCCCAG	0
ACTGTGTGGTTTTACTGAGT	0
CAGATGGAGACAACTTCAAG	0
AGCAGATGAGACACCACACC	0
TGTAACTCTACACATTACCC	0
ATTACCGTACCGTGCCAACC	0
GCTAGCATCTGCTCTTACCG	0
TGAACACGTAAAATACCACG	0
ATCCCTCCATGATGATAGCA	0
GCATGATGGAGCATTGGCTG	0
GTACTCTGAAAGTCGTCTCA	0
CGAGTCCAATATTCAGATAT	0
CACCTTTAAGTGTTGCTCTC	0
GTGTACCCTTTATCAAGACC	0
GTGGAAAGTAATATTTATAA	0
ATGTACGACGACTATTCCAA	0
CAAATAAGACACCAGTGAAG	0
CACTCCAGGCATTAGTAACA	0
CCGCGTTAGGCAACTAGAGC	0
CAGTGAGGACTATAAACTCC	0
TATGCCCCCGCTATAGCGGA	0
TCCTAACCGAAAAATTCAAC	0
ATACAGAGTGTTTTAACTCC	0
TCGAGCAGTCCCCTGGAAAC	0
ATGATCCAAGCGATGCTAAT	0
TGCTCTGTTCTTTTGAGATC	0
AGTGCTACAACACACAGTCA	0
ACAAAGAGCATTAAGCATAA	0
TTAGAATCATTCATGAGTCC	0
AGACAGGCCCTCACTCTACG	0
GTTAGTACGAGTGTTTACAC	0
ACGCAGCATAGACATAAAAA	0
GATGCTAACAGCCATGCATG	0
ATGTTTGTCCCAATTGAGTA	0
CATTCATTCGTAATGGCCCG	0
AACACAGCGGCGCACGTTTG	0
TCGGGCCTTTGCATCTAACC	0
TGCAAATTACTTTAATTTGG	0
AGTCGCCCTGCGATGTCATG	0
GTAACTCCTGCTCCGAAACG	0
AACCTTACGCTTGACGCAGA	0
ACTAAAAGAAAACGCATGGG	0
TGATAGCTAGTTCGCTGAGC	0
GTACCACGATTGGGTAGCAT	0
CGTGTGGGAGATAGCGCGTT	0
CGTCTAGTGCTTAAGCACGC	0
GGTACAGTTTGTTTGCCACC	0
CGCATGTTGTATCACAGCTT	0
TATTACCTGATATACGAGGT	0
GCACATTATCCATTTATACG	0
TCGGCAAACACCGAAACACT	0
CCCATATTGCTATACGCCAG	0
TTATTCCCTTCAGTCACCCT	0
TTCGCATGCTGTTGCTAAGG	0
CGAAAGGCAAGCGACAGTGT	0
TGTAGGTGACTGACCATAAC	0
GAAAGCGTGAGCATTAACGA	0
TAATGATATGCGATGGGCAC	0
TAAGTTCTGTCTTATAACAC	0
CGAGTCCAGATGTCACCCGT	0
GTACTATTCAGTATAATTAG	0
AGCCAGCAGTAATATGTATT	0
GTAGCACAGCACAGGATTAC	0
AAAGGTTGAATAAGCGACGA	0
CAACAGTACTTAGGTCTTCA	0
CTTCTGCGTACGCAACTTCG	0
ACATTTGGCATCGCAACAAC	0
GTGTGTCTAAGTTGGTGTGT	0
ATTTTGTCAAACGCGATTAT	0
TAAATGAGATACAGTGGCGT	0
AAAACAGTCATTTGAGAGAC	0
ATCGCAACTGGCCCTCACAC	0
CTAGAACTCTAAAAAGGAAT	0
ACCTGCATATGAGTCTAACA	0
GGCAAAAAACCGGATTCGCG	0
TGAAAGGAACATAGACATAC	0
AACACGACTGCAGCGTTACG	0
GTCCATGTCGCGCGGGCTGG	0
TCCGCGACCTTTAGCGGCCA	0
ACATAGATTCAGTTTGGAGG	0
GAGTAAATACAAGGACTCGG	0
TAGTTTGCAACATGGTCTGC	0
CGCCTGAACCAACGGCCAAG	0
ACTGGTTTGAACCTTTAACC	0
AGCATAGAATTGTTGACTGT	0
GTTCGTCGCCTTGGCGAAAC	0
GAGTCCGACTATGATGCCAC	0
TGAACGATAGAAAAAACTAT	0
GCCCCCCCGACTGTCTTAAT	0
CGCTTCACGCCATTCAACCG	0
AGCTGTCCAAACACGTTTTA	0
AAGCAATTAAAAAAAATGCC	0
ATCTGTAATTGCCAATAATC	0
ACAATCCAAGGACGGTCCTG	0
TTTAGAGGACGTTGTTTGAT	0
GTGCGTCTGGACAAGTGTAG	0
TTGACCGGAGCGACTGCAAA	0
TTAGGACGAAACACCCAATG	0
CTGAGAGTTCTATTACCTTA	0
TACGTGATGCATGACGTATG	0
AGACAAAACAATCAGTGCAC	0
ATATTGGACTCACACACTGC	0
ACCTATGCTAGCATTCGGCT	0
ACCACACTCAAAGTCAAAAA	0
CAGAGGTTCAGCTGCTGGTG	0
GTGCCGAACACACCCTGTGG	0
ATCGGGTAAGTAAACTACAA	0
TCGTGCTGTTACAATCCAGC	0
TGCTGCTTACCATGTGGATA	0
TTTGGAATGTCGGAATGTAC	0
CGCGGGACATTATCCTAAAG	0
ATTGCTCCGTAATCGATATG	0
GGACACGCTTGTACTAAAAT	0
CTAGCCGGTATGAGGGCCCC	0
AAGGGAAGCGTCAGTGTTGG	0
TGCTACCATAACATGAATGC	0
TCCAACACAACTCAGATCAA	0
AGCCGAAGGTCGGGTCCTCA	0
ACGTTTATTGAATGCTTAGG	0
AACTGGGGAGTATTCCTTAA	0
AAGGAAACGTGAGCCTAGGG	0
GAAAAATTTTGATTATTCAT	0
ACCAACCCTGATACGTTCGC	0
ATAGAGACAATGTTGGAATA	0
CAGAAAAAACGATATGAGTA	0
GGGCACGCTCAGGCGAACTC	0
GGCAAAAATAAGTGTCCGAG	0
AACGCTAACGTGACGAATAA	0
ATCAGGCTTGTCAACCATAT	0
AGGCGCAACCACAATGGAGT	0
CCTGTACCAATGGTACTTCA	0
GGTGCCCCAAACCACGAACA	0
GGTCCTTAATGCTAAGTATC	0
TCAGCATGCCCTTAAGAAAC	0
GAGGTTACTACATGTGGACC	0
TGCCCCAAGTTGGTCGATTG	0
AACTTTAATTACCTACCCCA	0
ATCATGCCCTAAAAACTGCG	0
CCCTCAGAATACCCGCGCAG	0
CGCTAATAAAAGACTGGTTA	0
AATAAAAAGCAGTCCAATTA	0
TAATTAGGTAACAAAGGAAC	0
AGTGCATAGGTAACCATTAA	0
AGAGGCGAGATACGCAATTA	0
GATAAAACGAAAGTTATTAA	0
GCAGCATAGCCCTCTCGCCA	0
CAACACTCCGCTCCGAACTT	0
GACCCCGCCTGTGTCGTCGC	0
CAACATTTATACACGCACGT	0
TAACCTGTGAAATATTAATG	0
AAGCGCGTGAGAGGGCACGA	0
AGTGTAAATAAGGGGTTAGT	0
AAACAGAGTCGATTCCAGCG	0
ACGTGAGAGACAGGAGGAGA	0
CTTGCGTCTACTGCGAATAC	0
GATCAAATCTGAACCCTTCC	0
CGAAACGGCATCAGAGTTTA	0
CCCCGTTACTACCCAGAACG	0
CGTGACTAGAACGTACTCCT	0
TGAGAAATCAGAGGTGGTGA	0
CTTCTTACCTGCGATGCTGC	0
TTAACCCGAGGAGATACCGA	0
GGCGGTGAACGCACCTAGGA	0
ATGGTGAGAGCTTATGGGTA	0
AGCTCAATACGTAGTGGGAA	0
ATTTAAGTGATATTGTAGGT	0
AAAGCGGATGTGACCTTCTG	0
CGGGCAGCTTTAATAATCTC	0
AAAATTGAACAGCAGAGACG	0
AGTTATGACACTAGCGCTAC	0
ATATGGTTTAATTTATTGGC	0
TTTCACACTGGCATGAAGGT	0
AGCAGTGAATCCGTTTGGGG	0
TAACGACGAAGTATAGTAAG	0
CCCTCCCTGATCCACGACTC	0
GGCGTTCTACGGCCTTCCCA	0
GCCTCCCAGCCAGGACAAAG	0
TCCGCTCCAATAGGACGACC	0
ATGGGGCGTATGCAGTCATT	0
AGGTACGAAAATAAGGCTCT	0
TAAGATCCAAACCCACAGTA	0
TTAGCCCTTTTGCTCATATC	0
TAAGTTAACAGACGCCCCTA	0
GAATTCTTTCGACGACATCC	0
TCGTAGACAGCGGGAGATAA	0
AGGCCAACCGTATTATTCTA	0
AATCCAAAGATGCCGCAGTT	0
GGGCTAGCAGGCTAGCAGCG	0
TAAACAGATTTTTATTAATG	0
GTTTCGCATGAATGCAGTAA	0
TTTGCGGGGGATGCGTCGGA	0
ACCGTTCTGCAAGGTGCTAA	0
TTATTGCAAGGCTCCGGACG	0
ATAATGGTCTGTCGGAAAGA	0
GTACATCACCTCAGCTTTTC	0
AACCTTCATCCCGATGATAC	0
AAAACACAACGCCCATTACG	0
GAAGAAATTGGCAAAAACAA	0
ATTGGCGCGGTTTGCCATGA	0
TGAACCTTAAACAACCGAGC	0
TCCTGAAGGGAGCCACAACC	0
AACAATAGCAACGCACAGGG	0
AATACCGGTTTAAAAGGGAC	0
GGCAACGACCGTGTAGGTAA	0
CCCTCCGATTGCCCCCGCGA	0
GGATTGAAAGCTTAATGGTC	0
ATGAGTTAACACTGCGGGAA	0
TGTGTATCGATATGTAACGC	0
CTACTTGACAAGGAGTATGA	0
GTTTGCAGCGCTTGACGCTT	0
TATAGATCTTGCACATTTTG	0
CCAGCCCGCTGTCACACGAG	0
GCCAGGTACAGTAAACTGGC	0
AAAACTACAACCGAAATGCG	0
TTTACTACGGAAAAAATGCG	0
TAGTAGATCGCACCCTTACG	0
GGACATTTAAGCTGTGACTT	0
GCCCAATCTAAATTTACCCT	0
AGCAGGAAGTGTGACCCCAC	0
AAATATTTTGTATAGCATGC	0
AGATGCATCCAACTTGCAGT	0
CTCGAAGGGAGGCGGTTGTC	0
GCCCCTATAGTGTTCCAGTG	0
TACCGTAGTACTCCTAACAA	0
TAATGATGCTTACCTTAGGA	0
ACTACGTCTCCGCGTTTCAT	0
TGATTCATACCCCATGAGAT	0
AGAAGCACCAACAATCTATT	0
AAGCAGTACAGACGCACCCC	0
ATGATAACTGTCACCTTGTT	0
GCGTAGCGACCCAGCCTTTA	0
GAGTAATGCCCTCACTGCAT	0
ACCCTTAGCAAAACTGAACC	0
GTAAAGTAACGTGGGTCCTT	0
ACTCCATGCTAAAGAGGAAC	0
ACTCATGTTGCAAATATAAC	0
GAATGTGCCAAACGGCGGAA	0
GGGATTAGTAGAATTAAATT	0
ATTACGGTATTACGCTTAGG	0
TAAACTACCAGCAGAGTCTG	0
GATCAGTCTTCCCCAAGTTC	0
GAAAAGCAGAGAAGCTGATA	0
AGATTAGCATGATCTAGGCA	0
CTGGCCCCACAGGATAAACC	0
TAAGTACGGAATTACACACA	0
TCTATTGTTACAGAGTTGCG	0
TGACCCAGTCCATACAATGC	0
AATCAGCGTTCAACTCGGAT	0
AAGAGGGAATGGGACGGGCT	0
CCCTCCCCACCACCCAGGAA	0
ATAAGCAGTGGGTATCGTGC	0
CATGCGACGACAAGACGTAG	0
CCCCTGTTTCAGAGTGCAAC	0
AAACACACGTCGGCCACGCA	0
CACTTACTAGAAAAAATCTA	0
CGGCCGTAATCTCAGGGGAA	0
GAAAAACGTATACTCCAAGT	0
CTCAGCGATAGTTACCAGCG	0
GTACGATCCATGAGCTCTGC	0
TTTGTAGAAAGACACTCAAC	0
ACGTTAAATGTACCGGTAAT	0
GATTACCGCACTTGTCGTTG	0
ACCGACCAAAGGTACAATCA	0
TATTCCACTCCGCATAATGG	0
GCGCTTGGACAACCCGGAAC	0
GACATACCCCAGGATCCCAA	0
GCCATTGTAGAGGTCGGACT	0
GGGGGATCTATAATCGGGTG	0
AAGATTAATGGCATGAAACT	0
CACAGCATATCCCCTATGGG	0
CGTCTCCACGATAGGAGACG	0
TTGCACCCATAAGTAACGTC	0
GTCGTTCGGCCCCCAGAGGA	0
TTAGAGCTTGATGTAGGACT	0
GGGCTAACCTGGCCAAACTT	0
ACGGACAGGCAAACATGTAA	0
ATCTAAAACGACTAACCCAC	0
CGCACCGCTAACTTGCGCTC	0
CTTATGCATGAAAGTGACCA	0
ACTCGATTTATCAACACCCA	0
TACCTCGTACTGCACCCCTC	0
AAGCCAAGCAATCCAGCTAA	0
TTTCTCCCAAAGTAATTATC	0
ATTCTTGACATCAAGACTGA	0
TACTAGCACCGCACTCCATA	0
GTGTTATACATGGTTAATAA	0
GTCAAAGGTTCGTATTTAAT	0
TGGCGCCCCAGTGCTGGCAT	0
ATTGGGGTTTGACGCTACCC	0
GTGATGCTAACCGACCGACG	0
ACCGTCCTCGACCAACTACG	0
TTTACATCAGACGTATAATT	0
ACTAGGCAGAGGGGCATATA	0
ATTCCCGGCGGTATTGTTGA	0
CCTCAATTGATAATTTGGAA	0
ACTCGCTAATCCTGGCAGGT	0
AACCTTACTACATATACCTA	0
CAAAAACAAATGGCATCCCT	0
AAAATATGGACGCGAAAGGA	0
GTTTAACTTTGGTTAACCAA	0
CAATCATGACCGAGCTCAGC	0
AATTTCGGCCAATATAAATA	0
CCCACTGCTCGGAAGCCACC	0
TGTGAACACCTACTTCGGCT	0
CACAACAGAGACATTGTTCC	0
TGTTCAAAGCGACTTTGTAC	0
AGTACATAAAGCCCCTTAGA	0
CCCTGTGCATCATGTCCAGT	0
ACGCAAATGGTGCATAGGAA	0
ATACGCAAATAAGGTCAACC	0
TCGCAACGCGTAAGGTACTA	0
CGCATACTAAGCCTACACCC	0
CCCCCAACCCTCAACTAGCA	0
GGAATGAAAGCACCAACTGG	0
TACCTGTAGCCAATGCTGGA	0
GGACACCCACGTTTCCAAGC	0
TACTGCCACCATGTTCGAAT	0
AAGTAACTGGACTCGCGTGG	0
TATTAAACTAGTAACAATGT	0
TACGCCAAATGGCCAGACCC	0
ATTAGGCAAAACCTACCGTG	0
GCCGAGACGACAAGTAACCC	0
AAATGACGCCCCTATCATTA	0
CCCGGACTGGAGAATATTGC	0
AGCATCGGTACAGTTTCCTA	0
GGTCGATTCGCATGAAAGAG	0
CCGTTGTATGATCCTTCGAT	0
CCCGCGCAAAACGTACCAGA	0
GACACAGTGGTATATGCCAG	0
TCCCAGTCCGGCATCCACAC	0
TGCCACACTGGAACAATGGA	0
GCACGAATAATTTTTATACA	0
AATACAATGAGACTAATAAT	0
CAAACCACCATTATCAACAC	0
AAGTAGCTTAAGAAATTGTC	0
AAGTACGAAATAATAGACTG	0
CTGACCAGAACGTACTGACA	0
CCCCATGAGACCAAGATCCA	0
GTTGCGTATGAGGCAGGCTC	0
CCTGTCCCCCACCAGCCCCC	0
TTAGCGGCGCCCACAACAAA	0
GGCCCGGAAGAAGTGCAGAC	0
CAATGAAGGCAGTATAACAG	0
AGGAAGCTTAAAAATTAAAT	0
AAGCAGATTTATGACTGACC	0
GTTGCTAGGGTTTATCCAGG	0
AAACTATTCCGAGAATGGCT	0
GATGCTTCAGGTTAAGAATT	0
ATGAATGAGGTTGCATATCT	0
ACGCAAGCCTGCAGATATTC	0
GCGACTACTATCCCACTAAC	0
ACAACACTAGTGTAGTAAGG	0
GCAAAACACTCTTACCAACT	0
AGTAACATTTGAATGGCTCC	0
GCTTGCGGCGTACGCACGCC	0
ATTCGGTATTTAGTGAGCGT	0
CCTTAAGCATACAACAACCA	0
TACCAAGTAAGCACGAGTCC	0
GGCGTCATATATGTAGATAG	0
ACCGTTAATAGGCACATCAC	0
CTCTTCCAACGCTTGCTATG	0
TGGTTCGACACCTGAACACA	0
CATGAAATGTGCCTGATGCA	0
ATCACCAAAAGGCCACGACC	0
CCGCTCGCGAAACGTCCGAG	0
GTGCCAATACAATATCAGGC	0
CCGATACTTCCACACAGAAC	0
GCAACTGCAACACGATCAAT	0
CAAAGGAGGAAAGAATATAA	0
GCAAAGCCTCCCTTTACGAG	0
TATATGTCACAGGCCAGGCA	0
GGGGACTGACCTGTCCGGTG	0
AACATTGTGCCAGGGCTTTA	0
CCACCCCCAGTAGCTCATTC	0
GGGTACCTTGCCCCAGCTCC	0
ACATCTCCCAAGAATTTTTA	0
GTATAGACACTCTAACAAAA	0
ACCTCTGAAAACTTTTTGAT	0
GATTAACCGATGCTCCCGGA	0
TGATTGGTAGCTTTGGATCA	0
ACGAAAGAATGACCACTCCG	0
TGCCCATAACGCCCTCGCAT	0
CAGCAATGTCGACATGAGGT	0
ATTGCGGAGACACACCAACA	0
GCCTCACCCCCTCGGCCCAG	0
GAAAAGAGATTTCCGACTGC	0
TTCTCACTAAGAGACTCAAG	0
ACTGGAGCATGCCAACAAGT	0
GCAAAACACTCGAGCCTAAC	0
CAGTCCCTTTACTCATACGC	0
AGACCAGGGCCAGTACCTCG	0
TTAAGAAGGATTGGGAAGAC	0
AGACCCAAAAATCTATTGCC	0
AAGCGTGTTGTGACAGCGCC	0
ATAATGACACTGTGAGAATG	0
GTACCCATTACGTAGGGGTA	0
TAGAGTAGCCGTGCCTAGAC	0
AATTAGATCCCTCACATCTG	0
ACCTCTGTTATCACGATAGA	0
TTATGAAGCGTCAATGGGAT	0
GAATCATTAAAGTACCCAGC	0
GCTGCTGGCTGGGTGCCCAG	0
TGATGCATCACCTGAGCAAG	0
CCACTCTGCCTAGCACATGA	0
TAGCTATTTGTAAAGCTGTA	0
CTGCGAGATTACGTCCTGCC	0
CCGTCCGGCTACACCACTCG	0
CGTAACAATACCCACTCAAA	0
TCGAATGATAAAATGGGCAA	0
CTATCCGCCCGCGAGCAAGC	0
CCTCAGCATTCGGAATAAAA	0
TGACCTCCGTACCTGGAGTC	0
AAAAAATCGTGGTGCGCGTC	0
GGCGTAACCAGCACGCGACC	0
AAACAAAGAAAATGTAAAAT	0
ACATTGTAGCATCAACCGGG	0
GTTCGTAATAGAACCTAGTG	0
GCCACTAGACTCCGCGTTGC	0
AACTTCCATTCCGTGGAAGC	0
TCGAATGGATGCGAAAACCA	0
GCCCCGAATAACGCTAATTC	0
CTGGTAGAACCAAGAATAGA	0
GATTAAATACTGCATATATT	0
GCAAAAATCTTGATGCTAAT	0
ACATGTTCCTTGGTATACGC	0
GCATGAGCTAGTTATGACGT	0
TAGGAGTAAACACACAATCT	0
ATTTATAACCTTAAAAAAAC	0
TGGTTTAGGCCCACCCAAAG	0
AGCAGACCCATAAATAACCC	0
GCAGAGACTGTCCATAAACA	0
ACCACAACAGCAACCAGGAT	0
TTTCCAACGAGAAAAGATGA	0
GTACTGACTCAACCTAGTCC	0
GTAGAATCCATAAACTACTG	0
GTATCCCAAAGAAGTACTTG	0
AGAGCGGAGTGCATTACAAG	0
CCGACCTTCCCTATGTAAGC	0
TTAAATTTCTACGATGACAA	0
GTCCAGGCCGTAGTCTTAAA	0
TAATTTTGACACCCTCTCCC	0
CCACCAAATGTGATCCATCC	0
GTAACAAGGTAAAAGCCCAA	0
CAATATCATTGATGCAAGGG	0
GAAGAGCCAATGCTAAAAGA	0
TTAAGCGCGCTGCCACTTGC	0
GATCGACAATTCGTGAATTG	0
TCCTCCGCTAACTTTAAAAA	0
TGTATATCACACAAGAAACA	0
CCCCCGCACATCTATGACCA	0
AACTAACCCCGCTCCAAATC	0
ACTTATGTACGTCTCCACAC	0
GAGCACAGCAGCATCAAGCC	0
ATCCCATGTGCCGCACGTAC	0
TTCGTTCATCCACAGTGCGA	0
TACGCGCTTGAGCGTTATGC	0
ATTAACGTCCTAAGGCGATC	0
TGATTAAGCGCAGAGCCAAG	0
ATTAGGAAGCAATCCCACTA	0
AATATGATGCTGTCTAAGGT	0
ATTTTACGTTTATGGTCACT	0
CCAACACAGACCAGGCCGCC	0
TGAGAATGATTATTATACTC	0
ATGGACGGAATACAAACCAC	0
CAACCTCCAGATAGTACTGA	0
AACGTACAAATAAGCGGGTA	0
GTCTTCCCCAGTATGAATTG	0
GTGATACCCTCGAACACCAG	0
TAAGAACTAGCGCTATCCAA	0
GGAGGAAGAGCATATATTAT	0
TATAGTGAGACCCCCTTTTA	0
TGAGGTCCCAAGACTACATA	0
ACCTCCAACATATTCCGTAA	0
CAAAAACCATCTCCCCTTCC	0
TGTATGGGCAACTAGACACG	0
TTAAAATTTAATTCATCCTA	0
ATATACAGCGGCTCCTCAAG	0
TTGACACCTTCCCCCATAAC	0
AGAACTGTGCAGTAATCATC	0
TTTGAAATGTTTTTTGAAGC	0
AACGCCGGTCCACCACTCGG	0
GGCGATAACTCCCACTTCCA	0
TTGGACGAAAGAATTAGTTC	0
TATAAGCAAAAAATGACCGG	0
ACCTACCAGGGGCGCGTACT	0
GGTACTTCCATACCTAAATT	0
TATTTGCAACTGACGTAACA	0
GCTGAAAAGTAGAGTGAGCA	0
ACCGCTTACTAGCAGTAGGC	0
CCTAGTCAAGTAACCCAATA	0
GACAACAAAAACAGGGCTCT	0
CAACTTAGCGTCCATATAAA	0
TGTCGGAACCTGAGCTCGGG	0
CCCTCTTCTCTAGACCGAAT	0
GAGCAACCCATCAAACAAAA	0
TGCACTACGATCAAGTTCCG	0
GAGCTCAAACATTCAGTCTA	0
CTGACGAAGCAATATGATGT	0
TTGGTGCTTACAAGTTACGA	0
AACTACAGGAATGATAGTAT	0
ATCAATCAGAATTAGATCGC	0
GACCCTCGATCCACCCTTGT	0
AAGGATCTACTGGAATCTGA	0
CACCGAACATACAATCCTCA	0
ACAGCAACCTCTCAATTCTG	0
CAATGCGGTATTGCGAAGAT	0
ATTAAACCACGCAATAGTCG	0
GCTTTACCAGAAAAATGATG	0
CACCAGCTTGAACTTAATGC	0
AATAGCCAACGCTTTAACCC	0
CAACCCATACGGTACATCAA	0
TCTGCGAATGCATCTATACA	0
CGACGCATCATATGATGGGT	0
ATGATGTTTTAATCTTTGTG	0
AGTAGCGAGATGATGTCGAA	0
CGTCTAATAGCAGTTGACAT	0
CTCTACAGATCCTTAAAACG	0
TCGTCTTCATCCCACGTGAA	0
GGAGGATGAGGTAAAGCCGC	0
TCATGAGTCACTCTTGCCTG	0
CACTTAGCATGGACTCCTCC	0
CACCGCTGGAGGCCAGTGGA	0
AAAAATGAACGCTCATATAG	0
CTCCCGCCTGGCTCCCCCCC	0
GTGGTTAGGTAAATAAAAGC	0
CGAACGAAAAAGTGAAATGC	0
CACTCACAAAAATAATCTTA	0
GCTTCCTGATCGGCACCAGC	0
TAACAGTCCGGTGCGGACAG	0
TGCCTAATTATGTTTCCTCC	0
TATTGATACAAACGTACTAA	0
TGGCGAGCATCTACGCACAC	0
GAAAACGATGGTTGCATTAG	0
TCCATTCAAAGATTACAGGC	0
TTGGAGATCTAAATACTATA	0
CACATATATTGTTTGGCAGA	0
AACCGGATTGAGACCACACG	0
GTCTCCGCCGCATAAATGAG	0
TGGGCGGTATAAACCACCTG	0
AACGTTTCTAGGCCAACTAT	0
AAATCCTTCACCTAATGCCG	0
GATTGCATACTCGGGGAATG	0
GTATTAGAACACACTCTCGT	0
CTTAGAAGTTCAATGTGTAT	0
CTTTCTTCGAGCAGTTACTA	0
CCACTCATATTACACAGTTT	0
GCCTATTGTCTTTTCACTAC	0
CGTTTAGCCCGTGAGGGATA	0
AGAAACAGACCTCATCTAGG	0
TTCGCGAATGTCTCTACATA	0
GTAAAGAACGCGCCATACAT	0
GCAAAGGTAAAATTTGTGCA	0
GTCCGGTGTTTCAAATTCGC	0
AAATTAAAGCCTGTAATTCA	0
AGCAACATATCCAATGAAAT	0
CGAAAAGTTCTAGTTGCACT	0
ATAAGTCTCAAGATCATGTC	0
ACCTTGAGAAAACATAGAGC	0
ATGCACACCACACCAGGTAT	0
CACAGCCTGGATTAAAGGTG	0
AGGCATGTGATTGCGTCAGT	0
GAGCAATACAAAAAAAGAAT	0
TAACATTGCGACGAAAACAC	0
GTTTGATCTGGTCCAGGTCA	0
AAACGAAACTACGCCCTTAC	0
ATGCACGAATTAACATCGGT	0
ATCTTATGGGGCGATGGAAG	0
AAGCCGACAGGTCGCCCCAT	0
ATAAATAATAGTAACGCTTC	0
ATAAACCACAAAATGAAGTT	0
CCACCCAAAATCATACACGT	0
TCGAAGCTAATACTTTCCTA	0
TGAACCCTTGGCCTTCGTAA	0
TGGAAAGACCAACAGCCCAG	0
AACTATCGTTGCTGGCCCAG	0
AAGCTAGAGCTAACGGAGAC	0
GTAAAGAAATGCAATTTAAA	0
CTAAGCTTAACGGCGCGTCG	0
GTTAGGCGACTACCCTCGAA	0
CCGAGAAAACAATACCAGAT	0
CCAAATGCAAATTGGACCAG	0
TAAGTGCTTCTTGTTTCCCG	0
ATTACTCGACGAGCAGAGAG	0
TTGGACTACTGAAGGCTCGC	0
GAGACGCAGATGCCAGTCAA	0
ATGACTTCACCTCCTTACAG	0
TATCCAGAACAATCGATACG	0
TCTCAACATACACGAGTGAA	0
GTAAGCATCGGGTAAGCTCC	0
GTAATCTGTTATAACTTAAA	0
GATAACTATACAACCATAGC	0
AAGCTAAGGATCCCCGATCA	0
CAAAGCAATGGAGAAAGCGC	0
TGGTGAGCCTACGTGTTCTA	0
GAATTGATTAACCAAATAAA	0
AGTACTACCTAATGATACCA	0
CCGGGACACATCCTATTCCA	0
AGATTAAAAAACTCGAGGAC	0
CTCAATCCCATAACGCTACA	0
GAACATGAGCAACAGTATAG	0
GATGTGTGCAGTTTTCAGAT	0
AGTGATGGGAGGCAAACCAC	0
TCCCCGTAAACCTACTGTAA	0
GATAACTTACGGTCTCATGG	0
TGCATAATATTGGCTGTATG	0
CTGCTTTGGAGGTTATAACT	0
GCTGTATCAATCCTTTCGCC	0
CCGAATAGTCACGGGAGTGT	0
CTGTTCGAACAACCCCACAC	0
TACCAACCGTATTCCTAACG	0
GTAATGAATGAAAAACGCGA	0
CGTTCGCACTTCATGATGAC	0
TAACGGAGTATACTCGTAAC	0
TTCCGGAGAAACAAAGCACT	0
GATAACGGATCATCAAGTGC	0
CTCGAAAAAAGATTGTACTT	0
CACAATTTAGAGAGTGCTAA	0
GATATAAATTGTTGAGAGAG	0
CCTGATACAAGAGTATGAAG	0
AGATGAATAACACATAGAGA	0
CTGTCGATAAGAGAGATATG	0
GATTAAAAGCTCGCGAAGTT	0
AGTGCCATTACGTGAGCACT	0
AGCAGTTAGCTCCCTAGATT	0
TGTCTGCGTCATATAGAAGT	0
ATTGCCATAATATTGAATGC	0
TGATAAATGTTATTTTAAAG	0
TCAGTCAAATTGAATTGATT	0
AAACACATTTAGACTCATGA	0
GAGCCTACCACAAGGTAAAC	0
AAAACTTCAATAGCCAGTAA	0
CGGCTCACCAGGTTCAGTAA	0
CTAACGTTAGACGATACGCG	0
ACAGTGATCGTTGATTGAAG	0
ACGCATAAAATTGAGACCTT	0
AAGTGAACGACAACACGCTA	0
AACATGCTTCTAGATAGAAT	0
ACCCGTAGGTCCGCTGCATG	0
TTATTGCAAACACGCGCCCT	0
GGGATCTGTACTCCTGGGGA	0
CCCCGTGCAGATTGCTCGCC	0
ACGCCCTATCCCACTATAAC	0
TCACCGATTATACTACAAGA	0
GACTTTCAGTGTACAATTTG	0
TCGCTTATTAATTATAACCG	0
GCAATCGGTGGATGACCACT	0
AGCGCAGTCGGCGTATAAGC	0
GCTCGAATAAAAATCCAAGA	0
AACTAACTAGAAATTACCTA	0
CGCAATGGAGGTCCTCTAAT	0
GAGAAGCTAGTACGCGTATG	0
CGATACACTAACTAAGCCTG	0
TTACCGCAGGTCCATACACC	0
ATTATCAGACATTGGTTGCC	0
TGAGAGTCAACATAACACCC	0
ACCGTCAATTCGCGAGTGCG	0
GAAGGTTCACGCGAGACGGT	0
TTGCGAATTTCCTTTTGAGA	0
CAAAAAAATCTGAAAACCTA	0
ATCAAGTAATGACATTAGCG	0
ATGAAATGCCCTGGCAAAAC	0
ACGCACGTATTAAGCGCGTT	0
ATAATCATATAATAGACTTA	0
CATTCTCACTACTCAATTTG	0
ATGACATCTATCTACTTTGA	0
GCAGGTTTCACATAGTCTCC	0
GTATAATTAGATACTCTCCA	0
ATTGACCCGCCTCGCCAATG	0
GTGGCAAATCGCATCGCTAC	0
GTGTCGAAAATAATTTTGTA	0
TCCGATCGACGGTTTTACAC	0
ACATCCTACTGCCTGGTTAC	0
AAGAAGGGAGGATGCAGTCT	0
ACCTGTATTGCTTGGTCTAT	0
GCCTAGCATCCAAATCCCAG	0
TTTTAGCAGGTTATCACAAA	0
CAATAGGTCAGATAAACTAA	0
CCTTCATGGGGCAGGCAGCA	0
TATTTAAGCTCTTTGCGAAA	0
CTTTTAGCCTGTTCAAGTCC	0
ATGCACAAACTCTCCATGAC	0
TGCACTAGAGAAAAACCTAG	0
TCCTAGGTCAAAAAGTTGTG	0
TTTCATCTTGGTCTTCTAGC	0
ATCTACAATTAGCACGCAGA	0
ATTTACTCCACAATGTGCTG	0
GAATTTCGCAAGTAACATAG	0
GCTTGTAATTTTTTTGGGGT	0
AATTGTGAAATAAACTCTCG	0
CAAAACTTACTCAATCAGGA	0
AGCGTGTTTCATTTACATAC	0
TGATATAACACTGCCCGAAA	0
GAGCTGAGTGCTTTGGAATC	0
TTCTCACCAATGATTTGAAA	0
ACAGCGAGAATTGTATGAAA	0
ACGACGTCGGTTGCTCTGCG	0
TTCAGATGCCGGCTAAGGAT	0
CACAACTTAACGTAGGTAAC	0
AACATTTCATTGTCCCACTC	0
GAACGGTCCCGAGATCTATC	0
AAGTTCCTATGTATCAACGA	0
TGCTCTTTGTCAACACGAAA	0
TCGTTCGTGTAGTTTTCCTG	0
AACTTAGCGTACAGCGACGC	0
AACGGTTTCATGCGTTAACC	0
TCGGGTCGAAGCGCAAGTAC	0
ATAACTGCCTTACCTGTAGC	0
TCTTAACAGACGAAAGCGAG	0
AGAAATGATAAGCATAAACT	0
ATGCGGTCGGGCAGAACGAA	0
GGATTAAGACACCCGCTCCG	0
GAGGTGCCTAACCTTAATTC	0
CCGGCCGTTTGCCAGGAAGT	0
TGTAAGACGTTTCGCGAAGA	0
ATTGGTGCGCGATACCCCCG	0
CTCTACTTCTTCCTTAAGTA	0
GCAGAGCCAGCGTAGTTAAA	0
TCCGTCCGACTAAAAATATC	0
TTTAGTACTTGATACCGCTA	0
GAAAGAAAGCAGTAAAAGTC	0
CCCGGGAACTAAAGATATTC	0
GCCATTATAAAACCGCCCAG	0
CTATTTTTGACTTGTCTCTT	0
CCTGAAGACCATGTTAGCAC	0
CGCATGTGACGTCGCAGATT	0
AGACATGTTTAGAAACAACG	0
TTGGCAATAAAATGCTCCTT	0
AGAGCGATAAGCAGGTGCTG	0
GGTAACAAGAATTTTAACCC	0
AGTCGCTTTTTCTCTAAATC	0
CTGCGACTCACGCTCGATAC	0
GGTTTGGGGCCATTTGTGAC	0
AACCTATATCCATGGGTAGA	0
CACTGAGCCGTTCAATTGCA	0
CCCCGCCTAAATGGCTAGCA	0
CCAGGTCACCTAGTTTGTAA	0
AAAGACACTGAATACTTTAG	0
TCGCATCTGTAACGCCTCGC	0
CAACATGGCGTCGTTACGAC	0
ACTGTAAAAGGTGGGGTGAT	0
GTTCATAAGTGGCTTGAGTT	0
ACACATGACCTAACCGTACT	0
ACTATAAGCTATTCTTCACA	0
GGACAAAAGGCGCGCGCACC	0
GCTGATGTTATTCCCGTCGC	0
ATTGGGAATATACCCTGCTC	0
TACCCATAGGGAGATATCGG	0
GGGTCCACAGGGGCCTGGCG	0
AATGCTTCGGCAATTACGAC	0
CTGCGCATTATTGCCCACTA	0
ACCCCCCCTATCTGGTCCCA	0
ACTATTGAGGGCGGCTATGC	0
GTATGGGATGTGGATACCTA	0
CACTCTTTGGGGACAGCACA	0
AACACCCTTTACCAAATCGC	0
GGACGGACACGAGGCCGGAG	0
ACGAGGTCTGACCAAACGGT	0
CAATACCGATGAATCAAACA	0
GTAGGAGTCCCAACTCCAAA	0
AACAACGGAGACCACTAACG	0
TATTGGTGACAACGACCCAC	0
AACCATCCACAAAGCTCCTA	0
CAAAACACAAAAATGAAATA	0
ACAATTCTCTAAAGGAGGGT	0
AGGTCTCGCAGCACAGTCCA	0
TCGATCCGAGATAAACAGTG	0
GTACTGAAGAATACATCCCT	0
CACTATCAAACGAGGCCTTA	0
GAAAATCACCTCACGAAGGG	0
CAAGTCCAACTCTGCCACAA	0
AGAGCCGGGCATGCCTAAAA	0
GGCTTAGGGTGCTAAGTAAT	0
AAATTGGAAGCTCATGCCCC	0
TGATTGACCCCTTCGTTCTT	0
ATCAATTGCGTTGCATGCTA	0
AGGTCTATGAACAGAAAAAA	0
GGTTAAGAAAGTCTAAACAC	0
TCAGTAAGTAGTCTCTGTGA	0
CGGATATGCAGGTGGCGTAA	0
ATCTAAAAGGAACGGATATG	0
CAGCTCGACGCAGCCGAGAT	0
TCTGATCATTTCCCTATGTA	0
GTAGCAAAACGCGTTATGTT	0
TGAGTAACAGTAGGCAGCGA	0
ATTACCCAGATATGCATTGG	0
CTAGATCTCATCGGTATGAT	0
CACATTCCCAATTTGCGAAT	0
TGTGTGACCTAAATTCCGGA	0
ACTGGGAGTAGATATGGGAC	0
TCAGACATGAGGGAGCGGCT	0
AAGACTAACACCCTGATAAC	0
ATGATTACTAGATCGACTGT	0
TATATGAGGGAGTGGAGGAT	0
ACTGTAGTAGGAGGTAGTTT	0
CATTATAGCAAATACCACGT	0
CAAATATCCCTGGGCAGTTG	0
TACAAGTGTGATACGCTGCT	0
AGAATGCTAGGACTAGCAAC	0
TCATCTCCTCGCATTTAAAC	0
ATTTTTCAGGGAAGATGCTT	0
GTTAAAGCAGGCGCAAGCAG	0
TCTAATCCGTAAATCAAGAA	0
CACTACCGTAATACTTAGAG	0
ATATAGGACGCAACAATGAA	0
GGTCGTCCAAGACCAGTGCG	0
AGAGAGCGATTTGCGTAGGC	0
ACACGTATTAAGACGCAGGA	0
AAAGTTTTAGCTGGTTTCCA	0
AGTGCATTTGCATTAAAAAC	0
ACATCGCTCGGACTTGGACC	0
AATCGGGGCTACATCATCGG	0
ACTGTTCACATATTAATATA	0
TAGTGTGATATTACTCACAG	0
CTGTATGAAGTACCCACGGC	0
AAAGCTAAAGATATTGAACG	0
CGCATGATAAAACCTTTCGC	0
TGCGTTGGCACAAACCATGA	0
TCATAGTCTTACCTTGAGCC	0
CGGAGTCTAGTACAGTAAAG	0
AGGGCTAGACCAGCCAATGT	0
TACACGAACCGTGATACTTA	0
CCCCCTGTATTTTTGGAATA	0
TGGAATTGAGCCTTCGGCGC	0
AATTGAGCGAAATTACACGG	0
CGCCCAGTACTACTTCCGAT	0
GAACGAACTTCATCCTCGAA	0
AATCCCTGACAAGACCGAAC	0
ATAAATAGGTGCGTCAGATG	0
TAACAGCTAGCGCGCTACGT	0
CGCAATATACATGAAGAACG	0
GAGTCTTAGAGCATGCAAGG	0
ACGACTGAAGTTACGTAGCC	0
GTATTTAAATTTAGATGCGT	0
TCAACCACACCATAAAGCCA	0
ATACACGACTAGGTGTATGG	0
AACCGTTTGCAGGCTCCAAG	0
CACTTGGCACTTACGTTAAC	0
CTAGTGTTTTAGAGCTGAAC	0
ACTTACAAGAGCACCACGCG	0
CCTCCCCCAAAGCGCCCCGT	0
CACGAGTTGAAATGAGTTGT	0
TGCAAAGTTAACCACAATAC	0
GTCCATAACAGGATGACTCT	0
GTGAGGGCATCTACTGGACT	0
GCGATGCATTTGTATCTCAA	0
CAATAACTTAACGTAAAAAA	0
GCACTAGATAGCTCTGCACA	0
TCCCCCAAGAACGGATGACA	0
ACAGTTGAACTCTGCGGCAA	0
GGAAGAACGGGACCGTTACG	0
ACATTAAGATAACAACGGTT	0
TTAGGCATGGCCTCCGAGAC	0
GCTATTAAGCACTGGGACAG	0
AGCCTTGTCATCTAGACGCG	0
TCAACTATCCCTCCACATTA	0
TAGTCCCGATATCAATGTCG	0
AGCAGAGATATCTTTAAAAC	0
ACCAGAGTTTGGTCGCGACG	0
GTCATAACGAGACATGTTAC	0
GAACGCGGACTGAGGTTATA	0
TTCCATTTTCTCGGCGTGAA	0
ATGAAGCGCTGCGGCTTATA	0
TTGTACGCGTATGCATCGTA	0
GGTGGCCACTTAGTAAAACC	0
ACTTGATTACTGCGGACTTG	0
AGTAGAGGCATTGTTTGCTT	0
AAAAACGAATATTAAGGATA	0
GTGGCTGCAACCCGCATTAC	0
AGTGCGAGCATTAAATAGGT	0
GGACGCTATACAACGTATGC	0
AGTTATTCCCGTCATACTTT	0
CTCTATGTATGAGCGATTCC	0
GCTCAACTAAGCCGCTGCCA	0
CGCTGCAATACTCAAAATGC	0
ATTTGGACTTGGTAGCACCT	0
AATCGAAGTCTTATTTGACT	0
GTTAACGGCACGGTGGTAAA	0
TCCATAACGAATAATGGAAT	0
AGGACCCACTCACGACTGAG	0
CTGGTCCCGGCAAGGGCCAC	0
GCATGTTGAGCCTGCCTATA	0
ATCTACACACCATCGCCCGC	0
AGCACCATCGTTAATACTAC	0
GCTACTCACAGTACAATACA	0
GGATAAGATTGACTATCAAT	0
GGGGGTTGAGTAAAAACACT	0
CTCACACCTATAATAGGCTC	0
AGTTCCAAGTGGGCGAACGA	0
AACATTTGTGGGCTAAGGGG	0
AGTACAGAGCTCCAAATCCT	0
CCGGGTTTGCCTTAAGCTAA	0
ATGAATTTGGTTGCTAGAAA	0
CAGGTCTCGATCGAAAAATT	0
GACTCAACCGCAGGGCTTTA	0
CCCGAGCAGGCGTATTTGGA	0
ATCTGTGTAACATTGACAGG	0
TTGGCATATCTACCCAACTA	0
GGTAGTCCAATCGGCAAAAA	0
GTAGTTGCAAGTACAAGTTA	0
AAAATTAACAAGTTCAGTAG	0
ATTCAAAGCGTAAATCAGAT	0
ACATCCCGTCAAAACACCCG	0
ACCCGTACTATTAGTGTAAG	0
GGCTCATCTAATCTTCGACA	0
GGCGATTTCACGCGTCAGTC	0
CGGAAACGGAGAGTTAGCTG	0
GTCTCACTTCAAGATACCAC	0
GATGTCTGGGTTTAATATCG	0
TATCAAACGTAACCGAGCCG	0
ACCATAGCATAACTACCTAA	0
AGCCCCCAGCCATTCACTCC	0
GGACCATAGATAAGAAGGTC	0
ACCAACATCATGATCACGGG	0
CGTATGACAACCTACTACAC	0
TAGTTATCACACTCCAGCAA	0
CATTCAATGGGACAGCAGCG	0
AGGCGCATCTACGCTGTACT	0
CATCTAGATTAAAATATGCT	0
ACCAACTAAATATTATCCCG	0
GAGCGGACAACGCCTGTGTT	0
AGAGACTAAGCCGGCGGAAA	0
ATAGATTGACATAACAAAAT	0
ACATTGACGTAGAATTGGTA	0
CAAGCTAACCTCATGTAGAC	0
TCTGATGTACTAAAAGATAT	0
GATTTCTGACATCGCGTATA	0
GTTAAAATTTACATCCTATA	0
TAATAAAGAGGAAGTTGTCC	0
GCGCGATTCTTTGCGCCATT	0
CATTGGGGAGTAGATGTGAA	0
CATTGAACACCGCCACTTAC	0
CTTTACTTTTTTTAGAGCTG	0
CCCGCGAAATTTACACATTA	0
GCACACTCAGCCTTACCGCG	0
GAACACCGCACACCATACCC	0
AATGTAATGAGTTATGCAGA	0
GGGATGGTTGGAAAGTGACA	0
GTAGGATGAGTACCGGAGGT	0
AAGTGTAATCAAGATCTTTA	0
CACACAAACACATAGTTGCT	0
TTAGAACCGAGCTCAAGAAC	0
ACTTAAGAATATTCGACTTT	0
GATTCGCATATTAAAGTATA	0
AAAAACGAGAGGCATCAACT	0
GCTCCGAGATGTCATCATTT	0
TCTCCTAATCGGTCCCTAAT	0
ATCGAGTACACTACGGCTAG	0
ACTTTCCAAAGATCTCCCGC	0
GCAACATGGAACCGGACCGA	0
GCGCTTTTAAAAGCAATCTG	0
AGTTACACTTAGCGCTTACA	0
TGAGAGTCAAACCAGTAAAA	0
TGCCAACTTTGTTGACAATT	0
TACCGACAGTGAGACAACCA	0
ATCAATATTGCTCGGGCAGG	0
TGCGACCTTAAGGCTTGGGT	0
ACAATTCAGGAGCCGGAGCT	0
CATACATCACCCATCGGTAC	0
ACACTGACCCAGAGCAACCT	0
GACAACCAATGGAATGTCAC	0
GAATTAAGATCAAGTTGTAC	0
AGTGAGAGAAACGTTTAGCG	0
ACATAGCTTCCCACTGAGAC	0
AGGCGTCCTGAAATGCCAAA	0
CATCTCCCACAGCCAGCCAC	0
TTTATCTGCCGACTAAACTA	0
TGCAGTCGTGTGTATGACCA	0
CAAGCGGCCATCGTGCTACA	0
CTGCGGTTTAACATGTGAGT	0
TGTCACGACCAAGTATCAAC	0
ACAGATCCTATAGATGGGGA	0
CGAAAGGGTAGGAAAGTACA	0
CATGGAGCATCGCCTAGTTC	0
TGCGATCATATAAGTGCCGC	0
GTGAATATGACGTACTCTTA	0
TTCTAAGTAGTGCAGGACCG	0
AATGAAGTCACTCCATGACT	0
GGTTAGAACACAAGAGTGCC	0
GTCCGCCTGTCCGAAAAAGA	0
GCCGGTCCGGAGGATAAAAA	0
GGCGGTGATAGTCGCCGTAT	0
CCCCAAAGAGGCCCCGTATG	0
GATGTGCTTCAGAGATGCAA	0
TTAATGCGACCTTTAATAAG	0
TTATAAAGGGAACTAAACTG	0
ATTGTCAAAGTAAGCTGGAG	0
CAATGAATGCGCACTTGCGA	0
TACCCACTGCAGGGGTACTA	0
CTGCACGATACTTCCACCGG	0
TTATACAACGGTGGGACCCC	0
GAAGATCCATATATGAACCT	0
ACCAATATAACAAGGTCCGC	0
GGTGCCGGTAAGCTTGCAGC	0
ACCACGTAATGATGATAATC	0
AGGGTTGAAGTAAGGCATCT	0
GCTTTGCCTGCACACCGGGC	0
CGCGCCGCTTTAGAACGCAC	0
TAGTCTTCGTCGTTACTAGC	0
AAGTGCTGCAGACCAGTTGG	0
ACATAGTCACACACTACATT	0
ACGAGATTCTCTCCAACCCA	0
TGTAAACGTAACTTGATAAG	0
TGCTACCAGCATATCCCGCA	0
ACATTCGTTTGCTTACAAAT	0
GAACCAAAAAATTATAGCAA	0
CACATTACTTCGAGTAGGAC	0
GGGTTTCCAATTCCGGACAC	0
CCGCAACACGTGTCGCATAA	0
ATATAGCACTGCTACTAATA	0
GTAGTCGGTGACAACGTAAT	0
AACGCGAGTAAATTGAAGCG	0
CACAGCATTATTTCCTCTGC	0
GGCTCCAGATTAAATTGCCG	0
GAGAATACTAGCCGTTCCTG	0
CAGTCACCGGTTTTGTAAAA	0
GGCTATGTCCATTTCCATCA	0
AGAACCAGCTAAACACCCGG	0
CATTTCGAGCGAGCCCACGA	0
GGTTGCTATTGTGGCTCTAC	0
TATAACCGACGGGACATTAA	0
ACCGACAGCCCAGCGGAGAT	0
ATGCGAGATAACGTGCGGGA	0
TGTAAACGGTTTTGTAGAAC	0
ATGCTCTACTATTAAATGCG	0
TCTGATACAACCGCAGCGCA	0
GTTCGAATATGAACGAGTAG	0
TGAGATACTCTACGAACATA	0
TGATTGCCGTGAATCAGAAT	0
AAGAATGAAACATGTAACGG	0
AGACGGTTAATCTACTATAG	0
CTACGTAATCAACGATAAGA	0
AGGACGTCTACGTTAGCTGA	0
CCTACAGAACCTAATAAGTC	0
AGGCTATTCGCGAACAACTG	0
TATATTTGCGCTAAGCAGAA	0
GTTAAAATACAATATTCTGA	0
CCTGTTGTCCGTCGAACTAA	0
TTTCGCAGACTGTCCCCGCT	0
TGTTGATGGGATGCTTAAGC	0
CCCCGGGTCACACCCATTCA	0
TCACCACAACTATCATATTC	0
CATAAGTTGGACGACACACA	0
TTGTAACCCAACCCCCTCAC	0
ACTGTGTTGTATCGTGATTA	0
CGACCGATCTGCTTTCGGGC	0
CTCATTGACGTGAACGGACC	0
ACTATCTTGTTATGCCGCTG	0
AGCCTTCTCAAAACCCGACA	0
TATCCTCCATGGAAGTACAA	0
ACAATGTGCTGACACCAAAA	0
GAGTTAGATATAAGCGCTTT	0
GTTTTCCCGCTGGTTATGCC	0
ATCGAACCTGCAGTCGCTTT	0
AAAAGTTGTGATTTCACCTG	0
AATAAGCGCACCACGAAAAC	0
ACTATGCGGTGTTGTTTAAT	0
ATTCCGTAACCTGCTCTCTT	0
ACAGTATTTGTCTCCTACCT	0
TTACATACGCATGAAAAAGG	0
TGTCAAACCGTAACCAGGTA	0
CAAGTAATGCGATCCAGACC	0
CTGGTTAGCTTAATCATGCT	0
TCGCCACCGAGGGATTACTC	0
TCATTTTTTATGTATGTGAC	0
TTATAATAAGATAGACGGAG	0
TTAATTACGACCACACGTAT	0
TAAACCTAAAGAGTAGCGGT	0
GCGCGGCAACAATGCGAATC	0
GGATCCAAATCCAAGAGAGA	0
TGGCGTGATTCGCCCGATAT	0
ATGGATTTGACGACGGGAAA	0
GCAATCGACTTAAAATAGTA	0
ACAACGATTTTACAGTAAAG	0
AATACCGTTGTAGATACGGT	0
CACAGCTACTCAGAGCTCAC	0
TCTGGCGCCTTCACATTTAG	0
TACCAATGGATCCCGTTGCG	0
ATAACCAACCCTAAACCAAG	0
ATGTGTTGCAGGGGGACAAA	0
AGGCTACAAACATCTAGAAC	0
TTGCAGATACGAAACAGATA	0
ATGCGAAATATCATTTGCCC	0
TAACAATTGAGGCTGCCAGC	0
AGGTCCCGGAACCGAGGAGA	0
TTAGGATAAGGCAATGCCAA	0
TTTGTTGAAGAACCATACTA	0
AAAGAACTGAGCAGACAACC	0
GAGTATGGCCCATCCAGCCG	0
AGATCTGCGTTAAAAATTTC	0
ACTTCAAAAAATGGAAAGTC	0
TGACTTCGTATTGTTCCAGA	0
AGCTAGCGCGAAAACACAGC	0
AGTACCCCGGCTACTCCGTG	0
GTATAGGAACTTTCTGATGG	0
CTCACTGTGCGGGGGTTACA	0
CACATTGCTGCCTTGCACCT	0
ACAAGGCACACATTCCTAGT	0
AAAAAGCTGTTAGAGAAGTC	0
TGCTTGGACATGGATATTCC	0
TAGAGCTCAACAAAATGAGA	0
GGTCATAAGAGGAAATTGGG	0
TACACGCGAGCAGTCCAACA	0
CAATCATGGAGCAAAGCGGC	0
AGAGTGATTGTAGAACGTGT	0
TGGACCGCTCTATGCGTGAC	0
CCAATGTCGAGTAGAATGCC	0
TGAATGAAGCATTAAAAGCA	0
GCCATCCTAAGCTTGACCTG	0
GTCCTGATTAGCCCACCTCG	0
TTACGGTGAAGGGTCCCACA	0
AATTAACCACTGTCCATCAG	0
TAATGGCTGCGCTGAAGCCA	0
AAGCAACTGACTTAAGGTAC	0
TCCTGATCCGGGTCATCCAT	0
AACGACGAGGCACTTACGCT	0
CGATGAGAGACGCTAAATAA	0
CATGACCGACCGGCTTTCAA	0
AGAGAAGCGTCAATCCCACA	0
GACTCAAATACCCTGATGGT	0
AGAAAGTTCAAAGAAAGAAT	0
GATTTTGGGTTGGCTTTAGG	0
TTTCTGTTCAAGAGCAAAAA	0
ACACATTGGTAACTAACTCA	0
AGCGGCACGATGACCAAGGT	0
ACCCAGCCCCGATATATCGC	0
GTACTACAACGCGACAACCC	0
CACAACTGCGGCGGCAAACC	0
CTCGGAAATCCCTTCCCGAT	0
AGCCCAATACCGCTACTTGT	0
CAAATCACACTGAGAAGTCT	0
CTTGTCGACCTCCCTAGGGA	0
ACAGGGCACAATAAGGAGCG	0
CAAAAGACAAGATGCCGAAG	0
TTCGGTTATAACGCGATGAG	0
AGAGTGAAGATTAGTTCCAT	0
TAATCGAGATATCCTCATAA	0
GATGATAAGTGTTCGAATCC	0
TTATAAAGTACGTCTACTCT	0
AACCGCGTACCTCCGCAACC	0
AACCTCGGAAAATGTTAGTC	0
AGAATACCACTAATCAGCCG	0
CTTGCCATCCCAGGCATCTG	0
TTACAGACATGAAAAAAGAA	0
TATTTCCGGTGAGAGCACTC	0
AGTTATGCACACGGCTAGCC	0
AGTACATGATAGCACCGCCA	0
CCAATTAATACCACACCATA	0
ACACTACCTACATTTCTTCA	0
ACGGTACCCGTGTTCGCAAC	0
TAGTAATGGATGTCACCTGC	0
AAGGACAGTGTTGCTATGCC	0
CTTCAACCGCCCCGACGCGG	0
CCCGACCATGAAATCATTTC	0
TGATACCGTCACTGAGTACG	0
GACATGCTCCACGCACACCC	0
ACCTAACTCGCTGGATAAAG	0
TCCTGTTTTAAGTTTTCTCA	0
CCTCATGCATTCGCTCAGCG	0
AAACAGCCTATCGAATGTCT	0
CCAGTGCACCATGTGCTGCG	0
CCGTTTAAGCAATTTGCCAG	0
AAACAATGCACACATAATAC	0
AGACGTCAAATGAATATTCT	0
GAAATACGACGCTCGAAACT	0
AGTGAGAGATCGACTTGCAC	0
ACTACCAGGGCCCTCATAAA	0
AACTCGGACCTTACGAATAT	0
AGGCTCGCGCGCGCCACATC	0
CGCACTTGTTCTTTGCTATT	0
GCCCCTAATAAGACCCTTTC	0
TGTGAAAATCGTTTAGCGAA	0
CAGGAACTACGCAAAAGTAT	0
TCATGCTATTGCTAGCTGCT	0
AACCGGATCACATAAACGTA	0
GCGCGGGCGGAGGTAGTATC	0
AACGAATAGACGTACCAAAA	0
CAGATGACGATCCATCGCAA	0
CGCGGGCGGTAGGCTATTGC	0
CCAAAGTAGCGCATGATGAG	0
AAGGACATGTACACCGATGA	0
CAACCCTGCACCCAGTCTCA	0
CCGGGTGAAAGTGATAAAAG	0
ATTGGATGTATAGTACTACT	0
GAGTACTTGTGAGATAATTC	0
AGGAGAACTGCGCCGACATG	0
CTCGGTACCCACTTAGCGAC	0
AAAGTCCATCTGGTATTGTT	0
AAACACATCAGCACATAAGA	0
GCAAACGACTTGGCGCGATC	0
CACAATAGGCACGAAAGATC	0
TCACACGGGCAGTGAATAAA	0
AGATCAAATACGTTTTAACG	0
CATAAAACGTTCTATCAGCC	0
TACGCGAAGTGAAATTGCAC	0
AGTATAACCGCAAATACTTA	0
CACGAACTCAATCACGGCAG	0
CCAAACCTTACATTCCTACC	0
AGAGACAACAATAATCGCCA	0
GTCACGACAATCCTTGCCCC	0
TGACATGCACTTTCTACGAG	0
ACCTCTTGCCCGAGGGGCCA	0
ACACATTAGATGCACGTCTG	0
ACGACTCCATACAAATCACG	0
AGTATCTGAAGGCCTAATGG	0
ACGCAGCCGTAGTCTCCTCC	0
GCCGAAAAGGGACATTTGAG	0
ACGATAAACAATCAAGGCGG	0
ATACATAGCAGCCGCAGCAA	0
TCGGCCAATAGAGAATCCGG	0
ATGACAGACCGTTAACTCCG	0
AGCGATAAATGTGTGCGAAG	0
TGAACAGGTGGGCTGGAGTG	0
GGAACTTTCCTAGCCCCGAG	0
GACGTAATCATTTAATTTGA	0
CTACTACCGCAAGATCGAAC	0
GCAATCGTGCGGTCTTCTTC	0
CGTAAATAGAGGGGTAAACG	0
ACTAAATCGATGATTCGCAA	0
TATTCCCCATAAAACCGACG	0
TCTGGATAGGTAATAAAAGG	0
TACAGCTGCTAGCCGGAACG	0
TGCCGCGCTGCTTCACGTAC	0
CGAGCGAATGGGACCAGCGC	0
ATAAGGCCGCCAGGATATTG	0
AGCGGTTACTCCCAAATAGC	0
CCGATACGCGCGAACTCGAC	0
ATAACGTGCCCGGGCAGAAG	0
TGGTTGCACTAGCACGCCTG	0
CACACGCGTACCACCGTGTG	0
AAAAGTGTCCACAGGCGAGA	0
GAGAGGACGTCAGTTTGCAG	0
AAGCAGGACAACGGCGCTTC	0
TTCGTCGCACATCATTATCG	0
GAATGCCTGAAACTTGCCGG	0
GTGGATTACACCAGACATTT	0
TTATATTGTACCTACTAAAC	0
TCCCAGTCGCTGGAAAAAAC	0
GGTACACAAGAGCCACGTAT	0
TACCTGGTTGGTATAAAGAT	0
GAAAAGGGTACTGCAGAAAG	0
AAACGCGTAGTATAACAGGA	0
CTGAAAACCAAAACTTCCTG	0
GGTTTGACCTCTTACAGCCG	0
GGTTAGCCCATAAAGGCCAA	0
AATAAGAGTGCCAAACATTA	0
TAAGAGAGGGTCCCCCCGAG	0
TGAATTCTACTAATAAGACA	0
GCGCAAACAGTCTTGAGCAT	0
AAACGGAGTCAAACACGCGC	0
AAGGCTGTGAAATACCATCC	0
CACATAGATTAAATTTTTTA	0
TTCTAAGAGACAAAGATATA	0
TCATAAGTTCCCCATGGTAC	0
AGATTTTGCTGCACGTTTGC	0
TTTGCGGAATCGTAAAAAAG	0
GCTGAAGGGACCTGTACACC	0
AATGATGAGAAGTCAGTTAC	0
GAGGACATACTTAAGCAGCC	0
CATTTTGTAATGGAGGGGCT	0
AACGAACTGCAATGTAATTC	0
AAGATCAGGTAGCTGAAAAA	0
ACCGACCGATCAAAAAGTTG	0
CTGGCGTAGAGAAAAGGGAC	0
TCGTTATCTTGAGAGCACAA	0
GACGAAAGACTATCTGTAAA	0
CCAGTCTTACAACTGCAATC	0
TTGGATGAACGACGACGACA	0
GAAACGTCGCTGTCCCGCTA	0
GTGCCATCATTAGTGATGGG	0
GAGCATTACGACCCCCATAG	0
ACAACCAAAGTACGTATCTA	0
CGCTTGCTGATCTCTACCCT	0
ACAGTTATGATGCCGTGTAA	0
ACCTGTCATGGCACTATGCG	0
TTCTATTAACCTGATAACAG	0
ATATGATTACGAGAGTATAG	0
GGCACACCATATTCCTGAGA	0
ACCGCTGGTGTCACCTTTAG	0
ACCCCTCAACCGAATAACCG	0
TCACTATGCAATTGCAACAA	0
GACGAATCCGTACGTGACTG	0
ATACACGTCACTAAGAATGA	0
GCGTTACGAATGCTGAGGTC	0
CCGGAATGCATCTTCCAAAG	0
TTTTTTCCTCCCGAACTAAC	0
GAGAAAGGCAAAATACTGTC	0
GTAGAGCCGAGATGATTTAG	0
ACCGGTGGCATGCGCCCATC	0
GCTATCCTTGGGTGTTTTCC	0
GCCACTAAAGTAAGAATACA	0
GTAGAAAGTTAGTTAAGAAT	0
ATCACAGGAAAGGCCGACCA	0
CTTACTCGTGACGCATCCTC	0
GGCTTTCGAATCCGTCGGGT	0
ACTAGTAAACGTATGGATGT	0
GAACCATGAGAGGAACGATA	0
CGTAATTGCTTACTCAATGT	0
ATCAAGACAGGAAACATGAA	0
GTTATGCGTTTAGAGAACAC	0
AGAGGCACATTGGAACCCGT	0
CCGATCCGCGTACTGGCCGA	0
AATCGCGGTAAATTTTCGAG	0
ATGGATTCTAAAGGTAGAGG	0
GCAAGAACGCCCCCTGCGTG	0
AACGAAATCTCCACATCTAA	0
CAAAAGGGCCTGGTGGGGAA	0
GAGAGAACCATTGGACATCT	0
ACCTACCTTCGGCCTGTGAC	0
AGTGATAAATGGAACGACGA	0
ACCAGAGCGGTCCATCGTGC	0
ACATTTGGATGCAGCACTTA	0
TGGTATGGACTATTACCGTT	0
ACCCGTACGCTCATGACACG	0
ACGGCACGAGCGAGCCCCGC	0
AATTCCGTGTCGCAATATTG	0
CTGATGCTTAATACAGTGTT	0
AAACAATCTAGACGTCTCAC	0
GATTATATCGCAGCCACTAA	0
AGACTAACCCGGACGGTACC	0
GAGCAAAACATCCCCACGTT	0
TAAACAAGGAACGTCGTATG	0
TATTTATGAACAATCACAAT	0
TCTCAGTACAGACTTTAGAC	0
CTGATGACTATTGTCGATCA	0
ACTGATTTCCTGGTTTGTAA	0
GTTACATCTATAACAGGATA	0
GCCTGAACCTCGCCCTACGC	0
ACACATACGCAAAGGCCACC	0
CAACGGATTCCAAACAATTT	0
GGAGACAGTTACCGTTCCCC	0
ACCTTACACGTCGAGATGCA	0
AAGACCGCGTCACGGGTCCG	0
GGATACAACTTTGCCGGAAC	0
ATGTTGTCGGAGCTATGCTG	0
GAACATCAGTAGTTTGATTC	0
ACACCTGTGATAATGCAAAA	0
GAACGCTATAAGCGTGGTTT	0
CGGACATACACCTGCCGGTT	0
AAATAAAAATGACATATAAA	0
AAAGTCACGACGGATACCGC	0
GCGACTCCGGCTATGAACCC	0
ATTTAGACTGATGCAGAGAA	0
GCTAATATGTTAATATCGTA	0
CGACACACGAAGAAAAATAA	0
ACCAAAGCTAATGCAAACCG	0
ATGCGTCGTCTTACTCAGAC	0
ACAAGCGCAGTGTTACTTAG	0
AAGAAAAGGAGGAGCAGAGA	0
TGGGTTACACTTCGAAGAAG	0
ACGCCACGTGCACACTTGCG	0
TTTTCGCATTAAACTAATGA	0
GGGCAGAAAAATTTCATTTT	0
TGCCTGCCTAGACATCTTAA	0
AGTTGTATAACTTGGGCACA	0
CAACCTAGTTAAACGTTCAA	0
AATTGACGAAAAGTAACGGC	0
CTTGCCTGGCGACATCCGTG	0
ATTGCACGCCACCTCTCCCT	0
GTATAATGGACAAATTAAGC	0
CTCACCAATAGCAACGCCCG	0
CCATATACTGGCCCTATTTG	0
CGCGAAGACAAAACTAAGAG	0
TCGATGACTAATGATACGCG	0
CTTGACTTCGCGAGCCGCGA	0
CCAAACTGAGGTTAATCAGA	0
TTCATTCCGAGCTATCACTT	0
GGCCGGAGGAGTTGTTTACC	0
CCACCGGCTCCGACACCCAC	0
TGAAGATGTTGGCTCTGAGT	0
CCGATTTACAATCTTAGAAG	0
ACAGCCGACGCAGGAATCGT	0
AGATGCAGGAATTGTTGAAA	0
CCGTTATAAACGTAAATGCA	0
CCTAACGGAATTACAGCATG	0
GGCAACTTCACATAACAAAG	0
TACCGAACCTTACATGTTGA	0
TGCTGTGTTGGCTTGATGAA	0
CATCGACTCAGGTGGAAATA	0
GACCGGAATACGTATTCAAC	0
TTCAACCCTATGCTACCGTC	0
CGCATCCCATGAACCCCTCC	0
CACGTGAGGAAAAACTGTAC	0
AATTGAGAAGCGTGTAGTAC	0
GAAAAGTGAGTTTGCGACAT	0
TTAGCGTTCCGAAACCCACA	0
CGCTCTACCCGCCCACCAAG	0
TGGATATCGGTACCAGCATG	0
CTTGGACCATTAGTATACGT	0
CTGCGCCAATCCAAATAATA	0
ACTGGCAGAACCAAAACATT	0
GAGGATAAAGCGAGGTATGC	0
TCTACTGAGATCCTGTCATA	0
TTATGCGCTAAGAATCTAAG	0
GGTCAAAATAAAGAAGGAGG	0
CACACTTTAACAATCATAAC	0
CATTACGATTAAAACCGAGA	0
CTTCCTCATCCACCGAAACA	0
TCCCTATACCAAATTTAAGT	0
ACAACGCAGTAGAGAACAGT	0
ATATAACACATTATTATCAA	0
CTCGCTGACTTGTTCCGTTA	0
AACTTACCAAGCCATTATAT	0
TAAACTTAAATTGCACGTGC	0
CCTAGGGCTGACCGTACAAC	0
TGATCATTCGGTGCTAACAC	0
ACAATACTCGAGCATACACG	0
CAACCAACCTTCAGCACCCG	0
AGGATGAGTGTAACGAGTGT	0
GGGGGGGAAACATGGACAAC	0
CATGAAGTTACACCAGATGC	0
CAACAGCAACAGTTCCGATG	0
CTAAAACACGAGCCGTCACA	0
ATACCAGTGCACAGCATGGC	0
ACTATCAGTTGCACCATAAA	0
ACTGTTACCGTTGAGATTGA	0
AGTAACTGCCTTACCGCTAC	0
TTAACATAATGACGCGGAAT	0
GCGTGAATTCTTAAGTATAG	0
TATAGATTATGAGTACCATC	0
AGGAAGTGTAGTGCGATTCC	0
AGAATGCAACGAGTGAATGT	0
ATATGGCAGTAGAAATATCC	0
ACGCCAACATCGCGAACCCG	0
GTAGTCGACAAACTAAATTT	0
AATGACTATAAGACAATATA	0
GGTCGCCCGGGGACTGATCT	0
ATCCGGTGAAGATGAACACC	0
AATGAAATCCTGTTTACGAA	0
GTGGTGGTGGCAACTAGCTG	0
GCACTATTCTTGGGGTACAC	0
CGATTTCCCATGATTCACCC	0
AAGGAACACGCACAGTCTCG	0
AATTAACGTAATACAAGCTA	0
ACGTAGAGTGACATTAAGGA	0
CACCGTACGGTGAGGACGCA	0
AACCATGCTCTTAAGACTCC	0
TACACAATATAAATATACGA	0
ATAGAATACCTGATGTTTTA	0
GCACGGCCAAAGCTCTATGC	0
AATTTCCCTGGACCGATCTT	0
AACCGACGGACTCTCACTTG	0
TTGATAAGTCGCAATGGTAG	0
CGCGATGAAGGCGCAACACA	0
ACGCAAGGGGTGGAAAAATG	0
GCACAGGAAAAAGCAACGTC	0
TAACAAGACGAATTCGTTCT	0
CAACAGGCAAATAATGCAGA	0
GGCTTAGCACCTCCCCCACT	0
GCGCATCATGGAATAGACAT	0
GAACTAAACACATTCGCCCA	0
GGCGTGTAGGCAGATACCAG	0
GATAAAGTTTCGTTTTAGAA	0
TTCTACTAGCGTGACTAGTA	0
TAAGTTTAATGATATGACAT	0
ATCGCAATACAGTGAAATGC	0
TGTAAATACCATGAATCTGA	0
CGATACATGCTGCTTAGCGT	0
TTAAATTAGAAATTTAAGCT	0
ATCTGCAGCTGCGATCCAAC	0
CCGGAACGATCATGTAAGGG	0
CATGAAAAATAGGGCGTGCT	0
GCTTCAAGTTTGTATTCCGC	0
GAAATGAAACCCAGGATTTT	0
AGATATTCCTGAGCCCGTCT	0
TGAATGTCCGAGGATCCCAG	0
GAGGAACAGATTGGCTATTC	0
AGCACATCTCTTGGGTAATA	0
TGTTTTACTGGTTTGACTGC	0
TTGATAAAGATAAAGAAATG	0
CCTAATAAGTGGATAGACTA	0
GAGTCGAAGGCATCCGATAG	0
AGTGTGGACCTCGGTTAATC	0
TGCAGCATGCCTTCCGGAAC	0
TCATATCCGGAGAAAGTCAA	0
GCTGGCATTAAACGGAACGA	0
GTATATTTATTATCACAGTG	0
TTATGAAAAACAACACGCAG	0
TGTTGAAAGTGCCTATTCTA	0
AGAAACTCACAACGTGCGCT	0
CGCCGCGCGAGAGCAAGAGC	0
ACAATTTACCCACCTTAATA	0
AAGAGAGCACGAGTGTGGTG	0
ATGATATGGTCGTATTTATT	0
TAAAACAAACCAAGATCAGA	0
AACACTACATAGTCTTCACC	0
CGAGATGCTAACCGCCCTAC	0
GTGAGTGGTGACCGGAAGCA	0
ACCGCTGTTGGCAGTGCATT	0
GAGTGTGCAATGTCTTAATG	0
GGTTCAAAACTCGTTTGCTA	0
GCTGCCTACAGCCGAGAATC	0
AGAAACGATATTAATCGAGT	0
GCACATTGAAAAGCTGTATA	0
CACCGTTATTAACGCAAAAT	0
CCACGCGGAAAGATTTTGCA	0
GCGACGGACCATAAGCAAAT	0
ACCAACAGTCACTGTCAACA	0
AATATAGCTGAGCCGCGTGT	0
CCCCTATAGAGTAAACGCTA	0
TATATAGTAGCACTTGCGTG	0
GAACTAATGGCCAGGCTCGT	0
AACCCTTGCTGTTGTTTCCT	0
GATGTTAGCGTGGGCATATT	0
TACGATCGAACTCAAACCGT	0
ACAACTTAATCCCAAGCATT	0
TATAGTGAGTCCCACGGTTT	0
AGAACAAATCCGTTCTCAAA	0
AGGTAACCAAAATGTGCGTA	0
CACGAATCCGCCATTGAAAC	0
AGGCAACAGGAAATTAGGTT	0
ATCCTATACTCGTGGTCTTG	0
GAGCCTTTGGCGAACAAGAG	0
GAGGTTATTCAAAGAACAAC	0
ATGACCCACAAGATGAGATA	0
CCCTCCTTGATCTGGAATTG	0
TATGCATACAGAACTGTAGT	0
GAAGGGGATTGTGTATCGAC	0
GTCGTTACCAACAACCCTCC	0
GGATGTGCACAATATTGGGT	0
TTAGATTCCAGACCTGTGTG	0
ATGCATTTCTTGAACTAAAA	0
GTTAAATAAAACAATACCGG	0
TTCAAGTACGACACCAGGTG	0
ACTTCGTAAGGGGGCCTAAC	0
AGCTGTGGAAAATAAATCTG	0
GAATAGTTCAGCCCCGCGAG	0
AAATTTGATCTTAAATTGGA	0
ACAGTGCCGTGGATTAACTT	0
TAACCTGCAAGGATACCGGC	0
GACGACGTAACCTGCTGGGA	0
ATATACCATACCCACCTTCC	0
AAGTACATTCTTCGAACTGA	0
AAGCGTAGCAAGAAACAGAC	0
CGCTTGTCATAACCAACTAT	0
TATACGCTCCAGTAACGAAA	0
AACTTTTAAACTACTTCCTT	0
AAAACGTAAAACTTAGAGCA	0
TACATAACTCATAAAACTAA	0
CGCTTGAACAAAGAAATTGA	0
ATCAGAACCTACACCAAAAG	0
GTATGGTTACTTGAATCGTA	0
CTCTTCACACGCCAATTAAG	0
TACTGATAACAATGCTTCTT	0
GAATTATAATTACGTCCACA	0
TTCCGAAACCTTCTAAGTAC	0
ACGTATTAATAGGAAGCAAG	0
GGTGTTTCAAAACGAACGGA	0
AAATGTTTACCACCGGGTCC	0
ACTTATTGGTATTACATAGC	0
GGTGTTGCGGCACCCGTGCT	0
CTATTTTCGCACGGACGCTG	0
GGGACAACAACACGGACTCG	0
AACAACTGTACTGAAACTAT	0
CCACACACATACTTACAACA	0
CTAATGGTAGGGCGTCTGAA	0
ATACCCGATACGCTTTCTCT	0
CAACACAGACCCCTCCGAAA	0
ACGTCCAACAACATGTCTCT	0
TGTGTCCAGGTACAGCTAAA	0
GTAAGACTGAACATACAACA	0
ACTGCAGAGCCGCGAAGGAC	0
AATACCTCACAATTATGTCT	0
ACTCCGGAAACCCGGTAACG	0
AAAAAATACAATGTACTTAA	0
GCCGCTCCATAACGCAGTGG	0
AACGATGTCACTAATGCGTA	0
AAGACCTCCTATCATGTGCC	0
GCTGTATACGGTGCGCGAGA	0
AGACGTGAACGTGCAAAAAC	0
ATTACACTCTACGTAAGATG	0
CGTTTCCATCACAAGCAACG	0
GGGACCGAGGGTTGATGCAT	0
CCAAGCAGTTAATTGGGATA	0
GCTAGTAAAGAGATGTTGGT	0
CGGATCTCGACCGCTTTTGG	0
CAAAGCGCCCGCTTGCGCAG	0
ATACACTGAGCACACGAAAT	0
AATGCGATAATTTGAACTTT	0
TGCAAACTGATGCTCTTGGT	0
CCGTTAAAGCACCGCGCCTG	0
AATGACTTGTGCTTGGAATT	0
ACTGATTGTAAGATGTTACG	0
GTGCGTAGCAGTTAGAGAGT	0
GAAAAGAACACGATATTCCA	0
AACTCGAAGTGACTACGGAT	0
CCGTCCTCATAATTTTTACG	0
ATTTGGGATTAGTGAAAAAT	0
GAATGCCAGATTGGATGCAA	0
CGCCATACGGCTCACAAACA	0
GAACGATCTAGCAGTATAGA	0
ATGTATTGGCTTCGCTGACA	0
ATTCAGCAACTTTAGCCCCC	0
CGCGCCATCTTGCCCGGACC	0
CAAAACAACTCGGTAACATC	0
TAAAACATGAAAATTAATAT	0
AACAACAAACACCCTCGTTT	0
ATGCCACGCCTGAGACATCG	0
TTAATGCAACTCTGGATCCT	0
ATCAGGGGGGGTCAAAGCAT	0
AACTTATTAAGGCACCATTC	0
CCGGTCGGAAAAGGACAAAA	0
ATGGGTAAATCCCGCGTTCC	0
CGCGTCAGAGGTGGGAATTG	0
ACATGGAATCGCCATTTAAT	0
TCCCAACTGTTCGTTGTGTG	0
AGTTATATCCGGTTTTCACA	0
AACGCTGTACTACGGCTGGT	0
AAGCATGCCAAGAAGCCGAT	0
ACGTGAAGTAAACTCAATAG	0
TAAGCCCTACACTGTAGCGT	0
ACTGTTGTTATTGTCTAAAC	0
TCCCGAAAAATTTTAATTCT	0
GCCTGACGGTCGCACCCCAC	0
GACGCCTATCATAGTACTCT	0
TTGACGGAAGGAGGATTCCA	0
ATGAGAATTGCAAAACCAAG	0
CCACTATCAGTTACGGATAA	0
ATCGATTCGATTTGAGCAAG	0
TGAAGTTTTACCAGCGATGT	0
CATAATTAGGCAAATAGACA	0
GATGTATTTGATACATTGTG	0
CCGAGCGGCACCGATACCAA	0
GACCTCAGGAAATATGACCG	0
CGAGCCCCTAGAACGAAACT	0
GCTGCGAGATAGCAGAATAT	0
ACCCGCTAATCATATACAAG	0
ATGATTGGACCAAGGGACTT	0
CCCTAGATATCCGTGTAGGT	0
CTGAAAACTTAAAAAGCCCC	0
AACGTGACATTAACCATCAA	0
AGCGTAAATCGTGCTGGGCA	0
TGCAAATAGCAACGTGAGCA	0
AATATAATACCTCCCCTCCG	0
ACTGACTCTGAAGACGTAGC	0
AAGGACCATGTGTAATGTAA	0
GCGCCAACACGAATTTCAGC	0
GGAGACTGAAGCTCATAGTT	0
TTCAACTACGCGAAATGTGG	0
AACCCCCTAACCACGATCCG	0
AACATACCGTACGGCTTGTA	0
CAGTCATCTTTTAGATGTTA	0
CCCTTAGCGGTTGTTGCGCT	0
TTATGAGAGATGCAAAGGGC	0
GCTTTTGTGTTTGAAGCACT	0
TTAATTTCGAAGCCGGTATC	0
CGGATTGCTTCTAAGTAGCA	0
GAACAATCGATTCACACCCA	0
CCCTGCATACTAATTCAGCA	0
CGCGATCACCACCAAGGCAC	0
CGCCTGCAAAGTTATTGCCC	0
AAACACACAAATATCACACG	0
GCGTAATACTTAGTGCATAA	0
AAAAATAGCTGCCCGACGCC	0
CGTACAGCAAACGCAAGGCC	0
ACAGACGGCAGATGTGATTT	0
ATAATCCGATAGGAGATTGA	0
CCTGATAGGGTTCCGGATTC	0
TGATCGATGCCGGCCCTCAC	0
TGCTTAAACTCAGAATCATG	0
TCCCAAGTTCCGAAGCCCAC	0
CATGGTCTTCAGCTAATGAT	0
GACAACCGCCGCTACGTAAA	0
GCCAAATCCAAACAAAATGA	0
CCCCTGTGGGTCCACCCATC	1
CATGAGTCATTCGCACGATA	1
ACTACTGTACTCTCCAAGGT	1
GCCCGCCCCCGTCGGCCTAC	1
TGTTACCATCATGTTGTACC	1
CACACTAACATTTCTCCCCC	1
TAACATGATAACCAATACCA	1
ACAACGTATCCCAGGGTCCT	1
TTTATAAACACAATTCACCG	1
TAGAGCTATTTCCCTGCCCT	1
TCTCCAGCGCACTCATGCCA	1
CTCTTGCGCTGGCTGCCTTT	1
ATTGTAGAATCCCCGCCAAC	1
TAATTATGAAACGTAGATGT	1
GTTTCCCACCCTGATCTTCA	1
ACCACAAAAAGTTGCACAGC	1
GCTTAGTTTATAAAGGCCGC	1
TGCGCTCCAACTGTACATGT	1
AGATTTCTGCATCTTTACAA	1
AGCTCAATGCCGTTTCTTCC	1
GATGATCGTGTGTCGCGCGG	1
TGATGACTGTAATAGACATT	1
AGACCCATTACACAGTTGTT	1
GATGCAATAGCCATGCATGT	1
CGCTCTTTAGTGACACCTCG	1
GTACTCCAATAGATCGGACA	1
ATACACTGTCCCAAGGAGAA	1
TCTCGCTAAAGGGTGAGGAG	1
TGCATTGAGCGACACTCTGG	1
AAACACCCAGAGTTCTGCAT	1
CCTTTTCTGTATGTCAACGA	1
AATCATCCACAATGTATGAC	1
AAAATGTTATGCAACGGAAA	1
AATCTTAACGACGATTTAAA	1
ATTGGTGTAAGTATCACGTT	1
ACGTCAGACCCCGCCCCTCT	1
TTCACAACCAAACCACAACA	1
GAGACCCCGGCCCTGCTACC	1
ACCAGATACTACGTTTCACC	1
CACCTTCCGTACATGCTAAC	1
TAAAACGCCGTTCACAGATA	1
TAAAACAAATAGGTAAAAGA	1
CATTGTACCGCAGGGTGTAG	1
GATCGGATTACACATCATAG	1
ACGTAGAGCTCATGCTTAGG	1
TCATACCCCTTTGAAGAACG	1
GTCATTAGATGCGTACATAA	1
AGATATCTGCGTAGACCGGG	1
GATCGTAGGAACATTACTTT	1
AAGAATAAGTGAAGTATCAT	1
CCTCAAAAAACACGCAACTG	1
GCCCGCACTCTATGGCGCAC	1
ATACTCCCCCATTGTTACTG	1
AAAGGACAAACTTGGTGAGT	1
TTATATGCTGGGCCCAACCC	1
AAAAAAAGGGAAGACTAAGG	1
AGGTCATTCGTGTCATACCG	1
GCAACCCTACGTTCCATCCT	1
TTACTAGGAACTCGCGACCA	1
AGGATAACTGCAATCCGGCA	1
CTTGCGACAAGATTAGCGGA	1
AGTTGCAAGACTCGTACGCA	1
CCCAAGGAAAACAAAAGGTA	1
AATAGGATTTTACTATTATT	1
AAACGGATACAATGGAGTAA	1
TTTCGAACGTAAGTCTCCTC	1
TAATGTCTGCAAAACATGAG	1
GCACGGCACCACCCCACCCC	1
ATACAGTTAAACACTCCGCC	1
TAGTTTGCACGGTTCTTAGC	1
CCACATCCCCCCACCCATCA	1
ATTTAGCCGGTAATTGCGCT	1
TCCGCTGCTCCTGCTTGTGG	1
CACTGAACAATTAACATCCC	1
TCAAAAAGGAAACGAACTCG	1
GCTCAACGTTGGGCGGATCA	1
GGGGTTAGATCCCATGATCA	1
TTACTTCGAAACAATCGCGA	1
TGTCAAATATTTTTGGCATA	1
CGACACGTCCAGCGCTGACC	1
GGGCAAGATTTCTGTTGTGA	1
GTTTCCTTTAATCATCTTCT	1
CTCCCCAAGATACCACCTTA	1
CTACGTACAGCCTCCAATCT	1
GCTCACCTCACAATGGTACA	1
ATTGTGCGAATCGGTAATAT	1
ACTTACGTCTAACAGTCCTA	1
CTTGGGTTATCTAGGTTGTA	1
ACTTCGGACGGAGTAAAGCA	1
TTTGGGACGTCTCTGTACGC	1
GAGGGTTCCCCTGAGCGGGT	1
AGATTAAAATGGACGTGGTG	1
AATATGAATACACCTTACAC	1
CATGTCTAGAGCACAGTCAC	1
GAACACACTCTGTTCCATTT	1
TCTCTTACGCTCTCCGCCTA	1
TGCGGAAGGGGACATTCACA	1
TTACCGCGCGGAGTTAAATA	1
CCACAACACACACGCCCTGC	1
AAAGCACCCTACTCGTTCCC	1
AAATATTACTCCCGATGCTG	1
GCATTTGATATTGATGCTAA	1
AGGCATTTCCTACTTCAAAA	1
AATACTACGTAAAAAATTCC	1
GGGGAAGGCTGGATTTGTAC	1
CACATTCACTAGCCCCCCCA	1
TTTACAGAGGCACTCTGTCC	1
CACTCAAGATTGTCCCCCTG	1
TACCGATTGCACCTGCGCGT	1
GTTCAAATAGCCCCAGATGA	1
ACAGAAACAAACAATAGAAC	1
GCAATACATTCCCCCTATCT	1
ACTGTAAATCAAAAATCGAA	1
TGTTCAGTACGGTTTATGCT	1
ACAGTTAATGGTCCAGCCAC	1
TAGGATGTCTCATCTAAGAC	1
GCCAACAAAAAAAGGGAGAC	1
CCTCTAATCAGCGAAAAAAG	1
GAAAAAAATACATGCCCCAA	1
TTGTCCGAGACCTGCAACTC	1
ATGTAGCACCCGATTAGAAC	1
TACTGTCGCCCTTGATTTCT	1
CAACGCAAAATTACTCGCAT	1
AGATGAAATGATCTAATGGC	1
CTCAGGCGCCTACGCGGCGA	1
TAGCAATTCGATGACCTTAC	1
TAATCTCTCAATGAAGTATA	1
GCAGCTTACCGACACTACTG	1
AGATCTAGCGCCCGATAATG	1
GATATACATCTAATAAAGCT	1
TAAAGTGTCATTAATCTGAC	1
ATATACGTAGCTTTTGTGCA	1
CTAAATTGCGCCTAACTGGT	1
GTCTCTGCCAAAAACTAGTC	1
TTCTCACAGGCCTACTGTCC	1
ATTACCCCCATCTTCACCCA	1
TCTATAGACGTGACGTATGT	1
TGAATTTGAGGAGAACAGAA	1
ATTCGGAGTCTGAATTTAAA	1
CTTACCTCCACAAACTTACT	1
ATACAGTTGATCTGGTGAAA	1
ACACAACACCCAGCGGCGAC	1
TGCGTTGCGCTCGTAAGGCC	1
ATTCGACAGTAACTAATCAT	1
AGGGCTATCATCTAATTCCA	1
CATACCTAACAATAACCCAG	1
CCTTCGGCATACTAGAAACA	1
TACCATAGCACTAGGAGATA	1
CCACAACTTTCTGAGCCACG	1
GAAGCGGTGGATTTTCGCCA	1
ACAGCTATTCAAGTGAGATA	1
ATCCCTGGAATTTTACACTT	1
AAAATGTCCTAGGCAGACTG	1
TGAACCCAATATTTTTTCAC	1
ACCGCATGTAAAAACACTTC	1
CCCGATCCCCGGCCTCTCTA	1
AGTACGTACGCTACGCGTTT	1
TGAATAAGTTCATTTAAAAA	1
TGTTAAACAACAGCTACATC	1
TTTACTAGTTGCGTCAATTC	1
TGACAAAATGACTTTCAGCT	1
TAATGGCGCCGTCTCTAAAC	1
ACACATCAGCATGAAAACTT	1
TGACGGTTGAGTGCCCTGCT	1
GGTTCCTGAGAGCTACACTA	1
ACCGACACTATCTTAGCCCT	1
ATCTTTGTGAGACACTCTTA	1
TATGATGCCCAATAACCAGT	1
TCTCAACATTTCACATACGC	1
ATAGATTACTAAAAGTAAAA	1
CGTGCCATCCCCCCCCCGAA	1
ATGCTTATCAATTGTTTGAG	1
AACGACACCTTTCAAGGATT	1
AGCGTGATTATATCGAGCGA	1
TTCGTATAAGACAGGCTCAG	1
CGTACTATTCGATCACTCTC	1
CAGATCGGGAACCGCAGTGC	1
TGTTTCTCAAGAGCCTAAGA	1
ATGTGGACGGATTTAACTAT	1
AGCAATATACTACTGACGAC	1
TAATTCTTCACAAGGTAATG	1
TGCCCTTAACCGGCGGACCG	1
ACAAGGCCTCGCAGGTATTT	1
TTGCTAGTTGCATATGTGTC	1
GCTTCTCAGGCAACCCAACT	1
AGAATGAGGAAGAACCTTTC	1
AACGTACCTTGAGTGTGAGG	1
ATGACGATGGCGTACGCGGG	1
GTTCGCTCTCCTTCCACACC	1
TACCACTCACCCGAACCCTA	1
AGTGTAAATAATTGCCGTCT	1
AACTGCAGACCGCTCCCGCC	1
CCAGCTCTACGGCAATCACC	1
AAGTTACTATTTAAACTAGC	1
TGAGAACGAGCATTAGTTAA	1
ACGGTATTAAAGCTTATTGC	1
TGTTTGATACATCAATGCCT	1
TGCGAACTATTCCATGCACA	1
CGTTAACATTTTCAAACTAA	1
CTGTTGCGGTAAGGTATTAA	1
AAATAAACCGGGGCAAATAT	1
ACCTCCCAGGTCGCGATACC	1
ACCCTGATGACACAATGGTC	1
CACGATATCACAAACTAACA	1
ACATTGAAATAAATTAACTT	1
TAACGACTCAAAAATGCAAT	1
TAGTAGCCCCGAACATGGCT	1
AAACCGCACTCAGCTATAAT	1
AGATGTGTAACGGTTCAAAG	1
CCAGAGGCCACATTAACGTT	1
CGTGGACAAGTTCCCCCTCT	1
AACTATCAATAAAAATGCAA	1
AATGCGCAAGACGCCACATG	1
CACCCTCCTCACAGTACACA	1
AACGTCAACTACTGTATCCA	1
TTTCGAGTATGTCTCAGGTA	1
ACGTCATAACCTCCTTGCAA	1
CTGCGTGCAGATGCCTACTC	1
AAAAACTAAAGCCAAATAGC	1
CGACATGGACACGCCCGCCA	1
CAAGGTGACGTTACTGGCAC	1
CTTGGATAACAAAATGGGGA	1
TCTGATAGTTATTGCGTAAG	1
TTCCCTGAAATATAATTACG	1
ACGGAGGTTATAAGTCGATT	1
CTGGCGCGCTGGGAGGTCTG	1
CCTAATAGCTGCATCCTAAT	1
AGATTCTACACCCCTCTCTA	1
ATCCTTCTTTACCACCGGCA	1
AAGACTTACCCACGCCCATA	1
ACGAAGGAACACTTAGTGTA	1
CCTATGCACCATTCTCCGCT	1
AAATGCTCGGCCAACCAGGG	1
TTACCGTTACGCCACAAGCT	1
TGGAACTTTTGCTCTTACTC	1
ATTTAATAGCTACAAATAGG	1
ACTGTCCAAAACCTGATAAT	1
ATTTCGTGCCGAAGCTACGG	1
ATGCATGCTATGTTGTAATT	1
TGACATGGCATTAACCTTAC	1
AAAGGCTGGCGAGCACTGAT	1
AACACGGTTATGATCAAGGG	1
ATTAGCATAAGTGCCCAATA	1
TAAGACCACACTATGAGAAC	1
GAAGATTTCAATCCGCAGTA	1
GGTTATGCTATTTAAAAGCT	1
GGGCAACGACCCTACTTCGG	1
GACTGGAGCGACTAGTACAC	1
CAATACCTACGTTGGTTCGT	1
CGAGGCACTTTCATTTGACT	1
GGCCGTCACGATCAGGCCCG	1
ATTCAGCACCACGTACGAAC	1
TTGGATTTCCATTAACCTCA	1
TAGTCCTCCCCCTCTCAGTG	1
AGACGAAAGGAAAGCATTAG	1
TAGAAAGAAGAAGAACTCGT	1
GTTGTCACTTCGGAGAAAGT	1
AAGAATTGCATCCGTTGTGC	1
CGTCTGGATAAGACTTGTCT	1
CAGGAGCAGCGGGATGATTA	1
TGTGAAGTCCTATCACCTAT	1
AGAGTGGAACACAGCGTTCT	1
CGCGGTTTAGCCCACTTTCT	1
TGGTGTTCATGTGATGAATC	1
CAACAACATGGAGCGTAAAA	1
TATGCCTATTGGTATTATAT	1
ATTGAAGAACTTGACCCCAG	1
CCACACGCTCACTCCAACAA	1
ACCTCTCGGCGATGTTCCTC	1
CCCTATTATACCTAACACAG	1
AAACGCATATGTAGTGCAAT	1
TTTCAGGGAGGCCACAGGAA	1
TGTGAACGTCTATCAATGAA	1
CAGCATTCGGAAAAATGTGG	1
TGAACTCCTTTCTCCTTAAA	1
AGAACATGGCAGTTCCGCTG	1
AATACCTTTAAACTCTCCCG	1
GCAGCCTCGTTGAACCGACA	1
GTACAGCAGCTCACACATGC	1
CCATTTGTCCGCGATCCGGT	1
GCACAGACTGCCTGCATGCT	1
CTGGTGGGTTAAAGAAGCTT	1
GTATTAACCGACTGTTATCA	1
CCATCCACTTGTCAGCCCTC	1
CTATTCACGCCTAGCTTGTT	1
ATAAACGCATGAACACTCTT	1
ACTGAGTTCTTTTTTACAAC	1
TTCTCGTCTCCCGTAACTAC	1
TCAGAACCGCCATAGGCTTC	1
GTGAGCTAAAACCCGTTAGG	1
ATTGTATCGACAACTATCTC	1
TCAGCCTCAGACCCATAGTC	1
TTGACGACTCATGCTACTTT	1
GCGCACCCAACATCTGTAAC	1
TGTTTTGCTTTCCATTCGAG	1
AGGTGTCTACCATCTTGATT	1
TTCAAAAACCCGAAGCAGAC	1
ACCGATCCTCGCTATATACC	1
GCTGACGATTTACGTACCTC	1
GATGATGTAATGACGTCGAT	1
GAGTGCCTCCAACCTCTGAT	1
CTACTCCGCATATCCCTATC	1
GGCGAGCGGTTCCTAACTGA	1
TAGCAAGCTGTAAGCTATTA	1
AATCTCAGGTCTAACACCTG	1
ATGTTACGTGGACAACAGTC	1
TCCATTCACGACGAATCCAT	1
CACAGCCCACAGTCTATTGC	1
ACTACCTTATCCGCGTTGTT	1
CAATGAGGCGACACCCGTAA	1
GTACCAACATCCCGATAGCT	1
AAATTAACACCGAGTCCTGT	1
AGTGCTATCTAGGCGCTAAT	1
CCATGCGATAACACTCTTGG	1
AGCCCATCGGTCACTTATAC	1
AACAGCCAGACGATGAAATG	1
ATGCGCTTTTCCCTTGTGCG	1
GTCTTAGGCGAACGGTCGCA	1
CCCTTCGCTTCCCCCTGATA	1
CCTCCCTCATTCCCCGTCCA	1
CTGTCTGTGTACTTGCCCAA	1
TGATCACGCATTCTGCAGAA	1
CACCGACTAATGGGTACAAT	1
CAATCCAATGGCTAAATGAA	1
CGAACGCAGCGATACTAGCA	1
CATGATTTTTGCCGAGTCAC	1
TTGTAAACGTCGTGTAGGAT	1
ATGCCCCGCACAGGGACACA	1
AAGCAGTAATAATTCAGCTG	1
TACCATTGCTGAAGTGAAGT	1
CGGTAGGCCCTTTCCGCGAA	1
TTCGAGACCCATACTGTTAC	1
ACAGGAGGAACCACAAAAAC	1
AGGTATACGATAAATTACAT	1
ATGCTAGTCCAACTTGACAC	1
ACCCTTCTCTCCGATAGGAA	1
TGAAACAAATATAAGGATAC	1
CGGGTTTTCGTCCGGGATAT	1
AAATGCGCTGAACTACAGCA	1
GCCCCAACCACGAAAGTATG	1
AAATCATCTCGAGATAAACA	1
CAACACTCGTGTGCCGCATC	1
CCCGCCACGAATGGCGCTAA	1
AAATACAGAGCCCTACACGA	1
TCACACTTGATGATCCCAAC	1
GCTGTTGCGGTCCTTAACCG	1
CACAATGGCGACAGAAGGAT	1
CCACAACGCCTAGTGCTACA	1
GGGACAAAGGCTAGTAACCC	1
AGCTCACCCCCACCCAGATC	1
ACCAACGCCCAAACCAATGC	1
GAAGATAAAAAAAGAGATCC	1
AAATCACGACAACAATTCAC	1
AAAACAATTTACAGATATTG	1
GAACAGGAGGTAACAGAGTA	1
CCAATCACGAAAGTTTGAAA	1
ACCCCGATAAATCCAATATG	1
ACTGGCAATAGCATAGACAA	1
CCTGTATGTCAATTAACTTA	1
CCTTTTCCTCCCCCCGAGCA	1
TAGTACCACTCAAGCACTAA	1
CCTGCTTAGGGAGCGTGTTT	1
AAGCTGCCAGGCGCACGTCC	1
ATTTAACGTTGGCGTCCCCG	1
GAGTCCATCAGAACTAAAGC	1
TGCCAGTTAACATTAGTTCC	1
TTCGGACGACGACATAGAAG	1
CCTCTCCCCACGACACCTCA	1
AATAGTTAACTCCCGGTATT	1
CTCAGTACTAAGTTCACTAG	1
TACTCCGTGTACCCACCCAC	1
AGCTTAACTATGCGCCCATA	1
TCGGAAATACCTGCCAGCCG	1
CGCGAGTATGCAATTAAAAA	1
CGCTCCCCCGAAACTGTTGC	1
GTTACCTGGCGTATTTCTCC	1
CCCCTCCCGTGCACAACTAA	1
TCTAATGCACTTAAAAGATC	1
TAAAAAGATGGCCTCACAAA	1
GGCCTACTATTGCCCAATAG	1
CCTTACCAAGCCTAACCACA	1
TTAGATTGCCCTCTGACAAG	1
TCCTCCCGCGTTAATTTATG	1
AGTGATGAGCAATACTAAGT	1
TTTTACAGCCCTGGGTAGCT	1
GCAAATAAATGTGCGCCTAC	1
ATATGTAGGATCTACCAAAA	1
GCCGCTTACCTCCCCACATG	1
TTCGCCCGCACCCACACCCC	1
CCCAACGACAGCGACCCCTG	1
TTAACACCACATACCCGCCA	1
GTCAGTCATGAGCCATGACA	1
CCCCCAACCCCCGCTACCCA	1
ACGAACCTCAGGCATAGGTC	1
TGCTAGCAAAAAGGGTGCAT	1
AACCCAGCGTATTAAACCCA	1
CCTATACGCCAATAATAACC	1
GGGCACCAATAATATCCATG	1
ACGGAAATATGTACAGCTAG	1
GGTGACTATTACCACGTATA	1
GAAATTCATCACGACCATCT	1
ACGATAACTAGCCCTGGCCC	1
GCCCACGATTCCCCCGTCGC	1
AAGACGTGAGGTCAGCGTTT	1
ACTTAGCGTCATTTCCTAGG	1
AGCCGTCCGCTGATAGCGTT	1
CCGTCCTGCCCAAGCAAACA	1
GGGCAGAGTAATAGCGATGT	1
CAAACCACTAATATCACGAA	1
ACCTGGATTGAACGGGCAAA	1
CAGTGAGGCCACACCTGGGC	1
GAAGTGAACATAGCACAGTG	1
GAACACATAAGGCGCAGTTC	1
TCTTCCCCCTTGTCACGATA	1
CAGCCGACGTTACAACGAGC	1
CTCGTCTGATACGCACGACC	1
TATACGAACTTCAAGTTTCT	1
CTAGACGCCGAAAGCATAGT	1
TCTGCCCTTTGCATACCCAT	1
TTGTCAAATTTTGAATGCAA	1
ACCGTCTCCCGTTACCCACA	1
AGTTACCCCCCTCCACTATA	1
GTCCTTTGGTGTCGCTGTCC	1
TCGTCTTGTCGGGTGCAAAC	1
ATAATCCACATCCTATCCAA	1
CAGCGAAATAGGAATTTACG	1
AGTAACGCCCCACCCTTCAC	1
AGATTGGTTGCCGAGCGCGG	1
AATTACCAAAGGTAATCAAA	1
TACATGTGCAAATTGTTATT	1
CTCTCCCCCTCATTGCCTGC	1
CCTGATTGCCGAATAGGCTA	1
GTACTGGTCCAGGCTGGCAA	1
ACCTTGACGAATCACCATAC	1
ATATCGCACAATCCCTTGAC	1
TGAACGCGCCCGTATTCACG	1
CACTACCGATGCCTGCCTCT	1
AAAAACTACGGACCACCCTC	1
GCATTCCTACGATCTTCTGT	1
AGCTCATATGCACTTGACAG	1
TCCACCCATCACAGAACAAT	1
TCTCCAATGCTTACTCAATT	1
AGTCCTAAGGTCTATCTACC	1
ATAGCCCGGGCTAGGTCCAT	1
CATTTCACTCACCGGATTAA	1
GGATTGTTTCAAGGTAGCGC	1
GGTCAAAATTTAGAGTATAG	1
ATCGAATAGATCGAACGCAG	1
ACTCACGGAACTGCTTCCGA	1
CTTGATCTGAAAGCACCTAA	1
ATGCGACTGCAAACTTTGAA	1
ACCACCCTCCGGTACTCCAC	1
TAAATCTGTTCGTTGAGCAC	1
ATTGATTAAGCTACTACTGT	1
AAATAGGAGGCAGCGCACCA	1
CGTGACGGCCTCTTGCCTAA	1
TGAAATCGATAAAGAGTGCA	1
GCTGGGCCAAGCCATTGAAC	1
GCTTCAAATGAAAACAAGGC	1
GTAGAGCAGGTTTGGTAAAC	1
CAGCGCACCCCCCCTAGATA	1
CGGATATACGAGAATTCTAT	1
GGTCACAATCTTACCAACTG	1
ATTATCGCCGTTCCAGGTGC	1
AGTCGCTTATAGGCGGCTTA	1
TCCTCCTAAGGAGATCTCTC	1
AGCTGCCCCTTGGCAGACTA	1
TACATAAAGCGATTAAGGCG	1
GTGGACAACTGGTACTGTGC	1
GGGAGATAGACTGGGCACGC	1
CATAAGTCCCGTCGGGCACA	1
TGATAATGATTGGATATGAA	1
GTATACGATCTGCACTAATC	1
CTCACTGCTCTCCAATAGTA	1
GAGATTAGATAACCTTTGCC	1
GAAGTATATACGTTTTGAAG	1
TTCAACCAACAAGTAATTAC	1
AGTCACATACAAACTTAACG	1
AGCCTGAGCGCATACCCTAA	1
GGCACGATCCTACCATTCGC	1
CTTAGGCCCTCATTATAAAC	1
CGGCGCATCCACAACGTATG	1
TTCTATTTGAGAAACTTTCA	1
AAATTATAGCCCTCATGCAA	1
CCCAACCCAGTTAACCCACA	1
CATCGTGGCTGCGACTGCCA	1
ACCCGTCACACATGTACCCA	1
TTGTCCAGGCATTAGTATGT	1
TCCGCATGGGGTGATAGGGC	1
CCGGATCCTACCACCATTCC	1
GCATGTCTTCAATGATATAT	1
CCACGACAGTTTGAGCATAC	1
GTCTGACTACCACGCAAACC	1
AGCAATAACAACTAGTAAAC	1
AGGATGATTTACTGAGTACG	1
CGATGCATCCTCCGCGCTAC	1
TCACCCTAGCCCCCAACCAA	1
TCTAATGACGCCGCATAAAG	1
ACAGATGTCAACAATTTGAA	1
ATGCTTCATATTGGATCCAT	1
GCGAAGCGTAGTATAGCACC	1
ACACGCTATTCAGTAAACTG	1
CACAAAGGCTGGGCCAATAC	1
ATTGGGGAACGAACCTGTAT	1
AACACAAACTTTCGATAGTA	1
TAAAGTTATGGTCAGCTGCC	1
ATCACCCCCACTACCTCCTG	1
TGAGCACCCACCTGACACAC	1
AATGAGGCGACTTGGGGGCG	1
TAATTGCGAACTTAAAATGC	1
ACTGAAAAAAAGAAAAAGTA	1
CAATTCCGGCCGCATCCGTG	1
CGATAATGTGAACGAATTCG	1
TGCCACCATAAGTATAGACT	1
AATAAACCTCACCCGACTCA	1
AAAGCCGTGGCATGACAAAA	1
TCTGACCACTCACGCTTTAA	1
ACCGCAGGAGCTATGGATAC	1
ACACCCATTTTTAACGAAAA	1
ATCCACCGTTTCCCCATTCC	1
TAGTATCTTTTACTAGTCTG	1
CTCCCTCCTTCCATTTGTCC	1
TTGATAGGTAGCCAAATAAA	1
CGCGGCGCCTTGACCCAGGT	1
TTCCACGTTGTCCTGGCTTT	1
CCCGCCCAATTACTCTCCTC	1
TCTTATGTCATGACCATGAG	1
TTTATCCCTTAACATGTGAA	1
GCGACAACGTATATCCGTGG	1
ACACCTCCACCACCTTCTCC	1
GAAGGCCATTACAGATTGTC	1
CCATTGCCTGACGCAAACAT	1
AGCTCGATGTCGCGGCCGCC	1
ACTAAGCTAACTTTGAACTA	1
CTACAGAGTCAGGCCCCCTC	1
CCTTAAATTCAGCCGGTGTG	1
CTCCCTCACCCGCGCGCTGC	1
ACACTACACATCATCAGCTT	1
AAACGTTCCAATATGCCCAC	1
TAATCACCCCCTTCACGGAC	1
AGCTTTGCTTATATAGCACA	1
ACTTGCACTAAAGAACCACC	1
AGCACAAGCTCATCCATCAG	1
TGATGGTTCCCAAATGGCAC	1
TGACTTCAACATTGCCAAGT	1
AAACACCTCCCGCCTCGACT	1
ATACACCATAATTTCGCGGT	1
TGCAGTTACCCATGCCCTCC	1
AAGAAACTTCCGCACGTGGG	1
CGAGAGATGCAGGCCTATAT	1
TTAACATTCACGTTGTCGCG	1
TATAAACCACTTGACTGAAC	1
CTAACTCGTGGACGAATAAC	1
TACTTTCAATCATCAACAAA	1
TGCTGACCCTTCAGTCAATT	1
TACCGCCTTATGGCAATACT	1
CGCACACTTACCTGGTCGCA	1
CAACTCCAAGAACTCTTCCC	1
TTCCCGCGACCAATTACCCC	1
AGGGACACAGGAAAGTATGT	1
TCAACCCCCACCCGGGTCGA	1
GTGCATCTTACCCAAAGAAT	1
TTACCCATTCATAAGGTCCG	1
CAGTTGCTATCGCATGTCAC	1
TGTTAACATGGAAATTCTAC	1
TACCTCAATCTGTCGGTGCA	1
TAAGGCTCAGTTTGCCATAA	1
CTGCGAAGCTACAGTCCAGT	1
GAACGACTCCCTGGCGACTA	1
ATATAATACACCAGTGGACA	1
AGGTACGGTAATTCAAAGGT	1
GACCCGCGATTGATTGCTGC	1
AGCCAGATTACGCGCAGGTC	1
TCATATCTTGTAAGTAAACA	1
GTTCCTCGCACCGTGACTTT	1
GATAGTCAGAGGCACGCCCT	1
AATAATTAAAAACATCATAT	1
TCTAGAAGTATTACACATCA	1
ACTCTAAGGCTCTATAGTGG	1
CGGTGCCAAACGCCTCTTTC	1
TATTACTGAATTATCACGTA	1
GCAAGGTCTCGCTCACTCTT	1
AATGAAACGGCGATAAATTA	1
CCTGACAATGTTCTTCTCTT	1
CCCCACCCAAACCAAAGCTT	1
GTTAACCGATAAACCTACCA	1
GACGCGCTCAGCACGCTATT	1
AAGGGTTACATAGACCTTAT	1
TGGTCTTAATGTACCACTTA	1
ACAGTCGCCGCATTGAATAG	1
ACCAACCCTCCCCCACTACG	1
CCACACGCCTTCATCATGCC	1
GGCGAACCGATATCCCGCGT	1
CTGACCAAAAGTAACGCGCT	1
TTTCCTGCTTGGCACTAACT	1
AAGCGTTCACTTACACTCAC	1
CGCGTTACAAATTCAACATA	1
ACACTCTATAGCCAACTCCC	1
TTACACTTTGTTTCCCCTTC	1
TCACTATTATACCGACGTTA	1
ATCCTCTGCTCGGTCCAACC	1
TAACCTTGCCCTTCCTTTCC	1
TCTGCAATTCATATCTACTC	1
GCGACTCGCCAATACCTCCC	1
GTATATGCCAGTGCTGGCGC	1
ATCGGCGTACTGCGCAGCTC	1
TCACCCATACCCACAGACCG	1
AGTCGAGATAGTCACACAAA	1
GGCTTGTACGTTTCAAATGA	1
CCAGGGTGCAGATGGTTCAA	1
TCCGTGCGAATCCTCTAGAA	1
GGCGGCCTAAGTTAGGGGCC	1
ACCCACCACCCGATGATAAT	1
TACACACCACCACGCACTGG	1
CAAGACTGTAACAAGCCGCA	1
CTGTACTCTACCTGCTACAT	1
TGGATGGCCGCCCGCGCCCA	1
GACGAACACCGATACACGCG	1
TGCAGGTGCACTTAAAGGCC	1
CTATTCGATGCACCATACGA	1
GAATGATAGAATAAATAAAT	1
TCGCGCTGTACTTGACTCAT	1
GCGATAGTACAAACAAAAAA	1
AGCGACCCGAGCAACCCCCA	1
TGTTCGTTCGTGGTTTCGTA	1
ACCATACCGCCCCTATCATT	1
ACGAGCGTGAAAGTCAGTCA	1
ATGGCGTAGATATCGTGAGC	1
GACAGATTTTCACCCCTCCA	1
TTTTATTCGATCACTGTTGT	1
GGACAACGATGCTTTTAAAT	1
GTTGGAGTGTGACAGTGAGA	1
GGCCCTACGACTTTACTCAT	1
ACATCCGCTTCGAGAGCGGT	1
ATAATACGTTCGTGTGGAAT	1
AACCACTGGCGCCCGGTGCT	1
AGTTACTCGGACATTATAAA	1
GTGTGCATTTCGTTAAGGTT	1
GGCGTACATAGACAAAAAAG	1
GTCCACCACGACGCCACACG	1
TTCCTGACCATTGGATTATG	1
CTATCTTTATCACTTACTTC	1
CGTCACCACCGAAGGCAACG	1
TACACTATGAGGATTCTGTA	1
ACATTCGCCGCAATTAACCT	1
TTTCCCATGCCGTCAACTAC	1
TAAAAACTATATAAGGATAA	1
GAGCTGGAATCATAACGTAG	1
CGCTCCCCCAATCTATAAAA	1
CCACTGAAAACGAATATTGC	1
GTGCGGACTAAAAACATTGA	1
CTGAACTCCCTGCACGCATC	1
AGATACTCGTAGCAGCGAGA	1
AGCTGCTTTAAGCCCCACGC	1
TTTTGTTTTTGACCGATAAA	1
AGATAGCAGACATCGGGCAG	1
AATTACCTCACTATGCAAGT	1
AAATCGATAAAGATCTGCTT	1
CGATGGGCTGTGAAAGCAGA	1
TAAGTCGACATTTGCGCACC	1
TCGCCGAACCCCAATGGCAC	1
ACGCAAAGCACCCTTCAACA	1
TCTGCATAAAAAGCGTATAA	1
CCAAACTCCCGTTCACAAAC	1
CTCCGAAAATAGCATCGCTA	1
AGGCCTAACCGGCGGGCTCC	1
AATAGAAAAGCAGAGATACC	1
TTGCCCACAAGCAACCTCTA	1
ACGGATCCGCACACTCCTGA	1
AGCACCCTTCCGCTCGCCGG	1
GGGTGCATTGGTGACTGCGC	1
TGCGGGGGAGGCCCTATTAA	1
TCAAGTGCAAACTGATTTAA	1
TGGTTGAACTACAACCGACA	1
CAGCTCACAACGGACGAGAT	1
TTAGGGTGTTTGTACATGGT	1
ACAGAAACTGTAGCGTCCAC	1
TAAGCCTTATCCAGACCCCC	1
TTATATGTTCGCAAACAGCG	1
CTCTACTAGTCCAAAATTAA	1
GAACCGTGTGTATTGATCAA	1
AACACTATGTATAAAGTCTG	1
AGGTGACTAGGGTTCGACTA	1
TCAAATAACCTCCGGAAATG	1
TACAGACCAACCCCGACCAC	1
ACTTCTCAGTAGATTTAAAT	1
TATGGAAACCGACAACAAAA	1
CGGTAAAGCGTTCTACGACG	1
TAACCTGCGTTTGTTTTCCT	1
TTCGCTAAAAGTACTACAAA	1
ATTTATTGCTAAGAGGCTAT	1
ACGACATGCTAACACCCCAA	1
GGGCGCAACATATGTGTTCA	1
ACCACAAGATTCTAGTCCAT	1
ACTCTATACCAGGCACCAAT	1
GATCTTCCCATACTCCCCAA	1
AGGTTGTACTTCTAATTGTA	1
GGCCCGTTAAGTCTTAATCT	1
TACCTCTATTAATTTCTCCC	1
AATCATAAAGTAAAACACCC	1
TTGTCCTCCCTGACCCTAAG	1
TTGAATTACACACCGCACTC	1
CGCACGTCCTATAATTGGAA	1
GAGCCCTTAATGCACGCACT	1
AGTCCAAAACGTATAGATAG	1
ACGGAGATATAACTTAGCTT	1
AATCAACTGAAAACACCGAA	1
AAACGGAGAAACAGTGGTCA	1
GCATCACTACTCTTAGTTCG	1
AAAAAACCACAGACAGATAG	1
AGATTACGTATTCGTTAAAT	1
GTACCCCACCGGCGTTACGC	1
ATGCTCTTATGCTCTCCACC	1
TCTGAGAGTCAAATCTTCCG	1
TCAGAGCCCGACATGACTCC	1
ACACCGAATCACGCCCGTTG	1
GTGGTACCAATTCCAGGCAC	1
TCCCGTGTCCCATGGTAAAT	1
GACCGCTCTAACGCGCCACT	1
ATCGTGACCCGACACTATTA	1
CAATGTACTTTTGCTGCACA	1
AAGCACGCACCACTGGCCTC	1
GCCTACGACCTCACTTACAA	1
CCACTACTCATGCCTCGGTC	1
GAATGGTCTGGGAGTAGTCA	1
AGCGAGCATATTCACTTGGG	1
GAATAGTATGTGCACCTATA	1
AGTTTGGATATAGCCTGCCA	1
TCCTTATTGTTGAACGACAC	1
TCCCTTGTTTACAGCGGCAT	1
GGACTGGGCACTTACTCAGC	1
CACCACTGCTCCATATACTA	1
ACACCCTTGCATAGCGTATT	1
TGTTACCCTCTGAACTCCGC	1
CTTGAGTCTGCGTGGGGTTT	1
AAAAGAAAAAGTACCAGAAT	1
AAGCAAAACCAGGGTACGGC	1
AGTTGTACTTTTATGTTATT	1
AATAAGAAATATCCTCCAAG	1
CGCGACAACTGGTAATTTAC	1
ACAGTGAACGGGCAGCTTTT	1
AAGGACGCCCACCTCTAGAC	1
GGGCCCACTTCTGCTAGAGT	1
ACCCAACGACAATCCACCTC	1
TCCCCGTGACAACGTTCCCC	1
GAAATCCGCCATGAGCTATA	1
GGCAGTTGACCCCAAAATTC	1
AGCTACTAATGATATCTTTA	1
ACTTTTGCAATACCAAAGAT	1
ACAGGAAGAACATAGTGGGG	1
CTTCCACTGCTTTTCCTTGT	1
CCGCCTCCGCCTGCCCACAC	1
TAAACGGCTATGGACGCCGA	1
GCCACTGCCTCGCTAACAGT	1
ACATGGGTTGGTTAGCTTGC	1
GTTTTTCTTGCCCCTAGGCG	1
CGATCAAGCGCCCGCGAACT	1
AGAACTACGAATAACAAGCC	1
GAACTATCTCGCGAGTCGAT	1
CCTTCACCCAGCCACAGAGA	1
AATGAAAAATACTCGCAGGC	1
TGACTCTCTAGTTATACCTG	1
TCCTTGCGGCACATTGGACC	1
TAGCTTACTAATCACCTAAT	1
GACGGAGGCGCCAGGCCCTA	1
TGCTTGAAATATTCTCTTAC	1
ATCCTGAAAATCGCTTCATC	1
CAGTAACCGACCGGGCGTCA	1
TTCCATCTAGCTTACTTACC	1
TTGCGAGTGATGAAAAAAAG	1
GGGTCGAAAGGGTGTGCGAC	1
TGTAATGAGTGGAAGAATAT	1
ATGCCGACGTGGAATAAAAA	1
TCAGACATGGTTAAGCACCA	1
TTCCTTAGATGATAGACGTA	1
ATAGAATACTAAGCGACAAA	1
CCCTCTACCGCCACGAAACT	1
GCTCCGGGCGAAGTTGGATC	1
GGAGCAACACACGTACGGTG	1
GCAGCCGGTGCCTTTTTTAT	1
ATACGTCGATGATGTGTCGA	1
CAACTTTTCGTATTCCTGAA	1
TCCGGATTGAGGGGGATACA	1
TGTGCCACGTTGAGCTAGGC	1
GCATCCCTACCGTCGCTATG	1
AATACGGCTGACTGCATAAT	1
ACCCTTAGTTATCAACATCC	1
GGGGGTCTTAAAGGGATCAG	1
GTCTGGCCACGCGGGCCCGA	1
TATATAGTGAGCAATCTAGT	1
TTTGTACCTCGGCCCGACAT	1
CCGCATTCTGAGAGTGCATT	1
CACATATTTGTAAAAATTAC	1
GACACACAACAGGGGAACTT	1
ATCCCAGCGGTGCAGCGTTG	1
ACAATACGTCCATTATCCCA	1
CTTCCCGTCAGGTCTTCCCA	1
CTCCGAAGTAATCTAGCCTG	1
GGTTAAACCTGCCGGACCGA	1
TACTGAACCCAGCTGTTCCC	1
GTACACACCGCAGTAACTTC	1
ATTAATGCACTCAGAAGTGA	1
CTAGGACAAATCCAGTGCAA	1
ACATATCAGAAGTGATACGA	1
CAAATGCTCCACGTCACCAA	1
CACTTTGAGTCAACAGATAC	1
TTCATAGTAACATCTCACTC	1
AGCTTAGAACGGCGATCTCA	1
CCCGCTATTATGATCTCCAG	1
GGAAATATACGACAAGGAGA	1
CAACTATATACCTCGCTATT	1
ACAAAAGGCTGAATCACTTA	1
TCGCCTTTACGCCGTGACAC	1
GGCATAGACAAACACTACCT	1
TGACGTATTAATGCTATTCC	1
TAGTAGGCAATGTCCCCACA	1
GTAAAGTGTCCGCCTTAAGC	1
ACCGCAACAAAACAATAATA	1
CGAGCCATCTGTCTGCTTAA	1
GACGTTGCTTACCCTGGGAT	1
CCTAGACACTTATCTAACAT	1
CCATACAACCGTCAGGCTGA	1
CAAATCCAATACCAGGGCAG	1
GCTGGACCCCAGACGACAAG	1
CCACGTGCTAGAACCCTCCC	1
GAGCATGTCTTGTCTCACAT	1
GGGAGAAACTCTGAGAGCGG	1
TTAAGAAAGCAATGGTATTT	1
TGGCTAGCTCAATCGTCACA	1
ATCTACACAACGTTTCATTC	1
TAAACGTATTCATGCCCCTA	1
AGATGAAATAAGCGAAAGTA	1
GTCGTAGAGATTGAGTATGC	1
CATATGAAGCCGTAACCCCG	1
TATCCCTACATCACCTCCAC	1
TGAATATTGAAAGGATCTAG	1
TACGAATCACGCCTCCATTG	1
CATCACGGCCTACTTCCTGT	1
GTTTTCATTCTTGTATTGAT	1
GCTTGCGTAATATACGAAAT	1
AATCAACATAGCCTACACAA	1
TACAAATACAAGACGCGAAG	1
ATACAATACACAACCAACTT	1
AACCGACAGCTAGCAGCTAA	1
CAAGGACACCAGAAGACCAC	1
CGCGAATATTCTGCGTTTAA	1
TCTAAAATGGCAGTGTGCTC	1
CTATGCTGGTCCATAGGACA	1
ACAGATTCACTTGACATAAT	1
AATCGGTCACCCTAAAATAT	1
ACGCAAATCACCGTTGCCCT	1
ATCAGCTATCAGCTAACGCA	1
GGTTCCACGTACACTGCCAA	1
TCATCTGATTCGGCAACCCC	1
ATGACAGGCCCTGGTATACG	1
CACATTAGTGTACACACTGC	1
ATTATCATTCTTTTATCTAC	1
ATCTCGTCGAACACTACATT	1
ACAAACTCATGCTACGATGC	1
GGGTCGGTCAGTCAAGGTTT	1
CATTCATGATCGCACAAGAG	1
ACAGCACTTACGCCTCTAGT	1
AGTAAATGAGGAATCCAACC	1
CTTTACATTGAGTCGAACAT	1
CACAACAAACATTAAAAGCT	1
AACGTTCGCTTAGAACTATT	1
ATCTGGCAAACCACCAAATA	1
GTTTGAGGCCTTATTGATCG	1
TGGTTCAGATTAAAGGCCTT	1
GCTTTCTACGCAACCCTCTA	1
GACCAACGTTATATGTAAAT	1
ATCCCTTATAGACACTCTCT	1
TTATTAGTACGGGTGTGGAC	1
TTGCGCCTCCCGCCTAACTC	1
AAAATCATGTTGCTAAATAC	1
CTCGCAATGCACTCTCTTCG	1
GATGCCAATCTGTACCGACT	1
CCCCTCCTGACACGCGGTGA	1
ATATTAGGGAATTAAGAATA	1
CGAGGGACTTGCCACAGTTC	1
ACGAAGAAGATAAATCCGAC	1
CCACGCGCAAAAATTCCGTT	1
GCTTTGCACACGGTGACTAT	1
GGAATATAGCCTCTCCGTTT	1
TCGCCATGACGAGATGCAAT	1
AATTGCCACCCCAATCGCAA	1
TCTACTACAACCGCTCTACC	1
ACAGGCACTTGTCACATCCA	1
ATAATAAGAATGTGAATAAT	1
ACTATGACGACAGCTGTCTC	1
CCCCGTGACACCTACTAACA	1
CCCGACTTCCCCCCTGCCCT	1
TTTGTCCATACTGGTGTAAA	1
TTGAAATTATATTTCCACAG	1
AACATCCATGTACACAATCT	1
TTTGATGAAAATAACCTTAA	1
ACTATGGTAACGATACAATG	1
ACACACTGGTCAACCACGAA	1
CCGAAACTGTGGAAATTAAA	1
ATAGGGGAGCATGCCTGAGT	1
ATGACTAAGAAGTTCCCTAA	1
CTTTAGCCGCGTCGGCACGT	1
TAGATAGCTTGCGATGAGGC	1
ACCTTGCTGAAATCTTTACT	1
GCCCCAACTCTACTCACCCG	1
TCATTCAAATCGCCACTGAC	1
CCACAGTTATTCTTGACTGC	1
AGACATATCAATACCGAAAA	1
TAAGAGCAGGCCCTCCGTCG	1
TGTCACGTATTCTGCTTGGT	1
GTATAACATGGTATCATCTC	1
TCTTTACGCAAAGGTATCAG	1
GCACTAACATTGGTAATGCG	1
AAAACATGGCGATTTTGGTG	1
TCGACCATTGTTAGATTAGT	1
AGAGTTACCCAAGACCCTCT	1
AGCCGGTGTAACATCGCCCA	1
TGATAACTTCCCGATCATCT	1
TTGTCGAGCCCGAGAGGTCT	1
GTTTCGTCTGACGACTCATG	1
CATTCTCTTAGGTCACTCTT	1
AAGGCATTAACAGAATGATT	1
AATGAATGATCCTAGAGGCA	1
GAAGGATTAGCAAAATTAAA	1
GCTCGTTTTAGAAGGATGCC	1
GATAATGCCATGAGACATGC	1
CACCATAGCCCTCTTACCCC	1
CCACTACACACATATAAAGG	1
GGGTCTCCGATGGGTCGTCT	1
TTATAGTCCTATAGTTGCTG	1
GAAGATCGGGACCTAGAGAA	1
ACACACCATGAAAAGGTTCA	1
AGCGTACAGCTCTATACAAA	1
GAGGACACGGTGCCGCTCAA	1
AATCTGCATGGCTGGTAACG	1
CTCTGTCACCGCGAAAACCC	1
TTCTCTAACACTAAAGGTGC	1
ATCCTCGCACCGACCACCCT	1
TGTCATAGTTGAGCTGGTGC	1
CGATCTCTCCCAACCCCAAT	1
TCAACCAGGTGGTTCTAACG	1
GCCCCCTAGTCATTACCCTG	1
CATTACAACTCCCCCTCTCA	1
CATGCACTCACTCTTAGCAA	1
TCACTGAGTCATCAAAGAAA	1
ACCAAACTACCATATTCACC	1
AAGAACAAATACTCGTACCA	1
CAGTTCTAAATATTTCTCAT	1
AACATTAACTATGAGTTCCA	1
CCCAAATCTGACTCTAAGTT	1
TTAAAGAGACTTGATATGAT	1
GATCTCAGTAAATGGGAGTC	1
TGATAAAATGCAATTGTCAC	1
GATGCTTAAAACAATACCTC	1
ATTCTATGATAATAGCATCG	1
GAATTATGCACGGCTACTAC	1
TACCCCACCCAAGTGCACAT	1
GCAGTATCACGCACGACAAT	1
TGAGTAACAGATATCAGTTG	1
CCCACGATACAATAGAAAGC	1
CCCCGCACCACGGGTCTGGG	1
ACGCAAATGTGCATTTCGGC	1
AACAACGTGTATAGTATTGG	1
CTATCCCGCGTGGTTCCATA	1
TTATGCATCCCACCCTCTTC	1
TTGATCTACAATAATCGTAC	1
GTAGACCCGCACACTAAATC	1
TTATCTTCGCTGTCTTACGA	1
CAAGCCCCACCAAGGAGACC	1
TTAGACATCACAAGTTTGTA	1
GGAGTGCTATGATGACCGCA	1
ATGAACCCCATAAAGGACCA	1
CGGGGCTGATAAAAGGGAAT	1
CTCCTATGGTACCACCCAGC	1
TCCACTCAGCAATACATCTC	1
ACTCTTTCATACGCATCCTA	1
GCAATTTAAACTCTACTTCG	1
TTGCCCGTTATAAGGGACTA	1
CTACTGCGTTGACTTACTCT	1
ACTAATATAGTTACTCTGAG	1
GAAAAGGAGTTTCTAAGCAA	1
GCTATGCCTTCACAAACTAA	1
CGAATTCATTTTTTGTTTAT	1
GTACCCAACATCGCTGATTC	1
AAACTAAGATGATAACGTGA	1
AACTAACTTAGATGCTCAAT	1
GAGGACCCCCCTGTGAATTG	1
CTCCTTGGATGGTAATAATC	1
CTATAAAAGCCGATAGCGAG	1
ATATGGCAGCACATCCCCCT	1
TTACTCGTAATAATAAAGTG	1
CACGAGAACATAAGACTCAG	1
TTGGTGGGAGACATCCAAAA	1
AGCATTCCCTACGAAATTGA	1
CCGCACATGAAACGATGCTG	1
CATTGCTGATCAACGTGACT	1
CCCTTTCCCATAATATCTTT	1
TTATTTCCCAGGTGGTAACC	1
TTGGTAACGAGAACTAGTAG	1
GAAGGTGATTCTCGTCTCTC	1
ACCTGTGGGTGAGCCACATT	1
TATAAAAAGGTTGATAAAAC	1
ACTTCCTTACTCTCCATCCC	1
CAAGGCTCCTGACTGTCCGC	1
ACAAGCCGGGCCTGACTCCC	1
AACCTCATTTAACACGATTA	1
GCACACCAGCGGAATCTTCG	1
CTAAGACAGCTAGATTTTGT	1
AGGGCATCCATATTCACGCA	1
TCAGAAGCACGTTCAATGAT	1
TCAGTTATAGCGTATCAAAT	1
ACAAGGTGCGCGTTGTCCGG	1
TAGCAAATCTGATCTCACCG	1
ATGTGAAGCAAAGGCGATTA	1
ACTCCATGGAACAAGACAAG	1
ACATAATCACCTCCCAGTTG	1
AGTTGAAGTATCATACATAT	1
TAATATTGCATGTGCCTCGC	1
ATGCGTGACGCGCATTCCAC	1
ATTCGTGGTTAGCAAGTGGT	1
TGGACCATTATTCGCTCCAA	1
TTTGAATTGTGGTGAGAAAT	1
TTTCACTTGGTTACGGTAAT	1
AAATTATAACTCCTGTGGAA	1
CATAGGGTTTATGCGCTCTT	1
ACACTCATACAGCTGGACTA	1
AGGTTGCCATTTATAACGAG	1
AATGAAATTAGAAGGTACTT	1
CATATCACAAGACTCAGCAG	1
AACCACGGCCCAACGACTTC	1
TTTAAAAGAGAAATCCAAAG	1
TATAAGACTCTCACTACTCA	1
AACTTGCACCACATGCTAAT	1
GGGGTATTGAGCACATAAAG	1
GCAACAGTCAACAGACGAGC	1
TAAGACCATTCACGAGGGTA	1
CTCTTCTAATGAAGGGGGCC	1
GCTTTCGCTTGAGGTAAATT	1
CCACCTCCGAACCTCCTACC	1
TAGCAACTCTCTCTTCGAAA	1
TCACAATCGCGGCCTAGGGA	1
AATACCTCGAACGTCACGTT	1
ACCTGAACATCTACGGGTCA	1
ACCCACCTGGAAGCCGTACC	1
ATACCGCCAGTACAATTCAC	1
ACTAGCGATAACCGCATTCC	1
CGACTACCCTAGGTAGCCCA	1
ACCGAACTTCTTCAGAGAAT	1
TGTACCGCTACGCCACGATG	1
AACCAACCTCCCCGGAGCTC	1
TGTACTTGATTAGATGTGGC	1
TAACCGTTAGAAATGCAAGA	1
CATCATAACAAAAATCAATA	1
GCCACGCTCCCATTCGCAAC	1
CGTTTGACTAAAACTCTAGT	1
TGAACATCATTGACTGCGTG	1
CTTACAGCTCACTTTTCAGC	1
AGCATTTTGTGGCGCGTTGC	1
GTGATGAACTACCCCATTTA	1
AGTTTATGACTCATATTCAG	1
ACCTCTAGTCCACAAATTAC	1
ATCCCCCCCAGCAGCCTAAC	1
CTCACTACCAACCCACCGCA	1
CGAAATGAAGTTCCGAGATA	1
CCCACCTACTCCCGCCACTC	1
ACTTTTCTCCCACTTTTGGC	1
CAGAAATAAGTACCCGCTTT	1
CGCGATTTGGCATCTTAACC	1
TTATTTTCATCGCTGGAACC	1
ACGCTCAAGGCCGGACAACA	1
GCTAAAATCAGCTTGCCTGG	1
GAAGATACATATTACGTTAG	1
CCACACCGTAACAACTTCAC	1
CCGCAACACTGTGTTTAACC	1
TGCAGAGTTCCATACTACAA	1
TCAAGATTCTTAAACCCAAC	1
TGAAACGTATTTTGTAAAAG	1
TTTATGTGTGTAATCTATAT	1
AGTGGGTACCTGTGACTCCC	1
AGAGCCGTATCAACATGTAG	1
ATCGTAACATCTTGGCTTCA	1
GAACTCACCTGGCTAACCCA	1
CGCAACACGCACACCACAAC	1
CAAAAATGACAAGCTCCACC	1
TTCCCTAGCCAGGTATGTGC	1
TGCCTATTGTAAAGCGCGAC	1
TACAAGTAAAAGTTGTGGAA	1
CTTCACTTTGCAGGCTTATG	1
TGAAATCCTCGCCATTGCAC	1
TACATAGTTCTGTACCCACG	1
AACGCCACCAACGTGTGGTA	1
AATATCTAATCTGACCGAAT	1
ATTATGTAACTCCTGGTCGT	1
ATTGTACAACTTTTGATAAG	1
AAGACTCATTGGGGGTTTTT	1
CTATCGCGTGCAGTAATCCT	1
AGCGCCCACACGTTGTTATT	1
ACTAAGGTCGAGACGAATCC	1
ACACTATTTAACAGGTCCAC	1
TGCGAAAAACTGGCCAAGTT	1
AGCCGAAAAGGGCTCTAACT	1
GTAGGCGCGCTACGCTTATT	1
TTGATAAGATGGGCTTACCG	1
CTTATTCCCCTGATAGCCAT	1
CCTAAAGCGTATTTTACAAA	1
CCGCAAGACGAACGGGATGG	1
CAACCTCTTCGTAATCAGAA	1
TCTACTAACTACTTCTAAGC	1
CTTCTAATTTACCTGCGTAC	1
GTACTAAACGGAATCTATTC	1
ACGCTCTGATTACGGACGAC	1
ACACATGAGTAATGATAAAA	1
CCCACAGAACCCCCTTCCCC	1
CACGACCAATATGAATTCGC	1
TAAAGACCCATTACATGTAG	1
CAGCCTCTCATGCTACCTTT	1
AAAGCGAGAAGGGTACTTAC	1
ATATGTGAACGGAGATACTA	1
GTTGAAGACGACCATCATAC	1
TATTGGATGTTTAAAGTATA	1
AAACATGTTTGCCCTCATAA	1
AAGAGAATCCCGCAGTATGG	1
TGAAGCTCTCCTCCCTACGT	1
AATTAGCAAAGCAGTACCAC	1
TAGGCCGTAATGACGGTAGT	1
TGACCAATCAACACTAGGTC	1
GTTCACGCACCCCTCTGCTG	1
AAGCCCGTTTACTTCTATTC	1
TGCGCTTGTAGCGACTCATT	1
TAAAATCTCCCATCTCATAT	1
TCATTTCACCTAGTCGACCA	1
TCACCCGGCGACAAGGTAGC	1
ACATGTAACTTTCCGACATA	1
CGTTTACCGTAATCCTGCCC	1
ACTAGAGACGTAATACATGC	1
CCGCGACCACCAGTTGTAAC	1
TGTCACTTTCAATATTAGGT	1
TCCCCCCCCGCGCCGAACAT	1
TCATAGAATCTGTTTTTTTG	1
TATGCCTGCCTTGTATGAAT	1
CAACCTCCCATTACCAGCAC	1
ATGACGGAGCCTCATGTTCT	1
TGCGAATATAATACGCATGA	1
AGGTAATGCAATGAGTTAAC	1
GGCACATAACGGAAAAGGGT	1
AGATGCAAGGTTTTAGAATC	1
GCCGACAACAAGGTTTCCAT	1
GGATACTTGATGTTGGATAC	1
AATACTTCATTTGACGTGTC	1
GCTAAGATATCAGTCCTGAA	1
CTACCCAACACTCTCTTATC	1
AAGAGCACCTCAAAGTGAAT	1
CTAAGGCTTCCCGCCCAAGC	1
TCATGAAGTCAGACTCTATC	1
CTAAAGATGGTAATGTATGT	1
CCGGAGCATAGTCTACTATA	1
CGGATATTCTTGGACGCTGG	1
TCAGGATAATACTGCATGCT	1
TGACACACCCATGAATTAAC	1
TGATACTAAACCCAGAACAT	1
TTGTGGAAGACGATATATCC	1
AGATATCAGTCGATTAGCCT	1
TCTTCCAGCACCCGCTGGCC	1
ACAACTTTACGCGCAACTAA	1
GCACTTTCCTTCACCTATGT	1
CAATCATCAACATTCTTGTG	1
AGTAATATACCCTAACCGCG	1
AAAAAAAAAAGTCATCAATA	1
ATGACCCCTGTCTCTGCCTA	1
CACCTTCTCCACGCAATATT	1
TCATGAAAATCAATTATGCT	1
GCAACACAGGATGGTAGTCA	1
CCCAGGTAAGGAAGTAATCA	1
TGCGCCATCGTTGTCTCCCC	1
TAATAGAGTAATACGTGGAC	1
TCCTCAAATTCATACGCATC	1
CTCGAAGGTTGGCTTTAAGC	1
ACCAACACAGTTAACGGACG	1
ACGATGTGCACAAAGTTCGC	1
AATGGGGCTAGCCTGTCTTC	1
AACACATAATACTATGCGAA	1
GGGAGGTTAAAATGGCGCCA	1
AATGTAATGCTCTGTACCTC	1
GAAACGTTCATACAATACTG	1
TGTCATAAAAGGACTGTGAT	1
CGAACCCTCTTAAATATCCA	1
AATCAGTAAGCCAGTCGAAG	1
CCGCCGAATTAAGTGTACAA	1
TGGAAACAATATAAGGATTA	1
ACAACATCCCTCTATTGCGG	1
GGTTGCGTTTGGTATAACAT	1
CGGCAATGCTATCCTTGAGT	1
GCACCAACCCCGCCAACCCA	1
ACCTCCACACCGTTTCTGCT	1
AGTCAATCTTTTTAGTAAGA	1
TCCTTCCGCGTCCACCCGCC	1
GATATGTCACACGATTCCAC	1
CCGTGACTACCACGGACAGG	1
TTATTTTGACCATCTACACC	1
GCCCCCCGAACACTTGGAAC	1
GGAGCCCGTAGTCACGTCCA	1
GGTGACTGTCGAAATCTCTT	1
ACGTCCACATTATTCTCACT	1
TATACACTGCTTACGAGAGG	1
CCCAGATAATTGTGGTCCGT	1
CATCACCATTCTCAGGTCTC	1
AACAGCGATAAATGAATGAT	1
ATACACATCAATAAGTACAG	1
ACAATAACAACCGTACTTCC	1
TTTACTACCACAAAGACCGA	1
CTACAGTTTGGTTGCTTTGA	1
AAGGCTTTCACAAACACTAT	1
TATGCACTGCTGCCCGCAAC	1
ATGCTCCCACGCGAAACAAA	1
ATCTGGTCGTACGAGATATT	1
AGTTACAAAATTCAGCCACA	1
AAGGGAGAACTTTAACCGTA	1
AAACTAACAACATCCCACGT	1
AGGATTGAACGCCACCGCAC	1
TGAATAAGAGATGAAGAATC	1
TAATATTCCCTACTCTATAT	1
ACGAGTAAATGTGCAATGCG	1
AAGGCCCATACTCTAATCCT	1
ATCCCTCCACTAACAAAGAT	1
CCAACGAAAAGCGAAGCAAT	1
GCAAGTAGTACGCGTGCCTG	1
TTGAAAGCAGTGCGTCTGAT	1
TGAAACCGTACCGTACGTTT	1
CAGACCATTGCACGACTATC	1
TACGAACAACTTACATTTGT	1
AACGCCGCCCACTACTCACA	1
CGACCATATATACGATATTT	1
AAGAAGAAGCTGAATTTTTT	1
GCTCGGTGAGAATCCCCCTC	1
CTCAACGTTTCGAGATACCT	1
AAACTACAATCCCGTGTGCT	1
TACTTCACTAACTTATACCA	1
ATGATCGATGTACCCCCTAT	1
TTTTATTTAACACGTCTATC	1
GAGAAAATTCGAAGTCCTGA	1
AATCATAGACGCATTTCTGT	1
ACCTTTATTTACCCTATAAC	1
TCATTCATCCACATTAAAGC	1
ACCTTACAAGCCTTGCGTCC	1
AAGCGTGGGTAGATGCATGA	1
CGACACTCATGGGGTCGGCA	1
AGCGCACCCATCGAACAATT	1
TCAAATAATCCACTGTCCTG	1
TCACCTTCCACCCATATAAC	1
CAGCAGTGGGACAACACCTC	1
ACGATGCCTTCACCGTAAAT	1
CAAACAATAAGCCACGACTT	1
AAATTGTCTTCCCTTCTTTG	1
AGACCACCCTGAATAAGTAG	1
TTATGAGTATTGAGCCCATG	1
ATTAAAGCACAAATATGTAA	1
ACCACCATAGATTGGGGAAA	1
AGTGGCTGTGCGACCCCTCA	1
CGAACTACCCTGCTGATCAA	1
TGTCGAACTCAAATGAGTCG	1
CTGAGTACGTCCCATCCTTC	1
CAACACCCCAAACTTTACAC	1
ACCTAATTCCTTTTTTTTTG	1
CAAACCGTTGCAGCTGCGCA	1
ATAGTATTAGTACATCAGTA	1
CCAATACATTTACCAGCCAT	1
GGCCGAAGAAGGCAACGCTC	1
ACCGAATTTAAAAGCCACCA	1
GCTCTCCCGTCATATAGCCA	1
TTTCGTATCTTTTGTCATTC	1
TTAGCACCCCCTTTCCCCAC	1
TACCCCTACAAGTCCATCTA	1
CCTGCGTATTAAACATCAAA	1
AAACTATTTGCGAGAAAGAA	1
GCGGACTCCCGTGTAGACGC	1
TTATGACGATTCGAGGACAA	1
GAATCACTTACGCTATGTCG	1
TGAGAATTGCTAAAGGCAAT	1
TTAAACAAGGAATAGCACGG	1
ATGATAAACCTTTGATACCG	1
CGAGAAAGTTGTAAATCCGT	1
GCTCGACCGTACGAATCCGA	1
TCTGAAACGCCCTAATCATT	1
AATGATGGAAATCGCATAGA	1
GAACCATCGTCACCCCTCCG	1
AGTGGGTAATAGTATTTGTG	1
TCCCCCCGATATCACACTCC	1
ATATATCATAATACCCTTCC	1
ACATAACCTACTATCAATAA	1
GCCCATGGTTGCTCCACCCA	1
TTACACCCTCCCAATGTCCC	1
CCGAAGATTACAAAGAACAC	1
TTATTGGTAATTCCCAGAGC	1
GCCACCTCAGTACCACCAAC	1
ATGTCATCACCACTAACAGA	1
TCACGTGCACCACGTTGCTG	1
CCCTTCAAGGGCTCAACACC	1
TATGAGATAGATGGCCCGCA	1
CCCAACGGATCATCAGAAAC	1
TGTGAAATTCCCCTCCATGA	1
TGCGCTGTCCTGCAAACCCT	1
AACACACCAATCCCCTACCT	1
ACGCCCTACCGCAGTATCCT	1
TCCAAGCTAGGACGAAAGGC	1
CAAAATAAACTCGAGACTGT	1
GAACATAAAAAGCTGATAGC	1
ACACACCCGGACGGGTTAGC	1
CGACCGCTAGGTACCTCTTG	1
TCGATTAGCTTTTACCCCGG	1
ATCCCTCTTACTCGAGAACC	1
TTCGATAAGATACAGGGTGT	1
CGCCCCGGCACTCACACATC	1
ACTAAGCAACCTCTCTACTG	1
ACTATACCATGGCCCCTAGA	1
CGTGGGCAAATTCTATATCA	1
GAATCGGGGAGAATGACCAC	1
GCCTTCTTTTGGGTTGCCAG	1
GTTATCCATGGAGACTATGG	1
GACCCCTTGCCCTTTCAATA	1
TAGCCTACGAGACCTCCAAC	1
GCAACATCTATGAAGGAAGA	1
AACCTCTAGCTGTAGTCCTA	1
TATATGGTTTGAATGTGTGC	1
CACCCCGCTACCATGAACCT	1
AGAGGTGCTGACGAGACCGC	1
TAATGGAGTCCACCTAAGCC	1
CTACGTTCGAATGTCCACGG	1
AGTGTATATTTGTGACGTTT	1
CCTAGCCAAAAGCCTCCCTC	1
CCAACAGGACTACACCCCCT	1
ATGCTCATTATCACCATCTC	1
GAAAAAAGAACAGCAATACT	1
TATGTCTGGCGTACCACCAA	1
CGCGCCCACTTCATCTCTCT	1
GTCCGTTAAAAGGAAGCTGC	1
AGATAAAAAGGAGAGTTATC	1
TGTTTGCAATATGATCGCTC	1
TTTGAATCAAGGTTGAGCAT	1
GGTTTGGAAGTAGTGGCCAT	1
GATGAAACGCACTAACTGGT	1
ATATGGAGGTGGATTAATTA	1
TATAGTTATGCGTCCCGCGA	1
AATACACGCAGAACCAACCG	1
GCGTGTTAATGAGTCATTGC	1
ACTGTCTGACTTAAATAGCG	1
AGGATTCTGCTACCTAACAC	1
TAGCGGTGACACTAACTAAT	1
GGATCCCGCTGCAGTACCGA	1
ACGCGAGTATTTGCTACCAC	1
GCTTACTATAGTCGTCGCCC	1
ATAAACACAAACAACCCGAC	1
TGGACTCACTTTCGCCTTGT	1
ATGTAGAGATTTACTTTCAT	1
ACTCATAATTTTCTCACAAC	1
TATATTTGTCACTGCCGCAC	1
ATACCGAACTTGCATGTGAA	1
TACGGCTATGAACACACGCC	1
TGAAGATTAACTAAAACCCA	1
TATGTAGCTATTTAGAAAAA	1
ATGACCGCAAACGAAAAACA	1
GCTGCAGAGAGGAGCTTCAC	1
CTTTACTGTTCAGAACAACT	1
AAAAAATATCAACAACACAA	1
CCTGTAGCAGTTTTTACACT	1
TTGAGGATCAACAGATAACT	1
TACACGCACTTTTACTACAA	1
GTAGCAGTGAATGCCCTTCT	1
TAAGGCGACCTAGTACCCCA	1
ACCGTAGTTAGAGGACAACA	1
CTCGCAAGGGTTCCCTACTG	1
ACGCTTCACCCTAAAATCTC	1
CTCCCCCTCCCACCTATTAT	1
ACAGGCAACGCGTCCACGCA	1
ATTCAATTTGGGGCCCCATA	1
ATCTAAAATCGTTGACTCTC	1
GGGGGCAGTGTAAAAAAAGA	1
AGTGCTGCAACAAATATAAT	1
ATGATAGTTTCGTCCCGACT	1
TGAGAACATTTCCGCAGGGC	1
ACGTTCCTACACATGAAAGC	1
ACTAACCTAGATAGCTGTGT	1
GCTACAGACGTTGCCGTCGT	1
CGAGTAGGGGCCGCCACGAT	1
CGTCTAGCCAACAAAGATAC	1
TTCTTCCTTAAAGTGTCTGT	1
ATTAGCGCCCTTATACACCA	1
AGCTTATGACTAGAAGTAAG	1
AAACACCATCCCCTACTCTA	1
CCCTTGCTTCCCCTGTAACC	1
ATTATCTCTTCCAGTTGCGC	1
TATCGCCCATCCCTACGACG	1
CAATGCCTAGCTAGCAACAC	1
CAGCCACCACACAGCCAGAC	1
AGAGATACTACTTCTGCCAC	1
GCATACTATGTTTTACCCTC	1
GAGTCAGACGGTGAATCACA	1
GCACGCCACCGAACCTTTGC	1
CATGCATGAAATTCAACAAA	1
CTCAATCACGGCGCCAGCAA	1
ATCCAGGAAAAACCCTTCGA	1
GCGCTGAACAAAAACCTCGC	1
AACACCTTTAATTGGTCCCA	1
TGCGTGTTTATGTTATATCC	1
GCACCACGCCCCTCCTAGCA	1
AAAGCCTACGTCCAAGCACT	1
CTAGCACGGAAGCATGCAGC	1
ACCACCGGCAGCATCAGAAC	1
AATATCCTATTACACTCACT	1
GAGTGAATAAAAATAAAAGC	1
TCCATGTGAATACGGTTGTT	1
CCAGAGGACTCAACATATTC	1
TCTACAAAGTGCACGTATTG	1
GTAAATTGTCCGACCGACTT	1
TTCCACTTCCCCGGACCAAC	1
TGTGTGCGATGATATCCCAG	1
CCCCAAACGATCAAGCCCAA	1
GACTAGAACGAAAGCTATCG	1
CGGTACCATACAACCCCCCT	1
ATATTATCTCGCAGAGAATC	1
CTAGGCTCCAACACACACAA	1
TTGTGGTGTCCATAGTCGGG	1
AACTGATTTCGACTAGAATG	1
ATGACGAAATAACTTATGTA	1
GCGCATCTAGACCCCGGATC	1
CAATCGGCTTCGTCCTTCCT	1
ATGCATATAAAGCACAAGTG	1
CCTCTTCGACAACGCAACCA	1
CCACATGACGAGCCGCACGT	1
CATAGTGCTAATAAGCAACA	1
CTAGCTAGCCCAAAACGTAC	1
CAAATGCGGCACCCCTCAGT	1
ACTACGCCCTCCTCGTAGAG	1
AACACTCTGAAACAAAGCAC	1
TACAACGACGCATGGTGGAA	1
AACCCAAACGTTAGTACGAG	1
GTGTGAGGCATCAACCGATA	1
GAGAATAAGGATGCGCGCGC	1
GCACGCCTGTTGCATCGTAC	1
TTCCTCCCCCTCGGGCCATC	1
CCATAACGAGTCCCGATAAC	1
AGAGACCACGCGTATGTAGA	1
ATCGCGTTAGCGAGCCTATA	1
CACATCACTTCAAAGTACCG	1
GATCATGAGATGTAACCACA	1
TTTGACGTGATAACCCACCA	1
TTGAAATGACCGCCTGACCA	1
CACCATATGGCGCTGCTCCC	1
GCAAAAACCTCCACCAGCCA	1
TGATCTGAGCCAGGTCGCAA	1
TTAGTACGAACACTCTCAAG	1
ACGTCGGCGTTTACTCCTTA	1
TTTTATACGTTAAATTAAAA	1
ATGCTGTCCATGGTAGTCCA	1
ATTTTTCCTACGCAAGAAAC	1
TTAGTGTTAGAGTACCAAAA	1
AACATTCATCCAGGACTCGT	1
AAACACCAATACGTTCACAA	1
CGGTTACCATCCCTGTTGCA	1
TATCACGTGACCACCCATGT	1
TTTACGCTGCCTCCCTGACA	1
AAATTAGCAACTACGAACAA	1
GTTGTTATAGAAGGAAATCG	1
GTCTAGGTAATCCTATGTCC	1
AATGAAGATCTTGTTCAGTA	1
TCGCAATAGCCTTCGAACCC	1
ATAAAACCATTACCGTAGAC	1
ATGACATACATCTGAGGAGC	1
AACACAACTCACACTATCAG	1
GCAATACTCCGTCCCGTGAT	1
ACACTAACAGTTGCCAGGAA	1
CCCCACTTCGCGTCAATATG	1
TTGACTTTTACCTGAAAGCT	1
CCACACGCTTTGTTATCTAC	1
GCGATAGCGCGGTAGGTAAC	1
TACTGCGTATCAACACGCAA	1
TCTTTTAAATAGTTACAGGG	1
CCATTATATTTCTGCTCTAG	1
GCATATCCGCGTGACTACGA	1
TCGGAATGTAAATAATGTGG	1
CAACTCGTTATGATATATAA	1
AGAAGTGGCTAAATTGTATC	1
TAACGAAATGAATCTAGCAA	1
TTCGCGAGAACCACAAACCA	1
GTATCAAAGATCCGTCCCTA	1
CCCTAAAATACTCCACTACC	1
AACCATTGCCGAAAACCTAT	1
GACACCCCTTACGTAGAGCT	1
AATCATTAACTTGTACCCTA	1
AAATTATAGATTGAACAAAC	1
CCTGATGAAAATGATTAAAC	1
CCTACACAACCAATATCGGA	1
CAATACCACTTGGCCCGCCT	1
TTAGCCTAGTTGTGATGTAT	1
TAATATACTTACAAGACTAC	1
AACATTGGGTACCGGCACTT	1
CTACCACCTTCCCGCTACCA	1
TCTATTGGGAATACTTACCC	1
CAACACCTGCCCTCGCCATA	1
GAATGAAAAGAAACCATCAC	1
AGAGATATGCAATGCGCGAA	1
AAATTATGCCCCTCTTAGCC	1
ATTTTGACGACAGGCAACGT	1
AATACAACAGTTCCCCCGAC	1
CAGGTGCAACATAGCACATC	1
CACTACCAGCTAAAACTCTA	1
GCTACGTATCTGCCTTTACA	1
CCACTTACCACGTGTTTGAA	1
CACCCCACTCCAGTGAGGAC	1
TGTTATAACACGGCCACAAG	1
CAATAACGATTTCAGTCCTT	1
CTAGGCTTTGTGCACGAAGC	1
TGGCTTATCATATTATAACT	1
AGTTTCCCGTCTAATGGAAG	1
CATCTCGATCTTTGTTAACC	1
CCACTCCAGGGAGTTCCATA	1
ACAACCGACCAATAGACAGA	1
CGATTGATTGACGGGTTAAT	1
CCCCGACCCCCACACACTAG	1
ACCGCTCATAGTTTAGTATA	1
ACTAATGACACGGGTGTCTA	1
GTGACTGAGACACTGGAATG	1
ATAATGAATAAACACGGATG	1
ATGAACAAGCACATACCAGA	1
TTGCTAATACCCTCACCGAG	1
AAAGAGAAGACACTTTTTTT	1
ACGCACCCAACAATGTATAT	1
ACGTAAATCCTCAACCCGCT	1
CATATACATCCGCCGCCCCT	1
CCCCTATTAGCTCAAATAAT	1
CTGAATAAACTCCCAACTGC	1
TCATCAACTCATTTCATTCT	1
CAACACACACGTAGGAACCA	1
ATTCTTCGAAAACTGTACCA	1
CTTTGAGGATGTGGTAATCC	1
CCACCATACACCACTTAACC	1
TGTAACAATGGTTCAACTAC	1
CCCCAAAAACTCGACCGTCC	1
AATTCCTCCCCACCACGAGC	1
CCGAGTACCTTCCAGAACCA	1
AGCATGAGCGTGAAGAATGG	1
TTGGTCAGTGTAAACCTCGC	1
AGAAATATAGATCTTTGTAC	1
ACCGTTTAGACAGCTCCTAG	1
TATAAGTGCATATCCCTGTC	1
GAAAAACGTGTTTTGAATTC	1
AGCACATTTCACTTATGACC	1
AAGCAAGAAATAGTCCAAGC	1
TTAAGTTTAGGCAAACGGCC	1
ATAATTATTACCACTGTATC	1
AAATCTGTAATCTACGCCCA	1
CGTAACCTTGCCAAGTCACG	1
CAGAGGAACCCCCTACACAC	1
AAAGCAATGTCTCCTGTTGG	1
AGCAACCTCCCTTTATCTTC	1
CGGACACACCCCCCCGACCC	1
GCTACATGATTTGAGTCGTC	1
ACCGAACCGACATGTTCCCT	1
ATTCTCCCTACTTACTCCTG	1
GCAGGCATAGTGCCTACTGA	1
CGCCACCGTATACACCGCCA	1
TTAGACCGCAGTCCCCGCCC	1
AACCTATTTTGTATAACGGC	1
CCATAAATGCTAATTACCGT	1
ATCTACAGTTCCATATTTTT	1
GGAACGACACAATGCCTCAA	1
CACGCCTACAGCAACCCCCT	1
TCATTTCTAGCACGAAGCTG	1
AAACCTACTACGCCCCCCTC	1
AAACGTCTTAGGCGCGACTG	1
CCAAACACCTGTAGTACTGA	1
TCCCCGAAAAAAGTCCACGT	1
GCAACCGCCGTTCTGCTCTT	1
AGAACTTTTACATACTGAAT	1
AAGTATCCAAAAGATTCGCC	1
GCCACCACTTTACCCCGTCG	1
ATGTCACTTGCGCCCGCGCA	1
ACGGGCTTAACTTTGAAACC	1
GTTCCTCAAAACACGTTCGC	1
CAAGCGAGGACTACGGGATC	1
AGGTTTGGTTTAGATGATAC	1
AAGCTAGAAAAGCGACATGT	1
AGCCCTCCTTGGTTCCCCAC	1
ACCTCTTATTACGGTTTTGA	1
ATTCTCCACCACATTCCCCA	1
TAACTGCATTAACGACGCAC	1
CATAAACGATAACATGGTCT	1
AACCTAGCGACACACCGACA	1
TCTCATACAGATATCTCAAC	1
GTCCGTCTCCCTTTCTTATA	1
GCCCTTGTCGCCACTCCCTT	1
TAATAACAAAATTCATGTGA	1
TCTCACTGGGGTATCAACAT	1
CAACATCACCTTTCTGTACC	1
AGCGAACCCAGGCTATGTCG	1
TAGGGGAAAGATAGATTCTA	1
TGCTGAACCTGGCTGTACTT	1
ATGAGCTCCCGCTTCGCACT	1
AGAATAGGACGAACTTGACA	1
ATGGTATGGTAGACAATCTG	1
AAAAAAGTAAGTTGAGTTAT	1
ATCTTGTGTAACGGCAAAAG	1
ATCTGCCTACACCTGCCGCA	1
CTATGTCAACAGGGCATTGC	1
CAACCTTATCCGCGGCGTCA	1
TCCGCTATAACTGCCTCCTG	1
ACAAGGTGAGAAATCACCGT	1
TGGCTTGAATAATCAAAAAG	1
CAACACCTCAATTATTTAAA	1
GCGTGTGACCTCGTCCTAAT	1
ACATATGTGGAGAGGCTAAC	1
CATTTTATTCCCTTATTGGA	1
GATTCTTGGGATAGTACGCA	1
GGCATAACCTCTAGAACTCC	1
AGCTCTCTCTTAGGTGACAT	1
TTAGTCATAACTGTACCTGC	1
TGAAACATTGTACATGCCGT	1
ATATCACCGGCAGCCTATGA	1
TTAAATACCGCTTACGAAGG	1
CATTAGAAGCTCCAGGATCC	1
AAATCATCCACGACGAAAGG	1
AATCGATAATCTTCTACCAT	1
TAAACCCTCATCCCCACGCC	1
ATTATCCTATCCGTACCGGC	1
CTTATCGTATCTCCCATGCA	1
ATACAGGTGTGGAGAAGCGA	1
GTGATCCACGGACCTAATAC	1
GGATCATACACGACCAAGAA	1
CCAACAGCCAACTTTTCATA	1
TTTAGAAGCAGGAACTTCCA	1
TTGTAATCAGACGGGATCGG	1
GAAACCCCCTTCTTTGATGA	1
ACTCAACTACCGTCTCCGAG	1
GAGCACTGAAAGTCTTTTAA	1
TACCGATTCGCATCTGGAAG	1
TAGCAACCGAATTTAAAGGA	1
AACGAATTCTTGTTAAGCAT	1
TGGCTAGGTATTGATGCAGT	1
CGCACATTACAGGATCATGT	1
AACTCTCCCCTATGCTTTTC	1
ATGAGTAGAAGTCGCGATTG	1
TTAATGGTGCTCAAAAGATA	1
TCATTTTAGACCTTAGATAT	1
AGCCCGTGTCACGTGTTTAC	1
CACCTCATGACCGATGTACT	1
ACAGCCCCTTGCGAATTATT	1
CAGACTAACTGTGTGAGCTT	1
AACTCCCAGCCTCTAATTTG	1
TTCTATCGACCTTCCGCTAG	1
TCGATAAGGGGGAGGTCCTC	1
TAAAGAATGCGAACAGTTGT	1
GGAAAAAGAATGGAGCGGCT	1
CTTCGACGGAATTCTCTCAA	1
TCAGATTATATGAATTCCAA	1
AACAGACCACCACCATGTTC	1
GTTAAACCCACCCAAATCCA	1
GGATCATCTAGGACACGCCA	1
AGTTACCCATCACTCCAAGT	1
CTTTAGCTCATTCCCTATCT	1
CACTCTCGACCGATACCTGA	1
GCAAGCAATGTACCTACCGG	1
TGTGATGATGCAACGTCACG	1
AACCACTTCATCCCCGTGCC	1
CCGTTAGCTCGTGGTGATTC	1
TATTAAGAACAAATCTACCG	1
GTCATATAACATTTACTCTT	1
ATAATTTACAAGCCTATTGC	1
TCCTAGGCAACTAAGTAGCG	1
TTAAGTTGGGTGTCGTTCCT	1
AACACTGAATCAGCCTCCCT	1
CTACAACGGTTTCTTTTCAC	1
TAAATCCATTTACCTATAAA	1
ATTACAGCGTCACGTATCCC	1
GTTAAAACACTCTACTCTCA	1
TTCGACAAGTGACTGTATCT	1
AGACTATTAGACTCCATTTC	1
CAAGCTTACATTTCACCTTC	1
TGCTTCGCTTAATGTTCGGT	1
AGGCATGTTTTTATGAAAGA	1
AGGTAGTGGTCTTCCCGTTC	1
AAGATCCCAAAGTTTAGCGG	1
TTTTTGCGTTACTCGGTAAG	1
GAATCGGGAACGGGCCTGAA	1
CCCAATTATCACTAATGCCA	1
CATGGATTGGACCGCCTTAG	1
AACGAGCCCGGATACTGCGA	1
TTCCGAACATAGCTTAACCA	1
CCCTACCCATCTACTGTACT	1
CGCGCCAGACTCGCCAGTAC	1
TCCGGAGCCATCACACATAC	1
TCGCCCGGATATGATTCAGT	1
ACGATAGCATTCCAAGACCT	1
CCCTACTGATCCCCGCCTAT	1
AATTTGTCAAGTTCTCCACG	1
GACGTAACGTAATCAACGCT	1
TACTTTTACGCACCGGAAAG	1
TGAAAAGCCCGTCTCTCGCG	1
CACCGAAAGATACGTAGCGC	1
CTATCTTCCGTAATTGGAAA	1
AACTCAGCCCTAACGATTCT	1
TCTATTCTGAAGGGAGATAA	1
ATCGCACAGCTACGCATTAC	1
TTCCGTTGCCAGACAGGAAT	1
ATACACCCGCCGTATGGATC	1
CATTACTGCGTCCGACAAGG	1
CCCACCGCACCCACCCGCCT	1
GATCTGCACTCTTTGGGTGA	1
GACCGGATACTTACGAAAGG	1
CAACGCCAAAAAACACTCTC	1
TCGCAACGGCCCACATCACA	1
TGTCTTGAACGTTTATTCCT	1
TGTTTTGAGGTAAATTTTCC	1
CATATTCTTTTGAATGAGAA	1
AAGATTTCGTTCGTTAGAGA	1
GCAGGTGCGCAAATGGTATG	1
AGTTTGAAAAATAGTTCATT	1
TTTCAAATAATCCTGAGCGC	1
GGCGACGAATGTTCGGCCAC	1
AAAGCATGGACATATCATCC	1
CAAATCAAAACTTTTTTAAA	1
CGCCAAAGTTCGTTCACCGA	1
TACCAAGCCCAACGTGGTTG	1
GTTACAATTGGATTGTAAGG	1
ATACAACTGGATTTAACCCA	1
AGAAGTGTTAAACCCAAAAA	1
ATCTCACCTATTAATATATC	1
TGTTGCAAGGGAACGTAATG	1
TCATTCAGAACGGGCACATG	1
GATTTTTCACCCACAAATAG	1
CTCGAATGTGTGCTTCAACC	1
TAATCTCATATCTCTTGTAC	1
TGACCAAATTGTTCCCCCAT	1
AATGATGATACATAGATATC	1
CAACCCACCTAGCGAGTAAG	1
ACATACTGTATATACCTGGG	1
GAGGCCTCTTACAATTGATG	1
CAGTCCTTCACTGTTGTTCT	1
AGGCACCGGGACCATACTAT	1
CCGTTACAAGATGGAATCCC	1
AACACCAACTCACACATAGC	1
CATAGCGGTAACGATAATAC	1
ATTACTTTCATTGATGTTCT	1
ACCGTAAGCCTCATGGTGCT	1
CGTTACTATGTCTCTGAAGC	1
CTTCACCGTCTGATCCCCTA	1
ATGCACACCAATGTTGTTCT	1
AATAAAGGTGGTGTTCTAAC	1
CCAACACAACCACACCACAA	1
CATTCTTCCCTTGTAAACGT	1
GTCAGAACCCACCACCGCAC	1
TCATCCCGTACTCACAGTCA	1
AGACTAACATCCTATTAGCT	1
ATCACACGTAGCTTCCACCC	1
AGTATAAGTCTACCGAGTGA	1
GAAGTGAAATAAGATCCCCA	1
CCATTTGGTCTCACTCTAGC	1
ATGACGCGATGGCCATTCAG	1
CATCGTTGATATTACCGAGT	1
TCGAGATATCCGTAAATCTT	1
CCACTTTTCTGAACTCACGC	1
CGAATGGTAGTTGCCTAATC	1
CGCACAATATTTTTAACCAA	1
CTAGAAAGCTCGACAGTACG	1
TAAGTTTACACCACCTGATA	1
AGTCTCACATGAACGCGTCC	1
ATACAAATGACACGATGAAA	1
CCATTTTTTACCTTTATTGC	1
AGATCTATATATGCCCTACG	1
AGAATGATAAAGCATTGAAA	1
AATTGTAAGAGGGCGTATGC	1
TCCCAACTAGTGTTCCTTTT	1
GATGCCTGTTGGCGTTGAAG	1
CGTAGGCGTGGGTACGCGCC	1
ACCGACTTCTGGGGATTACT	1
TAGCAAAGCTGGCACCCCGC	1
AACTGACATTTAGACATTCT	1
ATAGCGCGAGGTTCCTAACA	1
ACATCAAAAGTGACACTATA	1
AACCCGACTACACTACCTAT	1
GTCTATATTCCTCACTTTAA	1
GTGGGGGAGACATCACGATG	1
AGTATTGAGATGTAATTCGT	1
GCGCCAACTCCGCAAGAACG	1
AACTTCTCCTAGACCTGTAA	1
CCTACAAAGGAAGTGCCGCA	1
CGTGCAGATGAGGTCTGCTG	1
ACATATCTTTTCTCGCCCCT	1
TGTAAAAGGTTCTGACTATC	1
TTAGTCATTTTACACTAATA	1
GCACACCCAACCTTCACCAA	1
CGGCATATATCTTTTCTGTC	1
TCCTTATACCTACCCAAACT	1
ATGAAGTTCTCATCTCTCCC	1
AACGTAATGGGCGTCGGACG	1
GAACGCTACTACCCATCAGC	1
ACACCACGTAGTCCACCCCC	1
TAGCAACAGCAACATGAATG	1
TCCAGAGGCCACCGCACCCC	1
CGTTTATAATGAACGTTAGG	1
AACTCAGTTCATAACCAACC	1
GGGAATAATAGCCCGCCACC	1
CTCAACGATATGCACGGGTA	1
ACCTGATGTTGAAACCGTGC	1
AAAGTCCACCTAGCGACCTT	1
CTGCGGGGGCACGCCACGCC	1
TTCGCTGGCACGACTCAACG	1
CGGCAGATATGCGTGTAGTG	1
ATGTGACACACTTTGTCAAC	1
CACAGCACGCACTACAGAGA	1
TATTGCCTAAACGTTTTGCA	1
ACTCGAGCTAGCGTAACTTT	1
GGAACTCACGAGGCCGAATA	1
TTATCATTAAGTGACGCATT	1
CGGGATAGCGAACCTCTCGC	1
ATATCTGCCCCACAGATACA	1
TGGGACATCGCATGACACAG	1
ATGCATGGTAAAATAATGCC	1
GTTTGGATGAACATTGATTT	1
GGCTACAAAAGCGGGTTAGG	1
AAAATAGACCAGACTAATGG	1
TATACCTCAACTAGGCACAC	1
AACGAAAATTTGTACGCTTC	1
CGATAACCTACAACACCAAC	1
CGTGAGTTATAAAGTAAACG	1
CCTTACATCAAAGGTAGTGC	1
CTTTGGCACACCCCAGCCAC	1
ATCTCGCCCTCATGCAGACA	1
AACAAATTAATAACAATACT	1
ATTAAAACGTCTAGCACAAT	1
GTAACACGTGATTTTGACAG	1
TCGGAAGTTGTAAGGAGGGG	1
ACTCATTATCCACAGAACCA	1
ATCGCGTGAATATTGATATC	1
TGTACACGTTAAAGAAACAC	1
TACTACTACGCGTGACACCT	1
AACAAATGCCCTATGGCTCA	1
GGAGAAGTAACTGAGGGAGG	1
AACAGAAGGGATTTGGACAC	1
ACAGGACACATAGCCTTTTA	1
ACAAACACTCCGAAAGTTAT	1
GCATGCAACCTTATCTGCGA	1
GCTCTACCGCCGCAACAGAC	1
CCATAACATTACCTTTTCTG	1
AAGGACGACTTCGTCCGCCT	1
AGCCGATTATCCCACTCAAA	1
GACGCAGATAAGTTTTCTTC	1
TGTGCGCTCGTCTTATCCAG	1
ATGACGCTTATGTCAGGGGA	1
AGATAAACTAGCAACTCAAG	1
GCTGCATCTTCCACCCTTGT	1
ACACTAATTTAACTCGCCTT	1
AATTCATGTGACCCTCATGA	1
ACCCGCCGCACTTCAATTTT	1
ATGGATCTGTTACCAAAATT	1
TCAAATAACCAGTCCTGCAT	1
GAGAGTAAACCTAGTCGTGA	1
TAATGCTCCCGATACCCCAC	1
TGATTCCTTAAATTTGCTCT	1
TGGAAGGTGAGTTGTAGTAA	1
ATAACATCTCATTTGTCAAT	1
GCATTACTGTCCCCCAGTGC	1
CGTCTTAGGACCGTATTTTA	1
CAGTATGTTCTGACAAACAC	1
AAACATCGTATACGATCATG	1
ATTTTGAATTTAAGAGACAA	1
TGTGACGGTCCAGGGCAGCA	1
TACTTGTAAGCAGTAATCCA	1
GAAAACAAGTCTAGAGATCT	1
CCTGGTATAACCTGCAGCAA	1
TCAGATGCCTGTAGAAGCGA	1
CCGCGCGCATTACCGATTCG	1
GAACACAATTTACTACTTCC	1
CAACACCAAACCAAGACATA	1
GCTCAACGCCTACGGTAGTA	1
TATCACTACGCCAACTCTTC	1
ATTCACCTCAGAAAATAACA	1
AATTCCGAATACCCTACTGT	1
ATAAAATTACCCCACGCCTC	1
TAGATAATATATGACGTCAA	1
TTGAGCAATACACCGCCCGC	1
ATCCCATACCCCTTCGAAAT	1
ATACCCCCACGCCCCACGGC	1
TCCTCTGCGATCCCGCGCTC	1
TAAGAATGCTATCCATCCCT	1
CTAACCCTGCCCCGCATCCT	1
GATTTCTGCGAAACCGGATC	1
TTAAGTTGTGAGTGATCAAA	1
TTACTGTGCAAAACGACACT	1
ACAATCAACCAAACAAATGC	1
GCCCATACAGCTACAACAAC	1
ACTCTCTACGCCCAAAGGAC	1
ATCCAATAATACCCTTCCCC	1
CACCACAAGTGAAATATTAA	1
TGAATACCCATCGACTTTCG	1
AAACCACTGCCACAAGATGT	1
TACCACGCCTCTCTAATCCG	1
GCTAGATCCGTACCATGCTA	1
ATATAAATTTTGTCTGCAAA	1
CCTTAAGCGCTGGCACTACA	1
CAAAGGCGCAAAACCGTGGA	1
TGGATGAGCCCGGTCATAAA	1
CTATCGCACTCATCACGCTC	1
CTAAGACAAAACAGGCAGCG	1
CACTCGACGATAAACGGATA	1
TGACATTCACACTCTCTCCC	1
TTGTCCCGCGATGGCGACAG	1
CAATCCGGGTGAGGAAATCT	1
CAAATAAACAGATTTCTCCC	1
CCACTCACCCTCGTGACCAT	1
TTCGAACTGGTTCAGTGCGA	1
TAAACTAAACATTGACTGCG	1
GCAACGTTACTGGCAACACA	1
ACTTGTGAGATTAAACCTAC	1
TGCAAACTTATCGCAAGCAC	1
TTGCGAATTACTTGTACTCT	1
TAACAAAACCTACTTTACCA	1
ATAATGATTCAGTTATCACT	1
CCTGACTCTCTACATTCGCC	1
TTTCGCATAAGTTGTTGTTT	1
CCGCCGTACGTTCACCGAGC	1
ATACTCATGAACTGACCAAG	1
CCTTTCCGTGACTCCGTTGC	1
AAGGAGCGTGGGCACATGAT	1
TTGTTGGCGGGCAGGAAAAA	1
CCATTCATATTACGTGGTAG	1
CGAACCAAACGACTGAAATT	1
TCGCACGATTTCCTGCTCGC	1
CTCAGCCTGACACGTACCCC	1
GAAGACAACGCGTTCTACAA	1
CCAAATCACGAATAGGTTTA	1
AACTTACCATATATCCGACT	1
ATAAGTGCGAGACAGAGTGT	1
CATGAACGAACACAATACAA	1
TATATTATTCGCCCCCCCAC	1
AGTGGTTAGACACAAAAATT	1
CGATTACTGATTGTTTGCTC	1
GCTGTCAGGAGCTATTACGA	1
AGAACGAATAATGTGATCCC	1
AGTGCTACCCACCTACAAAC	1
AGGTAAACGGTTTTTGTACA	1
CCCCACATTGTTGTGTATAG	1
CCTGAGACTGGTTTCTAGTT	1
CGACACCAACCACTAGCCCG	1
TTGAACTTAACGCAACGCCA	1
AAACAAGATCATGAGGGGCA	1
AAACGCTAAGCCTCCCCCCG	1
ACCCTTAAACACCCCTTTAT	1
TTTTCTCTTGGATTGAGATT	1
CAACTTGGGCGATGTATCAT	1
AACGTCATAATAAATGCGAC	1
TAGGACCCCACGGCACCGAT	1
GAATAAGTACTACTGGTTGA	1
TCACACACTTACCCACTTGA	1
GCCGAAAGGTTCTCTTAACC	1
GATTATATACGCAATTCCTC	1
TCCTAATAAAAAGGTTAACC	1
TTTGCCCGCTCTCTCAATAA	1
CAGTCTGGTTCTCGAGACTC	1
CAGCAATAACTACGACCGTA	1
GATCCCCAGCATAAAGTATC	1
CAACTAAAAAGAGCTGATTT	1
AGGGGGCACGCCATGGAAAC	1
CCAATGCACTTAATCCCGTC	1
TTGGACACATAAACATTCTA	1
CACTTCCACCAAGCGGCCTC	1
ATATTGCGTACAGCAGTATT	1
CATAACACTCCAATTATTTG	1
CGTTGAACAATGTATAACTT	1
CCGCCACAATTCCACACCAA	1
CTCGCACAGCACAGCGGGTA	1
TCCTAACCCTTCCCAAACAA	1
CCAGTGGCAATACCGCACAA	1
AATATATACCCCGAACCTGC	1
TGCCCCGAAGCCTACTGGAA	1
ATCGGCCTTTTTACTTTCTC	1
ACGGCGAGAAACCCGAACTG	1
CACTTGTAAGTGGAAGGTAA	1
AGGAGCATAAGCTCTATCGA	1
TCCCGGCGTTAAATAGGCTG	1
GAGTACCCCCGTCCCCCCAC	1
CATGGCACTACGGCTTCCTG	1
TACACACGTTTGTTTCAAGA	1
AGTACCGAAGTATAGAATAT	1
AAGGACTGAATTACAATATT	1
AATCTACCACACCAGTCTCA	1
CACTGCTTCATCTCAACTAG	1
CAACAAAGAGCCCGACCTCC	1
CCAGATAGTTACTCCTCAAA	1
CATTCCTCTAGAAACGCTGT	1
CCCCACCCCCGCTCGGCCAC	1
ACATTGTAGCAGTCTATTAC	1
TCCTTCCAGTATTTTGTAGC	1
GCCGTACTCTTAGGCGCACT	1
TTTACCGAGGAAAATTCGGC	1
TACGATGTTTGCAACACGGT	1
CAATGAGTTGTCGGATGAAC	1
ACCAAGTTTGTTGACAAATG	1
TGTACTTATGGGCGAAACCC	1
CCCTATTATACTGTACCACT	1
AAAGGTGAAGTGACCAGCCA	1
GTAGCACTTACGGCCTTGCA	1
AACAGCCCTTATGGAACATC	1
AGAGTGTCTAATGACTAATT	1
TTTAGATGCGGCAATTTACG	1
CCCTGCGCTACCTGGTCAAT	1
ATATACCCTTTCTCCATTAC	1
ACTACTTTCCAACGAATTAT	1
TTGGACCCCCCGAACCTTAC	1
CCAGTGATTGCATGGCGTTA	1
ACGCTACCGAACGAAGCAAA	1
AGTACGCAAAGAAATTAACG	1
GCGGTGTGTTGACCCATCAT	1
AAAAGATGGACCGGGCCACA	1
TCCCAGACATGTCCGACATA	1
TAGCTAGTCAACTTAATGCA	1
AGTAGTGCTTTACGGCGTGT	1
CTCCATTTCTCGCTTAGATC	1
CCCTACAATTAAACTGACAC	1
CATGTTGCCTCGCCCCTCCC	1
TCTAACAACCACTTGAAAGA	1
GATATATGACATCACGTTGC	1
AATCTTTGATCAATTTTTTC	1
CTCAACATGGTTACGCTAAT	1
TATAAGGTCCCAGCCGGACA	1
CTGAAGTAAACACTAAACCT	1
ATCACCATCCATCGTTATCC	1
ATAATGATACGGTAATGTTG	1
TGCCCTTAGGTATAAAGTGC	1
CGCAGGTATGATCATAAATG	1
GTATTATGGTTGGCGTAGGT	1
CCCCACACCCGATGGTACGA	1
ACGCACTCATTCGTGCCTAT	1
TGCGAAGTGTGACTCAGAGT	1
CGATCACAATCATTCACACC	1
TTCGACCGATAAACGATGAC	1
ACACGTTTTACATAACACTT	1
ACAGATAATAGATTACACGA	1
GGAGCCAAATTTAACACCGC	1
TGTAAAAAAAGACAAGACAA	1
TCTCTCAGGTCAGGTAAAGA	1
CGGCATTCGATCTAACCTCT	1
ATGCTCACACTATCCCTAAT	1
TGTACAGCCCTTGTTACCAG	1
GACTTATTGCTAACCTAAGG	1
CGAGCTTGGATAGGAAGAAA	1
TAGAGAACCCTAAAAATTTT	1
CAAGCAAACCTCACTCTCCC	1
GAATTATAACGGACACGCGG	1
TACCTATTTAACTTATAATC	1
AAGAGGGATCACCAGGCCTT	1
ACCATACGAACAACGATCAC	1
TTAGCGGGGTTATTCTTATG	1
CATTCCCGCCCCAAACCCCA	1
GTCCGCGCACATCCCGCGCA	1
CAAGTAATTTCGCAATAAAT	1
AACTCGAGGAATAGTGTGGT	1
CGCACAACCTACCAACGTGC	1
TCGCGTCACGCGTTCCATGT	1
GTGGGCGTCGCATGCAGACG	1
CATAATGTTAAACCGCGAGA	1
CTCGAGAATAAACATCGGCA	1
TTAACCAACGCGCCCCACCG	1
GATCAGTATCGAAAAATGTC	1
GGGACGCCAACAGGCCAGTG	1
GCCGGTTTAAATATCACATC	1
ATAACAACTTTTTGATTCGC	1
TGTTACAAGGCGACCACCCT	1
GGATGTTGCAAATCCACGAC	1
CGCACGGCGATGAGGAAAAC	1
ATTTAGCTTCATTGCCTTTT	1
ATAAAGATTAACGAAGCTCC	1
CAACGATAAGTTCGTAAATA	1
GAACTTTCTATGCGTAGTAT	1
AGTCACACCGCTTGCAGGGT	1
TCCAAAAACTGACAGCCGCC	1
TAATCATAGGCATGCCGATT	1
CATGCACTTCCTTACTCTTC	1
GTGGTACGTATGGCGTAGTA	1
TACATCGACCCTGGCGCCAC	1
ACCCGCCCAAATAGCACAGC	1
GGCCGCGTTATTTCAGTGAA	1
AAAGAAACAGTAGTGCGTAT	1
CATTCAGCTTAGCCAAGGTG	1
GGGTCACATGCCAAAACCTA	1
GACGACCCTATTTATTAGAC	1
TCCTTCAACAATTTGTCCCC	1
AGTAGATCAGAACTTACCCG	1
CTGATCACTCCCGCGCCTAG	1
ACCGCAAGAAGATCTTTCTC	1
ATATCGGTAACCTCGAAGGA	1
CACCATCGAATCTCTCTGCG	1
ACGGCCTGCGTAGGTAACGG	1
CGTAACAATAACCACAGTCT	1
AACCCACACCATCGCAATTC	1
GGGCATTACTTAGTGTAATC	1
TACATGCATCAGTGTACAGC	1
TAAAAGTGGAGGTTCGATTC	1
TCCGCGATGTCTAGTCTATA	1
CTGCCTAACCGATGGTCACA	1
GTGTCTCATAAATCTGCATT	1
TAATTATTTACTTGATACTG	1
AACTAAGTAGGTAAAGTTCA	1
ATTATCTATTCTAAGTCAGA	1
TACGAAAAGAGATAGTGCTT	1
ACCACTTTACGACGCGCTGA	1
ATTATGTGATTCAAACACCC	1
CGAGTACCGCTCCGCCCCAA	1
ATACGTTTATCATATCCTAT	1
TTTAATTATTCTGAGACCCA	1
ACATGCCCCCTTTTCCTTAT	1
CACTGTCAACAACTAAAGCT	1
TCCACATGCCCAAACTTCCC	1
TCCTGTCACTTATATTGCTG	1
CCATAAGTGGAGAAATGCGC	1
CCAATCCTCAGATTGTAATG	1
CCTTGCTGTACACGCCCAAC	1
TGCGACTTACTGGCTCTGGT	1
ACCGAGCCTGCTCTTGCGCC	1
TGGAATGTCTTGAACACGCC	1
TGAATGCCAACTTTGTCACT	1
AAAAACGTTCCCACGCCCCT	1
GGTAACACCAACCACTTAAA	1
TGACACTTGAAGACCAACCA	1
CTCCATGAGTTCGCCCCTAC	1
CCCCTTGGCAAGTTTTACCA	1
CGAAAACGAGAATGTCAACG	1
TATCAATGTGACGATTAACA	1
TCATTCGTCGCCACATACCG	1
TCCCTTGTTAGCGCACGACG	1
CCGCATTAAGGAGACCTATC	1
AAACATGTAAATTAAATAAC	1
GCTGAAGGAAGAACGCCTGC	1
ATAACGTAGGCTGCCTCTCG	1
CCTCTCTTTCCCCTCGAGTC	1
CATCCCTTATCCCCCCCTAA	1
CGTAAGAGAAATCCCACGAC	1
CGCGTGAGCCATCCAATGCA	1
GGGTGAAGTTAGTAAGGTTA	1
CACTGAAACCAAACTGGATT	1
ACCTCACTTTTAAGATCCAT	1
TAAATCCACCCTCTCGATAT	1
TCTTTTCTTCCCCCCATTCG	1
AGGAAAGCCGTAGAAGCTCT	1
AAATACCAACGGGTGAAGGA	1
ACTTTCCATTACGTTAGCTG	1
CTCTGCTGCATAAGATCTAG	1
AAAGGCATTATTAAGAATAC	1
AATACAATCCAGCTGTGACT	1
TTACCATTGCTACATTATAA	1
GCTAAGTCGCCAGTCTTCAA	1
CCTACATTCTCGAACATGCT	1
AACCGGATGGACGCAGTTCG	1
AGATGCGAGGATAAAATAAC	1
ATCCACGTCGAACCAAGGCA	1
CCCCATACTAGCCACTGCCT	1
TAAAACCTAAAATCTTTTTA	1
CTGTTTGCGTGAACGATCCG	1
TTACACGTACTTTGCTATGA	1
GAACTACGCCCACCACTCAC	1
CTGACTAATTGCTCACGTAA	1
TCGTTTTGCATTTTTCCTCC	1
TTGGTAAGCACCGTTATCAA	1
AAACGGACAATGAGGTCCGA	1
GAACCAGTCTTTAGGTGAAT	1
TTAAAAAGGTCCACCCTAGA	1
TTAGACAAACTCCTATCCAC	1
CCACATTCAACTCCCCTATC	1
GACTTATGACTCCACCGGGC	1
ACATTAGGCACAGAGAGGAA	1
AAAGTACCTTCAAGGACATA	1
CCCTTAATACACCAGCTCTC	1
TAGGTAGATGTCATCTTCAC	1
ACGATGAAAACTGCTGAAAC	1
ATCCAGCACACGGGCCATCC	1
AGGCATCACCAGTAGCAAAG	1
AAAAACTATCCAAGCAAAAC	1
TGTTGTTCACGGTTAATGCA	1
AATGGATGAAAAGAAACAAC	1
ACGCTGGAGCAATACTTTGG	1
AACACTCTTGCAACCCAAGT	1
CCACCTGGGCCCCACCGCCA	1
ACGATATTCCGCTACATTTA	1
ACAGAAATAACCAACCTAGT	1
GGATTTTGAGTTGTTATTTA	1
AGTGCATAGATACACACCGC	1
ATAATTGAGCGCATTTAAAA	1
GCAGTGACTCCCGGCCTAGT	1
TAGTCGAGGTCAATTGGTGC	1
GAGTTCACCCATTGTACACT	1
TAGTTCCCAACAGACATTCC	1
TAAACCACCTATATAACTAT	1
GCTGCCATTAGTTCCCGTAA	1
TGCGGTAGTTGGCGCGATCT	1
TGCATTCTTAGTAGTTCACC	1
GAGGCTGTGAAGATACGGCG	1
TCATTACCCAGAGCATGCAT	1
CTGCTTAATGGACACCCATT	1
CAAAGACATTGGTATGCTCC	1
CGAGGCTAATCCTCCAAAAC	1
CATGGCCTCTCCTCACTACC	1
CCGGGCGGTGTCTGTACGCA	1
GAATACCCTGTAACAAGAAA	1
ATTGACACCTCACACCGCTT	1
AACCTAGGTCAGTCTCAGCC	1
TTGCTGGTTATCCAACACAC	1
TTGCGCGCTAAACATAACGC	1
CGCGCGCACTTAAGCTTGGG	1
TATGTAAATTAATAACACCT	1
AAGCACTACCATTGGTGACG	1
CACTCTGGATGCTATTTATG	1
ATTGATACATGTAACAAGTG	1
TTGTCCGCACGACAAGTATT	1
GTAGCCAAATAAAACGAGGC	1
ACCGATGCGCACTGATAATC	1
GTCCCGTGTCTTGTACATCG	1
AAGCCCATGTCCCAGCGAAA	1
AACCGCACAAGGGCGCTATT	1
AACTTAGGACCCCCACAACA	1
CTGATAGATAAGATTATTTA	1
GTCCTCTAAATGCAAATCTT	1
TGAATTTAGACCTTAAAATA	1
TATGTATATTCGCTAGATCC	1
GGCAAGACACAACCCCCCTA	1
ACCCAGTAAAAACACTAAAC	1
CCTGACCCAAAGCCTGCACT	1
TGTCCCCTTTCAGGAGTACT	1
GAAGAAACTACCCTAACGCC	1
CTATGTGCTCAAGGTGACAA	1
TTCTTATCTATATAGCCTTT	1
CATAACGGGTCAGGGGAGAT	1
AGATGAAGTGCGACCACCGC	1
CTTTCCTATGCCTACTACTA	1
TTAGGCGCTCACCGGAGTGC	1
AAGGGGTAGCAACTCCATGA	1
ATGAATTAAAACAGAACTTG	1
GAACATAAACTAGGTGCATA	1
ACAGCGATCACGTCCGTTTA	1
GGAAATAGTTGTGCGTATTA	1
ACCGTGTCATGCTTAAAGGT	1
ACTGACATCCGACGCTGTTA	1
ACTACCCGCTATCTTACAAA	1
TCCCTTAACCTGTGTAAACA	1
ACACTTACGGTACCTATTCT	1
TGATAAGTTCGATCCGGATC	1
CCATGGAGAATGAACCATCA	1
ACGCTAACTCATTAGATGAA	1
AGTAGATGGACACAAAAGTT	1
CATTTCTTGCAAATTACCCC	1
GGAACCACTGGGATCTTGGC	1
CCTGTTTCTTGTGTTTAGAC	1
GCCTCGCCTTCACACGTAAA	1
GAAATGCCTCGGCGCTTTTT	1
CATTCCATAAACATCGCAAA	1
AAGGTAACACGTTAAAGACC	1
ATGATAACGGGTGGGTTAGC	1
TCCTAGTGCGCTATGATAGT	1
CTGTGTGCGCACAGCGCACG	1
CTCATCCTAAACGCGTCAAA	1
AAAACCTTTAGGTTATCGAG	1
TCTCATCATGTGTAGAACCG	1
AATTTTACGAAAAGAAAAAT	1
AAGGGAACATCATATTTATA	1
GGTGTGGTAAACCCACTGCC	1
CCCAATAAAGTTGACGGAAA	1
ATCCCCCAACCAGCCCGCCC	1
GCGTACCTGCTGCATCCAAG	1
GCGACGAGTCTACACAACTC	1
CTATAATGTTGTACTTCCAA	1
CAAATAAACTCCGGTGTTCC	1
AAAATAATACAGACGGGATA	1
CACCCGTTCCTTAATCGCAA	1
CCTCCTGTCATGATATCCCA	1
TACCCTCTGTCATTTACGAG	1
ACAAACAAATCTAAGAGTTT	1
TCTACTCTGTTGCACCGTCA	1
TATACAGCGAAACACGTACT	1
TCGGGGGCTTGTGCTTCCTG	1
GAGGCAGCCCACATATTATG	1
TCCCACACACCTAATTAACA	1
GCTGTCCCTCTTATAAATTT	1
GACCACACGTTTAATCCTTC	1
GGCTCAGCATGATAATATCA	1
CCAATCGCTCCGAGAATGAT	1
AACTTCTACGCCCCGAAACC	1
TATAAATGAAAGGGACGCTC	1
GACCATAAGCTCTCCGGTAC	1
AAATGTTGAATATGGTCTTA	1
TTAGATACTTCAAATCACGG	1
CCAACACTATTATACTAGCA	1
AATCAACGCCCCTACCCACC	1
ATCTAGGCCAGCCACCCCGC	1
TAAATTGCACTACCTGTACA	1
AAAAAGGGGATGGCGCAAGC	1
TACAATCAACCTAGTAAGCA	1
TCTTTCCTAAAACCCCCTCA	1
ACATGGGGCGAACAATATCC	1
AATATACGAAAAAACGCCAC	1
AACGGATTACCTGGCACTAT	1
GTTGACGATCTGCTAACAAA	1
CAAGCAAGGTAACTAAGCTT	1
TATCTTGTCAATGCGTAGTA	1
ACGTAGTAATGGCGAGTCAA	1
AGAGCGTAACGCACCGGCGG	1
CTCTTGCTACAAAAGGATCA	1
AGTGTTCAACACGCGGGCGC	1
CCCCAAGGACACGGTTATCA	1
AGGGAGACGCTTTAGCACAT	1
AGACTTGTTTGTAAAGTCAC	1
ACGACACAAATAATCATGAC	1
ATGAAAAATAATGATAAAGT	1
GAAATATATATCTTGCAGCA	1
AATCTCACTAATCCGTCCGT	1
TATGGCACTCATAGGGGGGA	1
ACCCTTTTACAGCTTCGACT	1
GCGTTAGGTGCCCTCCATTG	1
CACTGATCAGAGGTGGATAG	1
GCTGTTAACAGACACCGCTA	1
CCAATCCACAAAACCGAATC	1
AAAGCCGCTCGGTAATCCAA	1
TTGTAGCTAGCCTACTAAAT	1
ACATAACTGTTTTTGTTAAC	1
AGCAGGATTTCGACGTAACC	1
AACACTATCCCCAACTCAGA	1
TAACTGTGTTGCCAACGGTC	1
ACACTTACATCCCTCACATA	1
ATTTGAGGTAAACGCATTTC	1
CTGAGGGAAATAACGATATC	1
GTTAATAATGTAAATGAGCT	1
TAGAGGGATGCGATCCATAC	1
AGATACACCGGTCCCCGACA	1
CAATGCTTGTACTTGGCACC	1
AAACTAAAACTTAACGCAAA	1
CCTCTATCCTAGAGAGGCTT	1
ATACACCCTATGGGTACAAC	1
ACTAACCGAATACCACATTT	1
TGCGGAATCTAATTAAAGCC	1
AGGTCACTACCAGGTATCCT	1
CACGAAAGCTTCTCCTGAAA	1
CAACATTCCACGCCGAATTA	1
AAAAGCGACATATACTCGTG	1
TTGCCCCCCCCTGGCCAATC	1
TGTGTCCGCCGTCCATCAAT	1
AGACTGATGACTAGGGTACA	1
CTGATCGAACATCTCACACC	1
CAAACTCTAAGGAGCGTTAG	1
GCGGACCCGAGCATGCCCAT	1
ATAGAAAAGCTGAAAACCAA	1
AGAATAAAGGTCAAAAATTC	1
TTAGAGCGAATCTAACCTAT	1
TGAGTACAGCGACCCTTCTA	1
GCACTCGGACGAAAACCATC	1
CTTATTTCTCCCCATAACAG	1
TATAATACGAAGCTGATTTC	1
AATCCCATGAAACTCCAATA	1
GCACTACTCACGAGACTAAC	1
AACTCAACACCCCGTAGTCG	1
CCGAGAGGCTAGGCCTATGC	1
AAAACAGGAAGTTATTGCTA	1
TTCCGTTTCTGTATCTACCA	1
GCATATGGGGGGGTGCACAT	1
TACGCACCTCGCATTCGTTA	1
CACCTACTTAGATCACTTAA	1
GTCAAAGAACCGCACTGACC	1
CCCTCGTTGTCGGCGTTTTA	1
GCTCTTGCCGAACGTCCTAT	1
AATACATATACTTAGCGACA	1
CGTTAATTAACCGAAAGAGA	1
CAATGTAGCGTTGGACTTAA	1
CTCGCGTATTCCAACAATAT	1
CAGAAACGAACCGCTTAGCC	1
ATCAATCTCGCACCGAAGCA	1
AATCATTATGAGTGAACCAA	1
GCTGCGCAGGACCCCCCCAC	1
TGTTATCAGCCCGGAATGCT	1
ATATCAGCAACGACTTTAAG	1
TATTATACGCATTCACTTTC	1
CCCAGGACGTGACCCTGCAC	1
GCAGTATGCATGGCGTGTAA	1
AAGCAAGAGATTGCCAGCGG	1
CAATCACTACAGGTGCACAA	1
TGTTAACATGTCTGATGACG	1
CATTTGCAGCGCTATTATTC	1
ACGATAGTTATTTAGTAGAA	1
GACGAATACCACGGCCCGCC	1
TGACATAGCGACACAGTAAT	1
GTAAGAGGAAAAAATCGTGC	1
TACGCAGCAGGGTCGCCCCG	1
CAACCCTTCGCCCGAAATAA	1
CGATGTTGGCCGGATAAAAG	1
CCAATTTAGCTGACAATTTA	1
ACCTTTGAGCCCTCTTATGC	1
CAATTTCTCAACTAAAAACG	1
ACGTGATCGCCGACCCTCCA	1
ATTCGCCCCGCAACAAAACC	1
TACTTGCCACCGCCGCGCCC	1
ATCAGAGCAGAACTGATCTC	1
CTACTACCTTGACCAATGCG	1
GCTCATAGACGAATTTTTTA	1
CCGCCTATCCCCGGATTAAG	1
CGACATTCCAAATCACGTGG	1
GTGATGCTACACGAACGCAC	1
ATAATTCCTGCCATGACTTT	1
GGCAATTGTATGGAAATATA	1
CCAACGTGCTGAAAATCACA	1
GGTATAGAGTTTTTCTCACA	1
ACAACTACTCCCCGCATCCA	1
TCATAGCCGTTGGTCAACTT	1
ATACGAACGAGGAGGCTAAG	1
GCCTGACAAAACGTCAGACT	1
AAAGCTCATGAACTTGCACA	1
TGTGAGACCACAGTGGTAGC	1
GTACTAGACTGAATTCTCAT	1
TAGAATAATTAGAACGCAGG	1
TGCAACTGCCGTGACACCGC	1
GCCGATAACGACTCATCACC	1
AGCGTGAGCTAAATCTACTG	1
GCATCACCCACACTTAATAG	1
ACGCATGTTGTCATAATTAG	1
GTGCTTACTCGTACCGTGTA	1
CAGAGCTTATACGGCCAACA	1
AAAATTTGCACTTAGCTATA	1
ATCCATAAGTAAACCGTAAC	1
TTGGGCTAATGACACAGAAC	1
ACACTTTAATGACGCTTCAC	1
AAGATTAAGACAATTATCGG	1
AGTCTTAACTAAATTCCCTT	1
GAGCTTTCTCAAGATGCCAA	1
CCACGGAGCACGAGCAAACT	1
AGCCTCGTCCTTTGAGCCCG	1
GGATGACTTAACTATGTGAT	1
CGAGATATAGCACGGTTAAT	1
GCCTAATGGTTGATTACCTC	1
TACACCAAATGCAAATTTAC	1
ATCTGAAAATGATCCATCTT	1
GAACAGGCTCAAGACGGGGC	1
GGTACGTGTCAGAAGCACCA	1
GTTCTACGTTGACCCCCTGT	1
GACACCCACCAGCTTGCCCT	1
CCCTCTAACACACCCAGGAG	1
TACTTAATTCCCAGCTGATC	1
ATAGCACGATTTATATTTAT	1
TAAGAACAACACCATCGAAA	1
CCGCCATCCCCCTCAACCTA	1
GGCTCAATTATGGCTTTTGT	1
CTCTCATAAGCGAACAAAAA	1
GAGGGATAGCTATGACACTA	1
CAATTCAAATAAACTGAAAT	1
CAACATCTGCAAATGGGGGA	1
GTTAAACGTAAATATAAACG	1
TCATTAACTATTTGTTACTT	1
AGTAGAGTCCCGATGCTTGG	1
CCTATACAAGTTCAGTCTCA	1
AAGGAGCACAAGCAATCTAG	1
ATTTTGTTATTCTATTGCAC	1
TAACCCATGAGTATCCATAA	1
ACTTATATGATCCTTCAACG	1
GGGTTGAATAAGGCGTCAAC	1
AGTGCACGCATCACACGATG	1
CAAGGATCGCGTCTGGGACA	1
GTTGACGCGATGCCTTTTTC	1
CAGAGAGCGCGAGCGATGTT	1
AGTACAGTATCATAAAACAA	1
ACTCTATCCTCCACCCTCAC	1
ATGAAGTTCTGTGGTTATGT	1
ACTCTTAGTTAAGGAACATA	1
TCAATTGAATCCCCTAAAAT	1
AGGTGAAAAAAGTATAAACA	1
TTAAGGAGACATCTTTTTGT	1
ATATGAACCTCCCAAAGCCG	1
AACAGACATCAAAGCAAACC	1
AAAAACACAAGTTATGTCAG	1
TACCATGGTACGCGTCAGAC	1
GATTGCTCGATTTTGCAACC	1
CCATCTCCGACTTCGCATCG	1
TTAGTACGTCCTTAATAGGG	1
AATGCGGAATCTACCAAATC	1
TCAGCGGGGCGGGCCGAGAT	1
ACCGCACTACATGTGCAACT	1
CAGATTACCATCCCAACGCC	1
GGCGCCCCATTATTGATTGA	1
GCTTTAAACCGCTGTGAAGG	1
TACGAAAAAAGAGGACAGTC	1
CACCATCCGGCGCGATGCCA	1
TAATAAAGTACTTTTGTGCA	1
GATGAATACCTTATTCACTC	1
GCACATTTGGGATAATGTTG	1
AGCGGGGATAAGTCGAACTC	1
AATAACAACAGCGACGCAAC	1
ACGGGATACAATTGGTTTAT	1
TAGAAGGCAGGAATCATGAC	1
TCAACGATCGATGCACTACT	1
TTCTCTCTTTCGAATTGTTA	1
TTCATACAAACTAGATTATC	1
CATACGCGATCTCGCAGTTC	1
CTACACCTTTCCATAATAGC	1
GGATCGGGGACGCTCCACGT	1
TATTTGTCCCTTCAATGAAT	1
CTCGAGAATTGACTAAACTC	1
TACCCCCGAAAACCACACCC	1
GTTATTGTGCGGACTTACTA	1
GTTCGTCCATGTGCTAATAA	1
CGTTGCGAAAGATCTATCTG	1
GCGTCTGAACCGTTATCTGT	1
TAGCGCGTAAGATGCTTGTG	1
CTAATATACTATGTCCTCTA	1
TCATCCCCCCTTATATTCTC	1
TGTGGGGACGGATAGGGTGT	1
ATAGATTATGTTCCGGAAAG	1
TACTTTCACCGCGATTCCAC	1
CATCAGGAGTCCGACTACCC	1
TAAGTCCATAACAAGTGTTC	1
CCGATGGAATATGAGACCTC	1
CGTTAACCTCTCTCGATGAA	1
CTCGCAACCACCCATGTATC	1
GGCTATATCACCGGTACCAA	1
TAGACTAAAGAGCGCCCACC	1
AATCCTGAAACCTTCCCAAG	1
CATCGTTTCGAGAACCACTC	1
ATTCTACGAGATCAAATACC	1
GTTGTCAAGGACATATTGAC	1
GCGAACAACGCAACTACGCT	1
GACTAACTTCTCAAGAACGT	1
TCTGAAAAACGCTTATACGG	1
CCAGCGTATCCAATGCTACA	1
ACCATGCTTCAAAAACTGTG	1
TTGTCGCAGAAATCGGGGTG	1
AAGCGCGTGACACGACTTGC	1
CGACGCGCGGCCCGCAAATA	1
ACGCCGCACATACTGTCAAT	1
ACGGAATCCACATCTCTACT	1
TGACTCGTATGTATACGTAT	1
TTAATTGGTGGTTTCTCCGT	1
ATGCTGACACACTTCCCCGA	1
TCCCTGACTATATACCCTCC	1
GTATGGTCACACGACTTTCC	1
GGATCCCCCGTAACATTATG	1
GGGCCGAAAATGCTCGTGGT	1
TCCTACCCTCCCCTCAACCG	1
TCACCGAGAATAACGAATTT	1
TATTAGAATCGCCCTCCCCC	1
AACCTGGTTTATACTGAAGC	1
AATGAAAAATAAAACGCTGA	1
CCACAAGCGACCCTTCTGAA	1
GTAATCTCTCCCCAAGCCCA	1
ACTGAGTTTAGGCGCCCCTG	1
AATAGGACAATGTTGTTCGT	1
AAGACCGCGTCTGCTCAACA	1
ACCCTCTGTCCCATTTAACG	1
GCATTTAAGGCAGGGGCTCC	1
TCAGCCCAACCTGTGCCAAA	1
ATTTCTTATTCATAATCCCC	1
CTCATCAACCTCTAGATTCT	1
CCTGACACACAGTGATAAGC	1
GAATTCTATGGTCCAAGCTG	1
AGCAAAATTTCCTCGAGACC	1
AAACCCAACATTCTTAGCAG	1
AACGAGTAGGGGTATTCGGA	1
TCAATTTATTTTACGCATAT	1
ATTCCACTTACGCTAGCAAA	1
AATAGATTATTGAGCACCTA	1
GTAAATATTGAGATAAGCTT	1
TAAAGTACCTTAAATTTGCT	1
TTTTTGACATATCCTTCGTC	1
CCGTAGATGTGCCGAGCACT	1
GAAAAAAGTAGGTGATCTAT	1
CAGACCACGTGGGTAGCAAT	1
AGAGATTGGTGTCCAGTGTC	1
ATTTCCATCTTGAAGGGTAT	1
AAACCGCCTTCCGTCTCTAC	1
AACATTAGCACTACCGTTCC	1
TTTAAGCCACAAGTACCTTC	1
CGACCTACACAAGGTAGGTA	1
TCATTTCCACATTGCGCTCT	1
AAGGACTATGTAGATGAATA	1
TACAGCATACATCCACCCAT	1
ATGTGCTATGCTCTTCAATG	1
GATGACATCGGTTTGTGGTT	1
AAAAACACAGGAGATCCAAG	1
CTATACGAGACCAGGGCAAG	1
CACCCGACAAAGCCTTGAGC	1
CTCGCTGCGGCCCTGCGCCC	1
CAGCCTACCTCGACCCTGAT	1
AGTCTAAGCCTACGGAGATT	1
GCTTATCATCGGCGTGATTG	1
CCGCGTGTTTTGACTCTGCA	1
AAAAAAGATGACCACGTGTC	1
CTGTGCCGTATTCACATAAA	1
GTGGAAAACTCCCGTCACCA	1
ATGCTTAAGGTTTCTAGATA	1
AATAAACAGCTGCTACCGTT	1
TAGCTAACGCGCTCACAACA	1
ACAGTGGCCCGGAACCCCAT	1
ATCGCAATTTATAACGTCGA	1
TAGTATAGACAACGCTTACA	1
ACTGGTAACCCAGGCTCATA	1
GCACCGATCTAATATATGTC	1
TAACATGGGACAAAATTTAA	1
GGTGGCCGTGTGAATATGTA	1
ACTTATTTTAGCTGAACCGT	1
GCACTTGTCAAAAATCGGTC	1
AACGTGAGCCCTATAAAATT	1
CATCATAAAACCAGCTGCCA	1
CCACACCGCCACCTCAACGC	1
AACTGCACGACCCTGATTGG	1
AAGAAAAATAACATAACTAA	1
AGCAGTAAAATCAAAATGGT	1
ATTTTAGATGTATGAGATCT	1
ATCAACCCGTTTATATGTAT	1
ATACACCACGCAAATGCACT	1
GCTTTAAGGCAATCGCCAAA	1
CGTGTTGAATGAGTCGACGC	1
AGGATCACGTACACTGGTGA	1
TGCGATAGCGAGGAGACGTG	1
CTGCGACCTCGAGCCATAGG	1
TACACGCACCGAACATCAAG	1
CCCGTCCTCGCTCCCCCCCC	1
CCATTTGAGAAGCACATATG	1
TTCCGAGATGGATCATGCCC	1
CTCAAAGAGATCCCATCCCT	1
TATCTTAAAAGAGTACATAC	1
GCTGGCTACAGTAAATCGTG	1
CCGGGGAAAATGCTGAAATA	1
CATAGGTCGCCCTCCGCGTA	1
ATACGGGACGTGCCTTCCCA	1
CAACAGCCCAGTATGCCCGC	1
AGTGCATACGGACATGTGAA	1
TCAATCCCCCCATACGCATC	1
TGCTTCATTACACCCCTACC	1
CGGAAAATATGCTGGCGGAA	1
CCGTCGAATACTCCGTTCTA	1
TCTTTCCCCATGGAGACCTC	1
AATTTAACGGAACCACCATA	1
CAACTTACTCTCACCCGTAC	1
AGTTAGCAATCAACACAATC	1
TCTCGAAATCAATCGAGCTC	1
AAACAGGGGCGTGCGCACCA	1
CAAGTATGAAACACATAAAC	1
CCTCTCTCAGCCTCCCAACG	1
ACATGACATGGAGCCTTACG	1
ATCCGAGTCAATGCAATTGT	1
TAAACAATACAGGTCCCACA	1
TCACAACGTGCCTTCCCTAC	1
ATAAAAAATGTTATTACCAA	1
TGACAGGGGCCCCCTTACAA	1
TCCACTCCAGTTTGAACTCG	1
TGAGAAACAACAGTATTGAT	1
CTAGAAAACGAAGCCATTGA	1
TGGATAACAAGATTACGGTA	1
TAACCCACTATCCTCTCCCG	1
CTTCTAGTTACTGACCCTAC	1
CGAAATTAAACACGAGAGGA	1
TCTCCACAGACTGTGACCCA	1
GTACCTTGCCACCTAATCCC	1
CGAATCATACTACACCCGAT	1
AGAGAATGCACCTGGAAAAA	1
GAGGTATGACAATGTTGCGA	1
TCGCTCTTGTACCCGTAGAG	1
CATATTTTCACGTCCACAGC	1
TACGTTAACCATCTCGACTT	1
AATTCCGATGCGACCTCCAA	1
TATTCGCCTGCCAACCCAGC	1
ATCCCTCCACCGCACGAACC	1
AGCTGTCCTGGTAGCTTATG	1
ACGAGGGGTACGCAACATCC	1
CTACTTTGACCCGTCCCAAC	1
AAGGTCATAAAGAGTATGCC	1
CCCGGCATTCGTCACCGTCC	1
ATGCCATTAACCCCCTTACT	1
CACACGCTACTTCCAAAAAA	1
ATTGTGAATAGTTTTCTACA	1
TGCGTGTGCCGTTAAATAGG	1
CCTGGCGTTCTTCAATGCAG	1
CATATGGCACTCTCCGTCCA	1
CACATGAAAAGGCACGTACC	1
ACTACCTCGAACTCTTGGAA	1
ACTCCCTCCCCGGCGTACTT	1
AAACACCACCTCTCGCATTC	1
TCTTAGTGTAATTTAACTTG	1
GGTTAATAAGCCTCCCATTG	1
GGTTACATACATCTTCATGA	1
TCACATTAAAAGCAGTGAAT	1
GTGCGATGTGGACTGTTTGG	1
CCGTTCAATAATTACCTTAT	1
TATACATGCAAGATTAATGT	1
TCGTCCACCGTTGCTCTACT	1
CCATAATGGGTCCATTTAAT	1
AAAATGGCGAACCACCTGAC	1
TGTACTAAGGTATTAACGCA	1
CACCGAACGACATGGACCAC	1
ACAGCTTATTAGGCAGTAAG	1
ACAAATAAACACGTGTTCCA	1
AGGATCCATCAATGACATTC	1
GTAAACTACGAAACAAACAA	1
ACATCAACTCACACCCGCTC	1
ATACCCCACAAGTATTACCA	1
GTTTAAAAACATTACAAAGT	1
ACTAAAACAGTATTATAACC	1
CTATTGCTCATGCTCTAATT	1
AAGAGTGTTATTGAGTAATG	1
TTGACCCAATACTCACCCAA	1
AAATAACACACATTACCCCA	1
GATTTTCAACTGCCCATACT	1
GGAACTGTTGCACGAAACAC	1
CCGAATAAAACACCGGACTA	1
TAGCGCTTGTACCAAAAAAC	1
AGCTACCACCGTAGAGTGTG	1
TGACTTGGTTTCCTTCTTTG	1
ACAAACGCTTTACGGCCGCC	1
GGTTGCACTTTTTACCTGAG	1
AGAACTCCAAGAGGCTGAAG	1
ACACCCCTAACCGTCCAAAT	1
TAGACGGCATATCCTTGGCA	1
GCACTCTGCACCGTTAACCT	1
AAACAGCACCTTACCCATTT	1
GAATTTGTGGATAACAGCTG	1
TCGAATAAAACGTACATCGT	1
ACAATCAAGCTATAAACCCA	1
ACTATGCCCTCATACCCCCT	1
TCGTGGCTATTAGTCGTCCG	1
ATAAGGTCACAGGAAAACAT	1
ACGTAAACTACAATCTCCCA	1
ATGGTGGCGAAGATTGCGCT	1
AGGCCAAATACATTTTCCGA	1
TTTATATTAGACGAGATCCT	1
GACTGCGATGGCAATCAAGA	1
AAGTCCCACCAAACCCAATG	1
ATCTTGGCTGACCACGGCAA	1
TGCTTTCTATTCACTTTCGT	1
TAGATCCAAGCATCTAAGTC	1
TATACGCAGTCAGCACCAGG	1
GCATTAAAAAGTTCGGCGCC	1
GATACAAGGTGGACCGCTGC	1
TGACCCCTTCCTGCTCCCCA	1
AACCAAATATAATTGGTTCT	1
TTGGGGATCCTGGGGTTTAC	1
AGCTCAATTAAGTATTAGGT	1
CAAGAACTCCCGCCCCGAAT	1
TCAAGCAGTAACACGTTTAA	1
TTTTCGATTACATCGGCAAA	1
AAGACTTACCCTGAACCCTG	1
CAGGACAGTGCTATTATAAC	1
ATTTAACATGCCTGCCCACC	1
TACTTGTTTGTAACGCACAA	1
GCGAAAATTTAAAGCGCCAG	1
GCTACTACGAAATGGCGAAT	1
TGAATATTTCGGGAAAAAGC	1
CTAAGAGTATATCAGCTGCC	1
CCATACAATTTCTAACGCAA	1
ACTGTCACATGAGAATACAC	1
GGTTATAATAAAAATTCGTC	1
GAATTTACACTAACGCAGCG	1
GGTCATGTCAAATCGCTATT	1
ATTGTATTGCGTTGCCAACC	1
GGCCGCCTAGCTTTTACTCT	1
TGGGGTGGTCCATATAGCCA	1
TAATAAGAAAGCCAAGGAAT	1
TTAAGGCAGACCGCGCGCAA	1
AGAAGCGTTTGTCACCTCCC	1
AGCATAGGGACTGAATAATC	1
TCAAACGTATTGTTCCTCTT	1
CTGCTACGAACATAACATGC	1
TACTCCCCTCTGCAGGATAC	1
AGCACGCCGTACATTGTCCT	1
GAAACACCCACTTTCCCTCC	1
CGCTTACGAGACGTGTAAGA	1
GGTACACGAAAGAATTATAC	1
GATCGTTGCGAAGTATACTC	1
TAGAAGCGAAGTTGAAAGAA	1
GAGAATCCCTTGACCCCTTC	1
AGATAAACTGAGATGAAATT	1
TGGCGATTGGACCCCATTAT	1
ATGTAACTCAGTGGCCCATG	1
TTGCGAATACTGAAAACTAC	1
AGAAATCGCAAACACAACAC	1
CATGTTAATAAGATCAAATT	1
AACAAAATAGGGCTGCCCAA	1
CATCTGATACATACGCTTCG	1
AGTAGCAAAATGAGCTGGGC	1
TGTGTATATATATATCCAGA	1
TTTTAAAATGCCACTATCTG	1
TCCCACGGCACCTTCCCCAC	1
GCCCAGCACCATCAATGCCC	1
GAGGTGATAGCAGGCAAAAG	1
TCGCCCTGTAATCCTATATT	1
AGGGGAACCACATTTGCTAG	1
CATTAGATCATTGCAGCATG	1
TGAAAGAGAATGCAACTTAA	1
CTACTAATGCCCCAGTGCTT	1
AGCAGCTAGCAATAAGCACC	1
CTTGAAATATGCCATGAAAT	1
TGATCTTTCAATATGCAACC	1
CCGAAAACCTCACGGACAGT	1
TGCCTAAACAACATAATCAG	1
AACCTGATTGATCCTACGCA	1
ATCCACATACTAGGTAATGT	1
ATTTCTAGGAGGTCGACTAA	1
TATCCACGAGTACACAACAG	1
GGCCCAGGGTCCACGCGCGC	1
TATCAACTACCACTCACCTG	1
GGATGTTGCAAGTTTGGTGT	1
AACGAACTACCAGATGCGTT	1
ATACGGTTAAGTTTTTGAGT	1
CGCAGATTTATAAACGTTGT	1
AATACTCGCACCACGCAAAC	1
CCCTACTCAATCCCGCAGTC	1
GCAGCACTCTCATTGAAAAC	1
TTGCATCGACCGCTAACTAA	1
CCAACGAAAATCACTTTAAC	1
AGGCCGCCGATGCACGGATT	1
GATAAAGCATAGTGGTCGCA	1
TTCCCTTCTAAAGTTTAGAC	1
ACCTACTAGGTAATTAAGCC	1
TAATAGCGTGAGGTCATTCA	1
TGTGGGAGGAGCTGCTGGCG	1
AGTATCGATGCAATGGAAAA	1
ATAGCACCGCTTATGTGTGT	1
TTTTGACCTTAAACCTCAGC	1
AGCACCTCTGAATGTAGGAA	1
CCTCACTTGCCTGCGCTACA	1
TAAGCAACAATAGTTGCCGA	1
ATTCATTGTTTATTAAGCAT	1
AAAGTCACACGTCTTAACCC	1
ACACTTTAACTACCACCCGG	1
TGATAAGTCCGAACCCTGCG	1
AAAGAATTAAGAAAAGGACC	1
CCAGCACCACCAGCTACAAA	1
TAGAATTACAAATCATTTTT	1
TAGAAACATCATGGAATAAC	1
TGGAAAACAAGAGGCTGTGA	1
TCATACAATACCAAGTCATT	1
AGAGAGTACCACGCACTGAC	1
AACATCGTCGCAACAAACCT	1
TGCAATAACTGTAATAATAC	1
GAAAATAACAGGTCAACGTT	1
CCCATCCATCCTTGCGCCCC	1
GGGGGCGATGTAAAATATGA	1
GCATGATAGCTTTTCACATC	1
TCACTGACCAATGATAAAGA	1
ACTGCTGACCCTATTCCCGC	1
ACTGAGTAGCTAAAGATCAA	1
TGCATTAAGCTATCGGCAAT	1
ACCAGACGTTGCCCAACTCC	1
ATCTTTTCATTTTTTCCACC	1
TGCTAGCTAGAACAAGTATC	1
ATCCGAACTCCCATAGCGAT	1
TGCATCGGCAATGGTCGCGT	1
TAAAGTCGCCACCCATACTA	1
GTATAGCAATCTTGCTTCGA	1
AATCAATCGCGCCTTAATAG	1
ACCCATGTCCCACCCAGTCA	1
AACACCAATATTTGTTTGTC	1
ACAAAAGCAACATTTAGGTA	1
GCGCAACAGCGACATTACTG	1
TTCGGTAATGCGATAGCATG	1
GATGGATTAATGTACCCCTG	1
AAATACGAGGGGCCAAGTGT	1
GCATGACTGCTAAATGCAAT	1
GCAATCTGAGGCCTTGTCAC	1
AACGCCGTGTGGACCCTTGC	1
TTCCACTACACGAACTCAAC	1
TCGTTTTGCCTTTGTATTGC	1
AGCCACAAGGATAAAAACAG	1
GTAAAACATGGAAGGGCAAC	1
AGTAAGGCTAAAAGGTTAGA	1
TGGGCGCATCCATTTACTAA	1
GGTAGGCGGATCCATGAAAT	1
ACCCCCACCGAATCCACGAC	1
AGTATACACGTATCGCGAGA	1
TTACACTTACTTTCGCCTAT	1
TCGCGAGAAATCTTAGAATT	1
ATATCCTGCTTATAAACAGT	1
GAACGTGACAACCTTATCTT	1
CGGGTTCATTACATGGTACC	1
GACCACCAGCACCAGATACC	1
GGAGTAAAGATGTGCCACCA	1
ACTCTACAACACCAAGGTTA	1
AGTAACCCTTCCATAGAAAC	1
TCCTAATCCGAAATCCTTTT	1
GTAAAAGTCCTAAAATAAAC	1
ACAAAATAAAAAAAGTAAGA	1
CCTACGCGTGACAAAGCCGT	1
AGACGTTAATTCAAGCTACG	1
CCCGCAGCCGAGGTTACTAT	1
TCAGATAAATTCCCTCCCCC	1
GTAGAGGCAGACAATAAGCT	1
CAACCCAAATTAACCAACCC	1
ATAATACCTCCACTGTACGG	1
AAAACTATATTCCCTCGTGT	1
AACGGTTCGACCCATAATGA	1
TTACGGCCAGCACTGTATCC	1
ATGCGCTTCCCGCCCTGGTA	1
CTCTATATTGGCTTTGATGT	1
TTACACCAAGCCCACCCCCC	1
TAGCACAGTTTGGTTACAAC	1
TTAACCCGGTCCCTTACGGT	1
GTGCCATTATGCACCCGGCA	1
CACGAACCGGTGCAAGCATG	1
ATTCCTCCGCATAGGGGCGG	1
CCCTGCCTCCCAGCAGCCGC	1
TGTTGAGCCATTATGAAAAA	1
ACTTCGAGTGCCTAAACGTA	1
CTTGCAAATGTCACTAATCC	1
CATGCTACCAGTTATAACAG	1
AACTATGCACCTTCAACCCC	1
GTCTAGTACACACGTACGAT	1
TGAAAGGATAAAGCGAAGCG	1
GGACATCACGTGCTCTGAGG	1
AAACGCTTACAGCTATAACA	1
TCGGGATAAGTTGTCAACAG	1
AAACCATACCCCCCCCCCCT	1
AGGTAGGGACTCATATCTAA	1
AAGTGTGGCGCTCTAAAAAA	1
TCGTACACGTCCTCCGGCAA	1
CGACCCCTCCAATCACCGGC	1
ATTCTCTGTAAATCGAACAT	1
CCATGCTTTTACGATTCGCA	1
ATTGACCCCCCCTCCCGCCT	1
TCGTGCTGTGCCCCTGATAT	1
ATTTGAGATGACTACACGCC	1
CAGAGAAAGTTCAAATCAAC	1
GCGATTTCGCCGCAGCACAC	1
AGTTGACTAAGCGCCCCTTA	1
GATTAGCGAACCGGATGTTG	1
GTGCACTTGTGGAAACCCTT	1
ATCGATAATAATCGAAGGCA	1
CTGCAGTATGGCGCTTTTCT	1
TATTGCATAAATGCACGTTG	1
AGCAATTGATAGCGATCAGT	1
TCGGCACCTTCACGGTACCG	1
TATCCATAACCACTCAAACC	1
ATCACAGCATTCCGCTAACC	1
TTAAATCTAACGTCCGCTAG	1
TCCTTTGAATTCTCGATCCC	1
TACCATTCCGAACCAAGGTC	1
TCCGTAGGACATAAATGCAG	1
CACTTATCGACACCCCTGAA	1
AGATAGTAAAGAACCTGAGA	1
TAAGTAACCAAGGAGAGACG	1
AATAGAGGAAGAAAGAATAA	1
TGATGCATGATAAAACGAAG	1
ATGCCGCCGGGTAATCCATT	1
CGATTGACAATGACCCACAC	1
TGTGACCGGGGGCGGATGCG	1
TCAACCTGAACCCGATATCC	1
GGAACAGAACACACGAAGGC	1
ACATCAACCCCCAACCCCAC	1
AATTTTAGGAGCGGAAGTAA	1
TTGGAAGATCAAGCATCGCA	1
GCGCATTTGCCCTTATTGTT	1
AACTTCTGCTTTTCCCCCTT	1
ACAGGCTGAATGGATATTGG	1
ATTTAATCCACGTGCGTAAT	1
CACGCATTCCACGCGACAAC	1
GAACAACATACCAATATGCG	1
TACCTCAGTTATCATCAGCA	1
GGTATAATCTGCAAAAACCA	1
AGGAGGATATGAAATGAAAA	1
TGGAGACACTTTCCCATACG	1
CAGTCAAACAATAGCTCTCA	1
CCTCGGCACTCTGTTTCGTA	1
GTACAACCTGGGCGGCGTGC	1
CTCTTCAAGCCGCGAGTTAT	1
AATACAAATGCCCACGAAAT	1
GAACCACCGTGAACTGTAAC	1
AATGACAATGCGAACTTAAA	1
CTACCACCCAAGCGATCCCC	1
AATGAACCTACTAGTTGCGT	1
TAATCTTATAACGGAGAGTA	1
ACCCCCCACATAGGGTGCCA	1
ATGGTTTCGCTAGTACTCAG	1
CACCACCACATGCGACATGC	1
TACCATGCTATATGGAAAAA	1
GTTACTATCACACTATCCTC	1
CATATCTGACCCATCCCCCC	1
GAGTTGATAACTATATTTAT	1
AGTATCCCTGAACTACACGT	1
ATGCTACACGACACCACACT	1
CCTCCCTCCCCATCCTCCAC	1
CCACATGAGAGGAAAAAAAC	1
ACGCAAACACTGGTTGACCC	1
AGTCTTACTATAACTTAAGA	1
TGATACAGCGAATACTATAT	1
TATCATGTGTAGTCTTCGTA	1
CAATCCACATCATTGCAAAC	1
ACTGATTTCTGTATGGGCTG	1
ACGCTCTGGATCCATTGGTA	1
ACAACTTGCACTTAACATTA	1
AACTCGAATAGCTACCCAGA	1
TCGATTGAAGCAACCTTGTG	1
GCGCAATCCTAGCTTTGTTA	1
TAAAATAAAATACCATTGTT	1
GTGTCACCGACGTTCCCCTT	1
CACAGTTCTCTTGTAAATGA	1
ATGTTAAGTTTTCCCATCCA	1
GATAGCCGATACCAAATGAT	1
AGCTCACAAAAAGACCTACT	1
ACTACATGACTAAATTCCGT	1
CCCAGCGCACCCTAACTATC	1
AAATTAAGGGCATTGACCGA	1
GATGAATGGCTTAACCGCCA	1
CTCACACCAATGCGCTAGCT	1
ATTAAACACCCATAGTAATC	1
ATGGTTTTGCTAAATGCATT	1
ACCTGGCCCTAAGATAACCT	1
AACAAAAGGTGCCACCACCC	1
AAAGAACTCGAATAACTACA	1
ATTAGTTACCAGCTAGATCC	1
GATGAAGAGAAACTGAGCTA	1
TTCTTCAGTAAACATATTAA	1
CGCTACTACCTCCCAACTAC	1
CTGCAAGGCAGTCAAAGGAG	1
CTTCTCATGAAGTCCAAACT	1
AGACTCTATCGTGAGTTTCT	1
ATCGCTCCACATGTCGCCTC	1
TTACTGTTTCGAATTGGTCC	1
CCTGGATTTCCACTATTGAA	1
GCAGCAATTGATGCAATGTC	1
AACCTGTTATGTCCCGGACA	1
ACCGAAAATAAACGGCCGAC	1
CTTCCTAGGCACCAACTGAA	1
GTAGTATCACGAGCGCATAG	1
TACAAGTCGTATCAACCCAA	1
ATCGCTCATCTGCCTCACCA	1
AGCTTAATCTCTTTGTTCCT	1
TTACCCATGAAGACTAAACT	1
GAAGAAATTGTATTGAGTTG	1
TTTTTGTAGTATCCCATACA	1
TTCTCTAGATGCGAGTGTAT	1
TCATACCATTACTCTCAACG	1
ATAAGAGCTAATAGCGCTCG	1
ATTCAAGCACGCCAATGCAG	1
TCTACTTACCACCGTGATCA	1
TTCCCCAACATAACCTACTC	1
GTTTATGCACCACTTCATCA	1
TACGACAGAGAAACACGAAC	1
TCAGAAGAATGAACGGTACA	1
AGTAAAGTTATAGACATGCA	1
CATAACGACAAGTAGAACCC	1
GTAAGGGGATGTACCAATCG	1
GCACGCATGCTCATGTCCAC	1
ACCTACCAAAATCACATCGG	1
AAGTGAGGAAAAAACAATAC	1
CATCAATAAGCAAGCTTTCC	1
CTACAGAACGAATAACTCCA	1
GTGTTAACACATGCAGGAGG	1
TATCCCACACGAAATATGAA	1
TCACTCCCCGAGTCAGCCGG	1
TGTTCAGATTGTTTTTTCCA	1
GTAGGGTATACATAGCTCTA	1
AAAGCACGTGTTTTGATGAG	1
TCCCGCAGCACCAACCGAGT	1
GGTTACTAGAAGCACCACAC	1
ATAGTTCACTTCTGGATACG	1
GAGACCTCTGGTGCCATAGG	1
TGGGGTTAACCCGCGTTTGC	1
GTCACTAGGCGGGAAGCGGA	1
GCTGTATTCTAATAAGTTAC	1
GAAGAAGCGTAAGCACACAC	1
CAAGTACCGACGTAGATACG	1
ACTACATATAAACTTGAATA	1
AAAACTAAGCGACGAGGGCT	1
GCGGTCATGATGTAAGGAAT	1
GTGGATTAATATCCCCTTAC	1
ACTCGCCGTTTTATTACGAC	1
TCTATTCCAGTACTATAAGC	1
GATTAAGACACAAACTCATC	1
AATCTCCTCTTCCGGACGAC	1
ACCGAAATTAACTTTAACAA	1
ACACATGCGTTATAGTTTGC	1
GAACACTTACGCAATGGAGC	1
GTAACGGACAAAAACTCACC	1
TGAGCATTCCCCACCTATCC	1
GCTTAATAAATCGCCGCAAC	1
CGCATTAGGCTTTCTCACCA	1
AGATAACGCCTAATAGTGTA	1
ACCTAACACCTGAGCAGTGG	1
AAACTACCCGTGGGAAGCGT	1
TTAATCTCTCCCCTCTGTTC	1
AACGCTATCCGAACAGCTCC	1
CGGAGGAAAAACGTGTAAAA	1
TCCAAACAGCTGATTATGGT	1
GGTTACTTCTCAATGAAACC	1
AAGATATCGCAGGCTATAGC	1
GTTATCCCCACCGGGTTCAT	1
GGACATAAGCAAATCATCGG	1
TATAAAGATATAACTCCCTT	1
CAACCCCCCCGATCATTGGC	1
AGAAGAATCTTGGTCGACAG	1
CGTAAATATAAGGCAACCAG	1
TTAATAGTACCACCGTTGCA	1
CTTATTCTGCCTGCCCTAAT	1
TCGAACAACTTCTCCTCCCG	1
GTCTGCACGCTATAATGTGA	1
CCAGGTACACTGTACCCCAC	1
TTAAGACATATTCATCTGCA	1
TTCCTGTACGCAGAGGATAT	1
ACTCAGCGGCGGCAGCATTA	1
CACAAATTCCAGCAACTTCA	1
ATTGTATACCGTCCCATGAA	1
TTGAAAAACCTGAGAAACAG	1
ATGCCACCCCGACTCTAAAA	1
GGACAGCTAAGAGCTGTCCA	1
ACATAAGCTTTACCTTGTAT	1
GCGAAACATGTTGGATAGCG	1
CCAACGCACTTACCCGCCTA	1
ACTGTTCGCGAGTTCTTCAC	1
ATGAAGTGGGAGAAATTGAT	1
AAGCCCCGATGGAACTCTAT	1
CTTAAGCCTTTGGCGAGGAC	1
CAAAATATCTGTAAGTACAT	1
TATGACGTAAACCTATCAAG	1
TGAATACAGGTACTTTAGAA	1
AAGGACATAATTGCACTGAT	1
AGTCACATGAATAATACAGC	1
CCCTAGATCTGAATCTGTAT	1
GGAATTTATAAGTCGCAGAA	1
TGACCCTTCCCTCCCACGCA	1
ACCTACGACGTGTTTAGTGA	1
CGCGAATCGGGCATGTCTTC	1
ACATGAGGGAGAGGAAATGT	1
TAGAATTAATGAGCACTTCT	1
CCACTACTTTTCGTGCTTAA	1
TTATACAACAACCAAACACC	1
TGCACCTGGTCCCACCGGTT	1
CGCCACTTAGCGCCGTCCAC	1
TGAACTTATACCTGACTTGG	1
TAATGATGGCACAAGAGCCC	1
AAAACAAATAAACCTATAAA	1
CAAAGATAAATAGCTACAGT	1
TGCAAGCACCGCTATGTATT	1
CCCCAGATACCCCCGACAAC	1
TTACGACATCTTATTGCCAC	1
TCATAAAAGCGTTTGGACTG	1
GAAAGGCACAGTCTGATTCC	1
GATAAGTCATATGGTAATTG	1
GTACCCCAGCTCCTCCCACT	1
ACAACTCGGGCGATCGCAAA	1
GTAACATCGGCATTTTCAGC	1
AGTTATCCGTCAACCGTAGG	1
CGACTTAGTCGATGCACCGG	1
AGTGACTGCTACTGCGAACG	1
GGACGACACACCCCCTTGCA	1
TACATACAAAGGTTTCAAAC	1
CACTACGCTAACAATACTCC	1
TGAAGAAGGGCCCCTCACCC	1
CAATGCCCCGTAGTTCTTGT	1
AATGGTTGTGTGGTTCGCGA	1
CACATTCCCCCCACGATGCT	1
ATACACAGGCCCCGCCACAC	1
TGGTGAATGAGTACAGTCTA	1
AGACAGTGTCCTCTAATGGA	1
ACCTATATTAATGGTCAAGT	1
GACTGTAGTCGCTTTGCACT	1
TCGAGGACGACGTACCTCGT	1
GTGACTTCGGATGCGTGGCT	1
AACAGGGCGGCTATTACACC	1
GTGCAGACCGGACCGACCTT	1
GTTATAGCCACTCAGTGCAC	1
ATTTATGAACCCTTAAATTT	1
TGTTTCCCGTTAAAAAATGA	1
ACCCCTAAGGTCACCGTTCG	1
TTCGACCTGAGGTACGCGTC	1
GAGGGCACAACGACAAAATT	1
TTGGTATGATTAGCTATTTA	1
ACTCTCCCTGTCGGATGAAT	1
AAACGAATACTTGTTCTATC	1
TACCTTACTCCCACCCACCT	1
TCGCGAGCCAGGTTGAGCGT	1
TTGGGATAAGCACAGCAGGA	1
GTCCCATAAGTGCTGAATTT	1
TAACTAAAATTGACGTACAT	1
GCAATACGAGGTGCTCGAGC	1
ATCCTTTATTTATATGTTAA	1
ATGGGAAGGTGAATAAAACT	1
GTCATAGCAACAGAGCCTAC	1
TATACCCTTAAGCATCCTGT	1
TGGGTCCGCGCCCACGCAAA	1
CTTCTCCGAAAACTTAGAAG	1
AATCCCACCCATAAGATAGA	1
GGAAGGTCTATCACAGTGGG	1
TCAACGTTCATCCTGTAAGC	1
TACGGCATACCGTTATTTAT	1
ACGTAACCTGTAACATTATC	1
TTGCAGGGTCCCCCTACCGC	1
AGAGCTGGTACCACGCCTAC	1
AAGATATTCAAGCATCACAA	1
TGACCCGGTACAAGTTCAAC	1
TATTCGCTTAAACCCAGTCT	1
TAACTTTCGCTACCTACGGC	1
CACGGTAGGTGCATAAAGTA	1
GGTTAGCTATACCACGAACC	1
TTCACCGTGGCGACCAGGTT	1
TATGTATTTGTATGTTTACG	1
GTGTAGATAGCCATGCCACT	1
AGACTGATCACACCGCCAAC	1
GACACGATCCGGATCACATC	1
CTTCCAATATTCTGCCCTAG	1
CACATACAATATCAAGACTT	1
GCTAGCTACAACCTCACTCT	1
GATCGATTGGACCCAATTTT	1
ATGTTTAAGTAGACACCGCC	1
ATAGACCATGAAAATTAATC	1
TAAGGAACCCGAAGCTATTG	1
TTACTCCAACATTGATAACT	1
AACTTAATCATAATCAAATC	1
ACTCCCCAAAGAACTACTGG	1
CGAACTTATATGCATTGTAG	1
AAAAGAACAAAATACCCTAA	1
GCGATCCCGCCACGACACCT	1
CTTTCGAACACCAATTCCTT	1
GGACACACCCCATCCAATGC	1
TGACACATGTATAGCATAGT	1
GCCATACTTGGATGAAACTA	1
ACAAATTCGGTATGAAGGTC	1
TGTCGATATTCAAAACCTGT	1
TGGAGGATACCTAAGTTTTC	1
AAGGCAATGTACTTTCACGA	1
GGGCCTTCAGATTCGAGAAC	1
TTTGGCAGCTCGGAGATTTT	1
AATCACTATTAGAAAAAACC	1
AGAACCATGATATAGCATTG	1
TAAAATGAAATACGCTCTTT	1
AAAAAGTAGAAATCACAGCC	1
ACTAGCGTTCAAGATGCGCA	1
TTAATTTAAACCTCGCAAAA	1
AGCACACATAATGCCCTCAT	1
AACAGCCTAATACCACACTA	1
CCCGCGCTCAACACTGCTGA	1
TATGCTATGTTGAAGATTTT	1
CGAGTTGATTAACTAGCTTA	1
CGCTTAGAATAACCGGCTAC	1
GGTCTGTGCGCTCAACCCTT	1
GTTCACAATCCCCGCCTACG	1
TGTAATACAAACTTTCCTTA	1
CAGGTCTTCGATAAAAGACC	1
CGAATAAGATTAACTAATAA	1
CAGTACCTCTACCCAACACA	1
ACCGACCGCTACGTCTCCCG	1
AAAGTAATTCGCCATTTGAT	1
TAGCACTTGCTAACAAAAAC	1
GGACACAGCCTGTTGAGAAG	1
TTTTGTGACATGCTTAATCG	1
ACATAGCGGTGACGGTGAAC	1
ACAACGGTGGATACAAGACT	1
CGACATCCCGCACCAAACCC	1
GACAACGCGTTTAGGTTCAG	1
AATGGTTTACATATGGGACC	1
ACCGACCTCCGGAGGCTAAC	1
AGATTAATATTAACCATCCA	1
AATGAAAAGCGCAGTTACTG	1
CCCTTCCCTTCAATAGCAAC	1
GGTCTATTAAATCTAGAAAC	1
ACTGCTAAGCGCCCAAAATA	1
TGGACGATGGACTCAACATA	1
ACGACACACCTAGGAGACTA	1
GAGGGCTGCTTTATCAGGTC	1
ATCGTGATCGCGCGAACGGC	1
TTACTGGCCCCCAACGGTGA	1
GAATGCCCCGACTCACCATG	1
TAAACTTAAACCCGGTGCGA	1
AACCAAAAAACTGACAACCA	1
AATAAACGAAAAATAAGACA	1
TGGCCACGGATTATAAAACG	1
GGCACTGTTTGTTTCCATCT	1
GGCGATGTGCCCCAGGCACG	1
CTCTGCTCGTTGGGCTGATC	1
AGGCTGAGTGCATTCCTCGC	1
ATATGGAAGAGTTACGATTA	1
ACCAAACAACACTTCGTTCA	1
TCTAACGTCAATGCTAATAA	1
ATTGATCGCAGAACTGGCAT	1
TAGCGACCAAAACCCTATGT	1
CCCGCCGCGCAATATACCGC	1
CCGGCCGTAAGCACCTTCAA	1
GACTCTAAACGGCAAGTTTA	1
TTGCATCATGACTACCTCAA	1
ATCTCTCCAACGCAGCTGAG	1
ACGAAACTAGCCAGAGCTCC	1
CTTTTTTGGAGCATTATAAC	1
CAAGAGAACTGACATAAAAC	1
ATACTTGAAAACCGTCTAGA	1
GGCGAATGCTAAACTTGGTG	1
CCGTTTAATTAGTCTGAACG	1
TAGCTTTGCGGATACCTTAA	1
AAGGGACATACAAATATACC	1
GCTAGAAGACGAAAGATCTA	1
AGCTCACGAATAACACCACC	1
GGGTCCCAACGTTACATTTA	1
TCACGGTGGAGGCACCCAAA	1
CCGTTATGGAAGGCCTTAGT	1
TGAGAAAACAGTGGATAGCA	1
CAACCCATTACAACACCAAG	1
AATTTATTGCTCATTATTAT	1
TGTCGTTGAATTTTCAGCAT	1
CAAGCTCAACGATTGATACT	1
ATCCGCTAATACTAGGCTGT	1
TATTTGATTGAAACTTCAAG	1
AGGTCACTTGCTTTAAATTG	1
TTTCATCACATCCATCCCAC	1
CCGAACTCACTCGTACAAGT	1
GTAAACTCGTGCACCCGCCT	1
AATAAAGAATTATTACTCGA	1
TATACTTAATTCGATTAGAA	1
TGTAAAGTTAATGTGCAACT	1
CCAAGAAACGCACCCCCTTA	1
ACAGCTGTGCGTACTGAAAC	1
TCCCCCCTATGGAGTTCAAG	1
TGTTGATCTACCCTGTACCC	1
ACTTGAAAACTAGCAACCAG	1
AGCACTCCTTTTACACTGAT	1
GTGTAGTATGGATGTCACAG	1
GGTGTCATGAGTTAATCAAA	1
CCGACTTCAACTACGCTTTG	1
ACCACACATTCGTCTACCAG	1
GTCATGCTCCGCCACGGTAA	1
CGGTCCTACAGGGTCACCCA	1
ACCACATTCCGATGAACTTG	1
CAACTTGTGAGTGGTCGCTC	1
CGAAACGCGACGGGTCGAAG	1
CTACTCCATCCTTTAACACA	1
ATAAGGAAATACCGGTTAGT	1
TGATAGCTAAAAACTAACCA	1
ATTGTTATGCCCCCCGGCCA	1
TGGTAACCCAGTATAAAGTA	1
ATAGATTGTCCTATTGCAAC	1
AAAAAAGTAATAGAATAAAA	1
TAAACTTCTGATCCACTTCT	1
GTGTTAAGTGAAAACAATAG	1
TATTTCGCGCGCATCCAACC	1
TTCGCATATTCAAAGAATGA	1
ACTACCACAATCTAGAGCCA	1
GAAAACATCTCAACAAGTAA	1
TATAGTGATGACCCGACATA	1
CTATTACTAGTTATCCTAAC	1
ACATGGAATTAAGAAGAACA	1
ACTTGCATGTAAACGCGCCC	1
CAATGCGACAACGCATTGCA	1
CCGTTAACTTTATCGCTAGT	1
GTATAGTTGCCGAAATCATA	1
GGTTAGCATACCGCACGACA	1
TGAATGCTAACTAGCGGCCA	1
CAAACTCCTAAGGAATGACA	1
TATTAGTAGCCCGATCCGGC	1
ATATCCGTGATAAGCAGGTG	1
TCATAAGGACACGAAAACGC	1
ACGCACATCCCTTTTTTCTG	1
TGGATAACATATGTGGGACT	1
GGTGCCGAGAGATACGCTCG	1
GGTTGTACAGATCCGACCCG	1
ACGTGATTTGACACTCCCCT	1
TGGTTTCTTAAGTGTAAGTG	1
CCTGACGTGATTACAAAGTG	1
AACCCTATTCCCACTGGTTA	1
ATTCATAAGTCTCATTAATC	1
TCTCCAGCATACCCCTCCCT	1
TGATACATGACATATATAAT	1
AATACGATGCCTTAATAACT	1
CCCCAATTCCGGGCTAAAGC	1
ATAAGATATTGGAGACGAAC	1
GAACCTTAAGCCTGAATTCC	1
ACTAACACTCTTCAAGCAAA	1
TTATTCCCCAGTTGATGTAA	1
GGGATGGTGCGCCTCCAATC	1
TGCGAGCGTACTCGGAGCGC	1
GAAAAGATCACCTCTGAGAC	1
ACGCGCCTGAAAATTTCCCC	1
ACACCATTCCCCACACAGAC	1
ATTAGACGAATACGGGTTCC	1
GCGACGAAAACCATCGTACC	1
TGAACCTTTAAACCTGGCTG	1
ACCCGAAGACCGGATTCAGA	1
AAATGGAGTATAAGTACTCC	1
CTCCATTACGCACGTTGCAC	1
CCAATTAGTTACTGTCCCTT	1
CTGATGCGAACACTACTGAG	1
GAAAAAATCGGGGGATGCAC	1
GTCCGAGCACGAAAATCTTC	1
CCTTTCCGGATAGCTGAGAT	1
GTTCATGACGCTACTCAAGC	1
AAGCTTGGACATTTCTACTT	1
AGACCTGCAGGTATTACAGC	1
ACCCAATGTGTAGAAATTAG	1
GGCCTACATGGAGATGTGGG	1
TAGCCCACCTCCTATGTGGC	1
TAAGAATGGTTACTATCTTA	1
GCAAAATTAAACCGCAAGTA	1
CATGACCGTATGGAGCGCAC	1
TTACTACGGGACCCCCGTCA	1
AACCAACGCGACCAACAGCC	1
ACCCTTGCCACAGAATGTGA	1
TTCCTCAACGCTCCCTCTCC	1
GCGACATCACCTCCACTCAA	1
CTTATGTGGACCTAATAACC	1
CCCCTAGAATGATCCTACAC	1
ACAAAGGGTAAAGTGTATAA	1
TTATAGGGCTAAGCACGACG	1
ATTCAAAAGCTCTTGAGTCA	1
AACAGTGCCCTACGCCACCA	1
TTTCCTTTCTGCTTCATTCA	1
AAAATACTTATGCGCTCAAC	1
AGGCAGCCCCTCGCTCAACT	1
TAAGTCCCTACCCCCCAAAC	1
ATGAATACTCAATGTATTCT	1
CCTTCCCACTCTCACCCAAC	1
CGCTATCTTGCCTGTTTTCG	1
CAGGTGTAACACCACTTTAG	1
TCTTAGGAAAATTACAACGA	1
ATACAAACTGGTGCCGTTAG	1
TACTATAAGCCTAACTATCT	1
CCCTAAATGTCTCTTTTTAC	1
AAGTAACGCGGATTAGAAAC	1
GCCCCGTGAGGTCCACATTT	1
GGATCATTTACGTTTTATAG	1
TCAGCGCTCGACCCCTCACG	1
CAGAGAAAAAGGCCCCGCCC	1
CAAAGTCCAAGAGTATAAGA	1
CGGTCCCTACTACCCACTGC	1
CAGAAAACAAACGAATAGAA	1
GTTTGTTTGAGACACCCGTT	1
GCGTGACCCAGCCGCGTTCA	1
CACTAACCCCCTGCTCGTTC	1
AGCGAGCTCTATGCCAGTCG	1
CCAATACTCCTTGACGCGAG	1
CAAGTAATAACACAGCCGGT	1
AAACCACCCATTGGCCCGAC	1
AATACCGTGTAATAGAGTGA	1
GATGCGGGGCGTAAAGGAAC	1
AATGACAGCAACCGCCCACC	1
ACAGGTTCCGGGACGGCCGG	1
ACGAAGCGAGTTACAACAAC	1
CGTTGGAAGTCACAGGAGCA	1
AACTCTGAAGGCGCCATGTG	1
CCGATCCCCAAACCTATCCG	1
ACCAATGAGATCTGAACACA	1
GACACACCTAGCTAGGTGTA	1
CAACATAATCGCCCTTCACT	1
TAACGGAGAGCCAACGCCTT	1
CAAGTTCTGGCTCCCGCCAG	1
TCTGCATACAGTTGTTGTTC	1
AACATCAACTTGACCCAGTC	1
ATCCGTTCCGGAGTCCTTTA	1
GGAAACAAATTTGCATCATG	1
TTGGAGACTATTTTGCGCCC	1
CCACCAGCGCGATCGTAGAA	1
ACCTACGCCTTGCAGACTGT	1
CTAATTATTAGTGGAATCGT	1
AAGACCTACGAGCAAGGTAA	1
AGAGAGTACCGTGATAACAT	1
AGTAATAGTTGCCAAGTAGC	1
CGAACCTTTCCAGAGAGCAT	1
AACTAAACCTCCCTTTCGCT	1
TATGATCAAGAATAGTTCCT	1
CTAGATTACAATTTGCACGG	1
GAACATTATTGACTATACTT	1
AAAACAACCCCATAGTTTAC	1
GCCACCGCCCCCCTCTCCTC	1
GTCCACATTAATCGCATATG	1
TCCACAAAGAAGACCTTACG	1
GACATGAACATGATAACACA	1
GGTGAATAGTTGCTGTCTGA	1
TAACGTCTAAGGTTCCCTAG	1
GACATACCGCCACCGAGGCG	1
AATATCTCTAAGTAAAAACC	1
AGCGGAATGTACAATTACGC	1
TTCACTCGTTCTCCCGGGTC	1
AAGTCTCACCCGACAAACGC	1
GCAACAATCACCATGTGCAG	1
CACATGTCCGAGCCCATAGA	1
ACCTTACAACCATTCCTCTC	1
TTGCGCAGACGGGAACCTGA	1
GTGCACACCTACAAATGCCA	1
TCAGTACTAAGTCTGCCGTC	1
TGTACTACAGACCTTATGAA	1
CCCACATGAGTTGTTGCTTC	1
TGGTGATCACCAGAACTTGC	1
CCACAAACAGAGCAGTGACT	1
ACAAAAGACAAATTTATCTG	1
AGGTAGCAGACGCTGTGCAT	1
CAAAGCCAAGTAATTTGCGA	1
AAAGACACTCATAACAGTCT	1
TACGGGAAGTAAAGAGACGG	1
ACGAAGAAATAAGATACACA	1
AAGAATTGTTGTACCTCAAT	1
AAAAATTAAGATTACAATAG	1
CTCATACACTCCTGGAACCG	1
TAAAACGGGTCGCACACGCG	1
TAGAGGCCGCATACACAAAT	1
TTTGCGGAAAGAAAGTTAGA	1
ATATTTCGCTCTGTATAAAG	1
AGATCAACGCTCAACGCGCT	1
AAGATCATCCCAACGACACC	1
GGCGCCCCCAATTTCGTCGG	1
ACAATCCATTCGTCCCACCT	1
CGATCCGCTTTACCTTCCCA	1
GGTTGAGGAAGGGATGGAAA	1
TCAGGATGTTGAAACGTAAC	1
ACATCTCGCCTCCCAAAACC	1
TTGTGAAACCTACCCTCTTA	1
TCACCCTCGTAAAACTATAC	1
AACCACTCTTTCAGCTCCTA	1
CCCCACCTTGACCGATCACT	1
AAACTACTTCTACATCAAAA	1
CCGTGTTACACCACCCATAT	1
TTCCGACTCAGAATAAATGT	1
CACACGCGCATCTAGTGACG	1
CCCCCTACTGCTCGACGAGA	1
CCCCCCGAAAGAATGCAATT	1
TCCTCGACCTGCACATTGTT	1
AATCATATAGTGGAAAGAAT	1
AGGGGCTCGGGTTATGACTT	1
GTGCTGGTAATTTCGTTTTT	1
AGCCCGCTGTACGCACTTGC	1
AAGTTAGTGTAAAGGCCATT	1
GCACACCGCGGCCGTCATAC	1
AGAGCTGTTGGTCAGCACAA	1
GTGGGTTTAGGGCATGGTGA	1
TCGCTAAAAATTAAACTGAA	1
TGTAGGATGCGGAAGTAGCA	1
CTTGCACGCTCCTGTTACCA	1
GCTGAGCCCCTTTTTTGTAG	1
GGGCCACCTTGTTTCTAAAC	1
AATGCTGAAAACAATTGTGA	1
GGCTGAATGCTAACGATATG	1
GAATGATGATGGGGAAATAC	1
TGAAGTAACGTCGCCGCCTG	1
AAAGTAACTTCGTTCCCGAT	1
AATGGATAGTGAATTGGATA	1
CATCTACTGACTTGATAATG	1
ATGTTACACGTCGCGGATGG	1
ATTTAGTGACGCTCTTTCAA	1
TTGATCCTGCACATCCTCCC	1
GTTTTAACCCGTGTGGCCCC	1
CACAATGAACTACCGCATTT	1
TCCTGTTGTAGTGATTAAGA	1
ACCTTCTTGACTGCTGCACC	1
CGAATTATCAGGATGCCTAT	1
ACCCTCCTTTAGCACCCTGT	1
CCGTGAAAAGATACCGACGA	1
GATGTTACTGTCACTAAGAC	1
GCATGATAAGCAGCTTACAC	1
GTTAGATGTCCTTTAACCCA	1
TCTCCCAGGTCCCGTGACAC	1
TTTCATTAGGAGCTTAAAGC	1
TTACGAAATCTTACACGAAA	1
TGTATTGGCTACGGGAGGAG	1
ATGTTAGAAGACGGGGTAGA	1
TAGATGTTTGATAAAAAAGA	1
GAAAACGAGGAGAAAAAAAA	1
AGGACAAATAAGAACAAAAA	1
GGCCCCTGGACGAACTTGTT	1
ACTTTTTAGCAAATTCAAAC	1
ACCGAGCACGCGGGCCTCGC	1
TCGCATCCTCAATAAACCAC	1
TGGTTATAAAATTGTAGTAG	1
GAAATATTACTCCTCCCACC	1
AGGCTATAATTTCCCTTACT	1
AAATACACCCTATTGAACAA	1
TATTCGGTGTCCTATCTAAA	1
GGGTTACACGTGGTATTAAT	1
CAGGACTCCTTGTAAAACAC	1
AGGAAGAAGCACGGACGCAC	1
ACTCTAAGTCCACCTTAACA	1
CCGTTTATATTAATATGGAC	1
GACCACCCGCGACCCCACCT	1
TTGCTTCATGCACGCGGAAT	1
TAAACAGGAACACACCGTGA	1
CGCCGAAGTGACCTCCAGCA	1
GTTTGAATACAGTCGCAACA	1
AGATAGCCAAACCACTTAAT	1
TATAAGGAGTTAAAGCTAAA	1
ATGGAACTGACCTCCATCAG	1
ACTCGAGCTTGACACTAGTG	1
CAGCCCGACGATGAAAAAGC	1
CCTATTACATAATACGCCGA	1
AATTTAAAATTGAACCCTTG	1
CTTGGTGAAAAGAAAAAATG	1
CGAATAAAACGGCCAACAAC	1
TTACCTACTTGGATCGGCAA	1
GCCCCACCCCGAACAACTAA	1
TATAGTGGTTATATAGCTAG	1
TAGTCTACCTGGTAATGTAC	1
TTACAGGGAGGTTCTTGTCG	1
CGTACTCCCCCCTTAAGTCA	1
CATTCACACATTGTCTGATA	1
GCGGTTTTGAACACCACGCT	1
GGACTGCACCTCCCTTCTGT	1
TTGCTCACAAAGCCCTTAAA	1
GCATTACCCGATCCCTACTT	1
ACCCCACATAGGATATATCC	1
GTCCAATGTACTCACCCGAA	1
CTGCACTTTGCGGACTGGAA	1
AATACCTTGTAACAACCTGT	1
CACTACCTACCTGGGCTCTA	1
CAAGGAGATATAGGTGACTT	1
TGATACGAATGTCACTCGAA	1
GTAGGCGGTCGACGCATCTA	1
TTATAACTTGATATTCACAC	1
GATTCTAAACTTACTAAAAC	1
AGCTTACTAAACCGGATCCT	1
GTGAAAGTCCTAAACGACGT	1
ACGTGACAGGTAAACGCTAC	1
CAGTCCAAACACCTTATTCC	1
CGTATAGGCCATGTATCTAA	1
CAAAAACGCCTCTACCACAC	1
GGGAATATAACAAATAGCTC	1
ACTCAAATCACAACAGTACG	1
TTTTCACCTAAACTTAATGT	1
TCCAAGTGAACTACAATCCA	1
AGGATACACATACACCTGCG	1
ATTGGACCGAGAGATTAATC	1
TTAAAGCTATCGTATTTATG	1
GGACCCAGATTCATCTTCCA	1
GAGATTTGCGGCCCCCGCAC	1
TACGGTCTATCCATGGTCCG	1
CACACAGTCCGTACCACTCC	1
CACGATGCAATCCTAACAGA	1
TTCTGGAGCAAAATACTACG	1
GCCTTATCAGGAAGAACCAA	1
TCAAAGGTTGCAAATACATA	1
TATCTGCATGCCCTCGCGCT	1
GAGAACTAAAAAAGCAGATT	1
TGAATAGCAGGCACGCCGTA	1
CTACTATGCGTTAAACCCTA	1
CATGCTGTATGTATTACGTG	1
GAAACCGCACACACAATACC	1
AGAGTCACAACGTACTAAGA	1
TCATTTACCCGAAATCGCAG	1
CAAACCGCGAAGCCAAAACC	1
ACTGCTAAATTCCGTCCAAA	1
TGCTACCGTACTCGCCCCTC	1
CATGACCGTCCGGCCGTGCT	1
CGCACTAGTACATGAGATTT	1
GTGACTTAGGCAACCCCAGT	1
GTGTTAATGAAAAAATTGTT	1
ATCCCATTCATCTCCAATAC	1
GCACGCCCCCTAACATGACT	1
CCGGGCACAACACCTGAATG	1
AATTGAAGCTTCAATAGTAA	1
ACCTACTCTTCTCCTCTCGC	1
CAGAATATACACAGGACCAG	1
GAACAACCCGTTTATAACAT	1
TCATATGCTTATCGCGCAAG	1
ACTCACCCTAACCATGTATA	1
GGCCAACACGAAGGACAATG	1
CTCATAGAACTGATATAATG	1
CAGGAGCAAGTCAGCGCGTC	1
TCAAAAGGTCTCGACAATAA	1
GCGTGATCTGTCCATCGTAT	1
GGGCGGATTACATTTGCGAA	1
ACTGTTCACCCTAGCACAAA	1
ATATTTACGCGGATGCTACA	1
ACAGAGGAGAAGCTCACCAT	1
CACCCTAGGAGAACCCCAGC	1
AACATCGAATTGACACGGAA	1
ATTTAAAGCTAGGCTGAATA	1
CGTTAGTCGTTCATGTACGG	1
CACCCACAGCTCCCACTCCG	1
AGTGAAACGAGCACGAGCTG	1
ACACTGCACGTCCTTGTCCA	1
TGGAAGTATCCAGAATGTGC	1
GGGGTCCGTAGATATCAACA	1
TCCCGCCCTTGAACCGGCTC	1
ATTAAATTCCCATCGATTTT	1
GCTACTGATATTGCCCCGAC	1
AGGAGCGGAGGGAAACAGTG	1
AATAACCGTTCCCGCAACTT	1
ATACACACACGTACCTCGCC	1
GCCTGCACCGTACTGCCGTC	1
TTATTCAATACGGGGCATAG	1
ACTTGCTCAATCTATGACTC	1
CTCGGGTGCCTTACCCAGGT	1
GTAGGCGTGTCCTCTAGACC	1
GCTTCTTGCTACATTTATCA	1
TTTTCACCGATAGCATCAAG	1
TTAACCCATACTTCAATCGA	1
TGCCGCCCCAGAAATTCCCC	1
TAGTTCTTGATCGGCAATCT	1
CCCAATTAGACTTCCCACGA	1
ACCTACCCCACCCCTCAGCT	1
ATTGAGGCCATTTTGTATAC	1
CACAAGTAACAGCAGAGGTT	1
AACTAACACCGAAGCAGGAG	1
TTTAAAATTCTAAACGTTTC	1
CAGCACAGACAAAGCAAGTA	1
CAATATTAATTCGGATGCTA	1
CACCGACTAATTACACTCTT	1
CATGGCCGATCCGCATGGAA	1
GAAAAAAGATTCAGTAAAAG	1
TACGGCATTTGATCGAACCA	1
TAGCAACTAACTGAGGGGAA	1
TTTATCTTTTAAGGTTTTCT	1
TCTCCGTACTGCCCGCTTCC	1
CCTTCCATACTTTATATAAC	1
AGGTTCACGTGTCATGTCTG	1
ATTCATGGATTTAGCGACTG	1
GACCCCGAACCAGATACGTA	1
CTCCAACATACAACGATCCC	1
AGGCACTATCATCCGAAAGC	1
CCAGAACCTGACTATACCCT	1
ATTGATGATAAAAAAATGGC	1
GACACACACCTGCCCTGGTT	1
ACACCCACTCTAAATAATAA	1
TTACACTAGAATTCATAAGT	1
ATTGAGCATTCAACAACATT	1
ACTCTCGGCCAATGATTATC	1
GACCGCGGTCTCGCGCGCTG	1
CCGAATTTAGAGCCCCCGCA	1
TTAAAACCAGCACCCCCGAC	1
TTTATTTACCCTCCAATATT	1
AGATATGACGCGCTAACGAC	1
ATGAGTAGAAACAACAAATG	1
TTGATAGTAAGATAACCTAA	1
GGATGACGTGCTCCGCGGAC	1
CAGACTGTAATGCTGTATAT	1
CAAGAGTGAAAGGCACTGCC	1
TTTTCCCTGATCTACAATAG	1
TTATTTGAATTCGGTTCGGA	1
TTATCTAGCGGCGCAAGCCT	1
GTAATAAATATTCCCCTGCC	1
GAATGTATATGCTTAATATC	1
ACCCTGCCCATAATATATGT	1
TGCTAAAAAAAAATACAAGA	1
ACATTAACCACGACTGGTAG	1
AGTAAAGGGTCAAGCTTCCA	1
GCTGCGCACTTCTTTTTGAC	1
AACCGTCAAGAGCCAATCCT	1
CATAGACAGCTGCCTGTAAA	1
AAACAGACATACGTAGTCTC	1
AACAAAATTGGAGAAAATTG	1
CGATCTTTCTAATTGCAATC	1
TCTGGCCGCTTCTAAAACGT	1
TATAGTCGAAAACTAATTGC	1
GCGGTAGAATTAGGTTTAAA	1
TGACTACAAGATAATGAGAT	1
TATTTATCTCACGTGTGCCG	1
AAGACCTGCCTGTCCTACTG	1
CTCGCATTAATACCTCCCAT	1
ATCGGGGAGATGCAAAGCGC	1
CACCCCTGATGACGCCCGCG	1
ATGCACGAGGGGCGGGCAAA	1
GGACAGGGCGTAGTTGTTCA	1
AATGACGTGACGCCTTAGCT	1
TTGACACTAAGGTAAATCGG	1
AAAGTCAAAATTACCGGAAG	1
GAATTAAAGCCCTACCAGTT	1
AGACCGGACAACCCAGACGC	1
AACATATTGTCGTTACTCGC	1
TTGTTATTGCGGTCAAATGC	1
CCATCGTTTCCGCCCGTCGT	1
AACCCCCCCCGAACATACAC	1
ACGCCACCTCGACTTCGCTC	1
AATAAACTACGAACATACAC	1
CAGACCGGTGCGAAGAGCAA	1
CTTGTGCGTCTGTTGAACCA	1
CAGATCATGTGATGATGGCA	1
AAACCCGTCAGAATTCCACG	1
TAATACACACGAACACAACA	1
ATCGGAACTCCCTATGTGAC	1
GCCCTTTAGGCTCCAACCGC	1
AAACCTCACCTAAAACCAAC	1
ACATAGTGATAGACTGTACT	1
ATGCGTCTAAAACGTTCGTA	1
ACATACCTTGAGCGATGGAT	1
CTTGAGCGTGACAACCACTA	1
AAATTCTGAGCGCAACAATT	1
AACTCGAGGCATAGTGATTT	1
CCCCCAAAGCGATTAAAGAG	1
CTATAGATGTAAGATAAGAC	1
AATTAACACGACTTAAGAAT	1
TAAGTATTCATTGCGACCGA	1
TTGTAATGCTTCGGAACTGC	1
TTGCGTAAACAGTGAATCAC	1
CTAGAATATAACAACACACA	1
GCTTAAAACCCGAAGTGGCC	1
GAGCATGCTACTCCGCGCGT	1
AGACAAAAGCGTAGAGGGTG	1
GCCGAGTTTCCCTAACCCTT	1
GTATTCTGTGATTGTACAAC	1
GAACCGCCTATACGCGAGCT	1
GATCTGGAGCTCAAAGCACG	1
CCGAACCCCCCTCATAGCTG	1
GAATCAGCGGTAGCCATAGT	1
ATAGTTACCGAATCCACCAC	1
AGACTCCTTCAACTCAATAT	1
TTACCAGCCCACCTGACAAC	1
TCCGCCGGACGCTCCTGCGC	1
TACACCATTACACCCCCTCG	1
AAGTCCCCAATTGCCCAAGC	1
CCCCTGTTCATCGTTCCCTA	1
CCCTTAAAAAGAGTCACACT	1
GATAAGTGCCAGTCCACTAC	1
ACGTAACATAATTAATCAAC	1
AAGACCATACTGTTTGAGGA	1
TCATTTGCTACAGCCGCGAA	1
GACATCGAAAGGTGACTTAT	1
CCCCTGCACGCACATGTCTG	1
CCACCCACAAAAACTATTAG	1
TGGCGCATTTATTTTTACAC	1
TGTCTATGTTCCATATAAAC	1
TAACTTACGCTGGTTGAATA	1
TTCCCGCCTTGCTTCTGACT	1
CCCACCCAACCGACCGTTCC	1
AACACTGCATGTATGACCCG	1
TCGCATTACAGACACTTTTA	1
GAGAACGTCCAAAATAAGTT	1
ACCTCACCAAATTTACCCCG	1
TCAAGGATAGAATTGTTACA	1
CACAATTATCCGATCCCACA	1
CAAGGAATACATGTTTACTT	1
CAGCCTACATTGGTCCTAGC	1
TATCGAGGAAAAACTAATAG	1
ACGCACACAAGAATGAACAT	1
TCTCTAACGTTTTATCAAGT	1
CTATGAGTCAATACAATAAT	1
GATTAATGGATGGCTCCGAA	1
ACATTAAATGCTCCGAGACG	1
AAACCACCCCCTCAAAAGCT	1
ACACACTTCCCGCCGACGCT	1
AGTGTGACACTAGCGATCAC	1
GCCCACCATACCTACACAGC	1
TATACAACAAGCCCTGTTAC	1
AGCAATGGAAAATCCTCCGT	1
ACCCATTAGCGTATCACACT	1
TTGCTAACGACAAGTTATCA	1
AAGGTGATAAGACAATCAGA	1
AAAGCAAGTGTAGCTTACCT	1
GGACCATACCTTAACCAAAA	1
ACAGAATTAATACTAAATAA	1
ATGCAATTCTAGCTTATCAC	1
AGATTCCGAACCTCGACTCT	1
AATCTTTCGTAATTTGCATT	1
CCGTGTTAACATGGTTGAAT	1
GTCCTATGAGTAAGAGGTGG	1
ATGGAAACAAACATCTTAAC	1
TATGTATATGTTCGTGCGGA	1
ATGTCCCAATACGACGGTGC	1
TGGCGCCGTAACCAATTTAA	1
GCGATCTAGACGCGTATCAA	1
TGAGCCTGTTGAATACCAGT	1
ACGAACACCTCTGACCCAAC	1
AATCGCAGCATTGTTCAGAT	1
TCATGCTGGTTAAAACAAAA	1
TTCCATCTCTTATTATTCTT	1
TGTACGTACCTTTTGTACCT	1
AGCGCTGGACCATGAATCAT	1
CCTGTCGTGCAAGTAGCAAT	1
ATTTACCGGAATAGCAGTCC	1
CTAAATTTCAAACCGCCTAG	1
TGGAGTTAGAGGAGCGTTGG	1
CAGCCAACATGCGCTCACTA	1
GCCCGCACCCCTGATATTAC	1
TTTCCATCAACAAGCAATGA	1
ATGCTATGAACAGCACCGAA	1
TTCAGACTAGGGCAGCTTTC	1
CCCAGCTTTCAAGTTCGGAA	1
GCCAGTTAGGGGGTTGGGTG	1
GAAGACGCGCCCGGCCGGGG	1
CCGCATGAAGGTTGTGTTTA	1
ATCCCCTAAACGAATTAGAC	1
GACGTAATGTAGATGGTTAA	1
AATTGAATATAAAGATGTTC	1
AACCTCAAGCGTGATGATAG	1
CCATGGTAGGCAGAGGATCT	1
CACAGTGCAACCGCCAAGTT	1
CAGGGAGTTTACTTTAAAAA	1
AAACATATATGGTCAACGTT	1
TGATGGATATTAGTGAGGTC	1
TTTGTCGTTACTCGCGCCAT	1
TTCACAACTCCAAAATAAAC	1
AAATAGACTATACACGTTAA	1
TTCCCTCGCCATAACCACTC	1
AAGCTCCCTCCTGCGGTAAA	1
TTGCTTGTGAAAGAACAAAC	1
TAAAATATACAGGCAGCGTT	1
TACCCCCCATTCACTTGTTC	1
ATGAATCCAGGGAGAAGATA	1
GCGGCATTGTCCAACAACCG	1
GTCGACGATCCTTACCAAAC	1
ACGCCGTACCTTTTCTGCTG	1
TTCTCAATCGCGTCCACAGA	1
TGTTACAGGTACATGATTTC	1
TATCCATTGTCTTCATACAA	1
AGCAGACAATGTAAAGGTTT	1
GTGGGCTCAGGAGGCAATTG	1
ACATAATCCTATTCAAAGAC	1
CTCGAAGCATCACTGCTGAA	1
TCCCTTAAAACCATACATGC	1
TGACGTTACCAATTCCTTAT	1
GGATAACTTACTGGGGTAGA	1
GTAGACGAGAACTAAAAAGA	1
GTGGGTTACGTAGGGGGGAA	1
CGGTAACAAATCTCCAGCGC	1
CTTTATCTCACATAAATAAG	1
ACGCGTGAGCGAACTGGCAC	1
CACGACACCCCTCCACTACA	1
CCGCAGCAAATACTAGATCA	1
ACCTACACATCCAACAACCC	1
ACAGACTGAAGTTAAAGGTC	1
TTTTCGATCGATTCGTTCTG	1
GCAGTAACAACCCCCCGCTC	1
TTATATGATAGCATGACCAC	1
AAGAAAGTTAAACCGCAACG	1
TAATAATGTTTTTACAAAGA	1
GTAAGGTTCCAGACTGTGCT	1
TACGAACAGGTGTTCGGATG	1
TATTATCCTAGTCGGCTGCG	1
CCTAAATTTAATGTCAACTC	1
CAATCATCTAGGTGTGCACT	1
AAACTGGACTCCTAGCAGCT	1
GCAATGAATACAGCGATTTA	1
TAATTTAATAACAACGACGT	1
AGGACGTTCGAATTTCCCAC	1
ATTACCCGGGGGGAACACAC	1
TAGGTAGAATAATTAGTTAC	1
CGCTGCATCCCCATTTCCAA	1
GAACAGGCGTGGATAAACTC	1
ACTCTCATTGTGCCGGAAGG	1
AAAACCTTGCCTTACCCATT	1
GACGTTGAAGATCTCTGAGT	1
CTGTGGCCAATATTTATGGT	1
TACTGGGCATTGACGAAGCC	1
GACATATTCGATCTTTTTAC	1
ACCAAACACGTTACTAAGTC	1
CACCTTTGTTCCGTACACCT	1
CTGTATGGACCCATATTGAC	1
CCCGAACAGTCACAGTCGCC	1
ATACATACCGTTTATACATC	1
GCTCTTGATGCCTTTTATCA	1
CTGCAAAGGACCTGCAGCCC	1
AAAATCTTTAGACCGGAAAA	1
GAACCCGCGACGACGCAATT	1
GGCCGCACAACTTCCGAAAC	1
ATCCGTCCCTGATACTTGCG	1
ACGTAAAGTTCAATTCCACT	1
CGCCCACCACGCCCAGTGTC	1
AAAAAGTATCATCAAGATAA	1
CAGTAGACAGCTCCTTCCCA	1
GGACGTAACCAACCTACCCC	1
ACACAGGAAATTTTTTGCTG	1
ACAATAATAAGATGAACACA	1
TGCTCACACGTACGGCGACC	1
GATCCGGCACGGAAAATTTT	1
CAAAAGACAACTGTAATCTT	1
CCCGGACTTCATGACTTAAC	1
ATAAAAGTATACATTTGCAA	1
GGTTGATAAATGCTGAGCTT	1
AAGGGGGTTGGAAAGTCGAG	1
TAGAGTTTTAGAGAAATATG	1
GCCGAGAAGTAACTATCGTT	1
CCAGAAAAACAACCCAGTTT	1
CCTCGATGCGATCCGTACAA	1
GCGAGTTTGAACAAGAGTCC	1
ACTGAATAAAGTTTCTGTAT	1
TAAGCAATAAAAGGGGCATT	1
TGAAAGTGCCTGCGTAGGAA	1
CAACGCATCAAAGCCCATTC	1
ACCTCCAAATACTCACATAC	1
ATAGTCACTTTTAATTTTGC	1
AACCTCCTGATACGTATGCT	1
CTTCTCAATCCCCTTGAATA	1
ACTGACCATCTATTGAAGTA	1
CCCCTCACGCACACTAATCG	1
CGCGACACAGCCCTTTAACC	1
TAGAGCGTGAGAACTATCTT	1
ACATAGCACTCACCGCCCAA	1
CCTCTGCAGCCAATAATGCT	1
AATAGAAAATATCACCTTGT	1
GCTAAAACCGAGGTTTGGTA	1
TGTGAAGAATTTATTTTGAC	1
GGGCAGTGGTGTTTAAACGT	1
GTAGGCTCATCCAGGCGCCA	1
TTATATAGGAATGAGTGCCA	1
GACCTATGTCGAAGAAGAAC	1
CAGATCTTCAACCACAGGCA	1
AACTTTCTTACGTCGATGAC	1
AGGAGTACGGAGCCCCACAA	1
TCTCTCCCAACGACGCGCTC	1
ATGAACCCATCCCCACCTTA	1
AGTATAGAAGCCATTACCAA	1
TCCTCGCCGGAATCTGATGC	1
TGCTATGGAAAGAAAACCAA	1
AATTTATTCGCCCCATCACA	1
ACAAATATATCGTGCAATCG	1
AGAGATCGAGCCGGGAGCAT	1
GCATGGAATGGCTGGCGGTC	1
TATGCCTTGGACTGAGCCCT	1
ATATCGGATTAACTATGGAT	1
TCGGGGTGTATTTTACAATT	1
AGTCAAGGGGTTAAAACACC	1
CAAAAATTCGTTGTGAAGAC	1
TGTGCGAGGACGAAATGAAG	1
TAAACCGACCAAAGTTACTG	1
CACAACTATACCCTATTAGA	1
ACGTGAGTGACTCAGCACCC	1
CAAATGCATGCTAATATTTA	1
CTAAAGGTCGCTTAGGGAGC	1
ATCACGAACACCCACATCAC	1
CCTAGCACGTCTTGCACCTT	1
ATCACAAGCGTCGTTGATTC	1
AGAACCACCTTGTACTTCAC	1
CCGAATACACAATAGAAATA	1
CCACTCGAAATGCCCACTCC	1
CATAAGCTCACGAGATGCTA	1
TCTACTGGCTTTGTAAGAAT	1
CCCATATACGGCTACGAGCA	1
TGGAAAGGCATAAATTGTCT	1
AGTTAGGTCATTAATATTAT	1
GAAGACTCGCAGATGAATCT	1
ATAAGCTACTATTTCTCCAT	1
AACCCCTTTACCCCGACTCA	1
TACTTACATGGTGACCCTAA	1
GTTGACCCGTCCACACATCC	1
GCTTTTTATGAAACGTTTGC	1
TTATTAACTATCCCTATTCT	1
TCTTTACTCCCCACCCCCCC	1
ATCCACTAACCGAGGCCACT	1
GGATGAATACGCTAAGGCAT	1
CTTCCAAATGAGGCGCCGCA	1
TCACGCTCGTGCACGAATAC	1
ACGCTTCCAACAATATCTCG	1
TGCATCCCACCCGCCCCGAA	1
TGCCATAGTTGAAATACCGC	1
CGTAGTGCACTACTCGTCAT	1
ATCCCACTCATTCAATAGCA	1
CAATGAACCCAAGTGTGAGC	1
GTGACAGGGGAAATTTGACA	1
TGTGAGAAGAACTGCGTCAA	1
GCTTCCGGTTCTTAACGAAT	1
CGATATTATGTAATGTACCT	1
AACTGACTTAATATTAGTAC	1
ATTCAACTTCCGATACGATA	1
ACTTGACTACACGATAACGT	1
CTGAGGTAAAGAGACAATGC	1
TTTTATGCATCATTAATGTG	1
TTCCGTGCGCTACTATCTGC	1
CAAAATTCTCATGCACGGAA	1
GACACGCAATCGCAGGTGAC	1
TTCAAACCATGCCCCCCCAT	1
AATTTATTAGCAAAGAGTCA	1
CCCAAATGGGACGTAGTCAC	1
GTAACGCGGGCTCGCGGATG	1
ACTTCCATACATATCTTAAT	1
ATCCACACCCAAAAAGGTTA	1
TACACCCCTCACGCACCTTT	1
TACTTTCCATAACTCACTTG	1
GCGCAAGCCCGCAAACCAAC	1
GAAGTACCACGCACTGCATC	1
CTACTTTGTACACTTTTATC	1
CATTTTACAACAAAGTCGAA	1
CGGCGTAGATGCGTTGTCGA	1
CAATATTCGCGCAGCTAATC	1
GCGTCCGCTACGCCACCGAA	1
CCCGCGCGGAGGTCTAAACG	1
ATGTACTAACATAGCGAAAT	1
GTACGAACAATTTAGGGAAG	1
GAATCGATCCTGAGAAAGTC	1
TGTATGAAATGAGGAACACA	1
CTTGCCTCACATCATTCCTC	1
TCTCCTGCCCCAGGCACGCT	1
CCGAGTCGCTCGGAACGGAG	1
GACTCCGTTGGACGGTGTAA	1
AGCGCGGACGCACTCCGACT	1
GCGAATTGCATATTTTTACA	1
TTGCGAAATGTGAATAGAAG	1
ACCAACCAAACACCCGCTTC	1
ATCTGGGTATATAGCAAAAC	1
CAGCTACGACGATCCTGTTT	1
TGACTTGACAGAGTATGCAG	1
TACGAAGATGTCCTGCCAAA	1
TGCAATATGCGCGGACAAGA	1
TGCTATCACTTCGCGACGCA	1
TACAAAAGCATAAAACTATA	1
AAACGATAAAGAGAAAAACG	1
ACTTAAACTACCGAATGACA	1
CTAATAACTTCCCCCGACTT	1
TATCACCCACCGACTCAGAA	1
AAAACGGAATAAGAACAAAA	1
AATTCTCGCTGCCCCATGAC	1
TCGAGGGGGATAAAGTGCTA	1
GGCCGTGTGGCTTCCATGTA	1
ATCACACCCCGATAAGGTCC	1
CCCCTGGTACTTCATTGTCG	1
TTGGTTGAGAGTACGAAGTA	1
GCACCAAACGCACACAAAAC	1
AACGACAAAATGTGGGAAGA	1
CACGAGCAGCTGATACGCCG	1
AACATCGATCTCCCACCACC	1
AGTACAAAAGGCGCAGCGAA	1
TGAGATTAAATGGAAGCTCC	1
TGAAATTTACCCACGTATTT	1
CGCTGCGTAAGCACGATGTA	1
GAATAGTTCGTATCGCGCTC	1
ATAGCCTATATGAGTATATC	1
AGCGGATCTTAAAAGTAAAG	1
AATCAAATTAGTAGAAGCAA	1
GCCCTTGTACGCCCCTTACA	1
CGACGTAAAAAACGCATAAG	1
TTAAATTTATCGGGTGCAGA	1
TCGATTACCTTTGCCGTATA	1
GAGTATTGAATTAACAGTCG	1
CCACTGTCCACAAACTGCAT	1
AACCCTCTTCGCGTACTTAA	1
TTTGTTGCCCACACGACTAA	1
TGATGCACCTATCCAACGAC	1
AAGGAGGTTGCAAAATCTTG	1
AGGGAGCTGCAAATTCAAGC	1
CTTCCTTATTCAGATCAGAA	1
CCGTAACGCGTAAACACCAC	1
CGGATATGAAACATTCTGCC	1
CGGACCAGCAAGTATGGTGT	1
TTAGACCTCTCAGTCAATGA	1
ACCCCCACACAATGATTCCC	1
ACAGCAGCCTGCCCCCGAAG	1
TCCTTCCGAACAATTCTATA	1
CCCCCACAGGTCCTTTGGTA	1
CCGCGTGCCCCAACCAGTGA	1
AAATTCAATAGTGCGCCGAC	1
AAATGTAGCGCGATCGCGAG	1
ATGATATATCCCACATACAC	1
TGTCCTGCTGAGTTCATGCA	1
CTGAACCCGGCCGGGCAACA	1
ATTGTCGTTAGCGATCGAGT	1
AAGTCATGGGGCAGCCCTGC	1
CGCAATAAATGGAACCAACC	1
GCGACCTGACTAACTGGCGA	1
CCCGAACATCCCACTGGCCA	1
AAGGACATACCCCAATAAAC	1
CGTCTACACTCCCATACCGT	1
ATTATTCCCTTACTCTAACA	1
CCGGCGAAATGAGGAAATGA	1
TTGCCAAATATACCCCTTTC	1
ATATCGCCTTAGGTAATAGT	1
TAAAATGAGGTGCTAGGTAT	1
CCTCTCAATACTTGTTAAGA	1
AACCATCACACAAGCAACTC	1
ATATAAGCTACCCTCCTATC	1
ACATGGACCATAATTAGATC	1
ACGCGGTCCCTACCCACACA	1
GATGGTTAAGACGACTACAA	1
TATTCATTAATGATCATCTT	1
ATTAAACCATCCTACACTCT	1
GCGCCCGCGCCCGGTAACTC	1
TCAGGTTATACACGCCTCTC	1
CAAGGCAAAAGGTGATAGAC	1
AAAAGGCACTCACTAGCACA	1
TGAGTTGGGTCATACATCGC	1
ATACCTTGAATTAAGCACTC	1
CTCGACCACATATTTCACAA	1
AACTCGAACTTTAAGCCACC	1
TTGACCAGGAGACGTGAAGT	1
CAACCCACCCTCCTCCAACC	1
AATGGCGGCCATAAAATCAA	1
CCTTATTAATGCCCTAGTTT	1
ATTTGACCACCATACGTAAT	1
CCAACGTTTAGCAATTCCAT	1
AACCCACCCTTGTGCCCAAT	1
TATGTCCCTTATACTCGCTT	1
GCGGTGTAGGGTTTTGATTA	1
AATGGCTTCTGAAATCCAAG	1
CGCTTAGCGCGCGACTATTG	1
TCAATGAGTTTATAACGATT	1
AGATGTGCTCTTACAAAATA	1
ACCGCCCACGCCACCTGCCA	1
ACTGAAACGAGCGCAGCCAC	1
CGCTACCCTGCCGACTGCAA	1
GCATAGCGAAATTTGTGTAA	1
TGGAAAATTGTATGTCCAAC	1
GATGCATCCATACAATAATG	1
GAGAGGGTAACGACACCAGG	1
AAATTCCTCTCAAGAAGTAG	1
CTCAAGTGGATAAGCACATA	1
TGCATGATCTTGCCGGTATG	1
AGACGTTCCAAATAAGTTAA	1
CTCAACAAGATTTGTTAATC	1
CTCCCGGGCAAAACAAGATG	1
ATCGACCGAAGCATTGACCG	1
GAGTTGAACAACTTAAACAT	1
GATCCAATCATATACACCCT	1
AGCACCCGGTTTAACAAGTA	1
TTCGTTGTTTACATTGTGTC	1
ATGCCCACCTAAATTCCGAC	1
AAAAGACACGACGTTAATGT	1
GAAGCCCCACATCCGCTGGA	1
TACCTATTCATACGGTGAGA	1
AGAAAATATCACACTTTTAA	1
TTCACTCTGCCACTCCATTT	1
AAATAGGCCGAGACAACGTA	1
CCCCATCACATGTACAAATC	1
AATGATATAGCAGCGGCTAC	1
TATCTGGTGCTTTGTCTGTT	1
AACCACCAGAGCCAGTCGTG	1
GTGCGAGACACTCATTACTC	1
GATGAACACAATGGAATATA	1
AGGCATTCGCCATCAATACA	1
GCCGCTTCAACATATGCCGG	1
ATAATATGTGGGGTGAAAGT	1
AAAATTACATGAAAAGTTAA	1
CCATCACACCACAGTAGGGC	1
GTTAAGATTCTTTGGTGAGG	1
TCAAACCCCACCCAAACAAT	1
TTAGGGTTACTATCTCTAAC	1
CCGCCCCTTTTCTCTCCGTG	1
TTCCTTGAGCCTGCCTTGAC	1
TAAGACCCCCGCATGTCCGA	1
TAAAGTTTTGTAGATACAGA	1
ACGGAGTAGGTAGGAAGTAG	1
AGTTGGCTCATCGCCGCTAC	1
AAAGCCAGAACAACCACTTA	1
CAGAACGTGTATTTGTTAAT	1
GTGTTTTCGATTACAAGATG	1
TGATTAGTGCGAAAGGGGGC	1
TAATCCGTAAACTGCGCGTC	1
GATTAAGGAATCCATCCGAA	1
AGGGTGGTCAACGAGAAGCA	1
CGAGGGAGCAGACTGTTCAG	1
GAATGTCGAAGAAACAATTG	1
TGTCTTTTCAGATGTATTCC	1
TGACTAATAGACACCATCTA	1
CCCGATAGATGCTGCCTAAA	1
CCGGGCCTAACATTTCTGCA	1
ACATCACGGATATGTTCTTC	1
TTTTTCATACCAACTACCCC	1
TCACTCTAGCTGCGTTGACC	1
AACGAATGTATCGCTAACCA	1
GCATGTGCGCTGAAAATCTA	1
GGCGGGTGAACCGGACTAAC	1
CCCGAACCTCGAACGGCATC	1
TCGTGAAAGAACGTTATACA	1
TATCGAGACCCCTCCCACCC	1
AATGTATTTACGCCATGATC	1
AAAGACACGCACCGGACTCA	1
GGGGGGGAGATATAATTGCT	1
CTGCCAGTGCCCTGAACTAG	1
ACTTGGTGCACGGAGGACCC	1
GTCCCGGCAATAGGACCCTG	1
CACCCCCACAGCTCCGTGAA	1
ATATATAACAGATGCTTACC	1
TTGGTTGCGTATTCTTATTA	1
TTCGATTAGAGACACTCAAT	1
GCCCCCTACTACACTAACGA	1
TAGAGTATTGTCTCCTATTG	1
TTACACCTAAACCGGTATCC	1
TTCAAAAATGTCTGCCACCA	1
TCTCCGGCAAGGGATGTATC	1
GTATATCAACACCTTAGTCA	1
TTAGTATTAGTGTGAAATCT	1
AACTAGAACGTGATACAGCT	1
GATGATACCATAATTCTTTC	1
CCCGAAAAAAAACCACATTA	1
AGCGGTGTCATTCGCACAAC	1
CTTTTTACATATTGGTTGCA	1
AACGTGGTAGCTAACAACAT	1
ACAATCAAGCCATCTTGCAA	1
ACGCCGCCAACGCGCGAGCA	1
GGGTACTAAGTCACTTTAGC	1
ATACTGTTACGCACCCAGCC	1
GGTATGACCAAATAAACCCC	1
GCAGGCGAACTTGAAAACAC	1
TGAATTCCCCTAGCGTGCTA	1
AGATAGCAATTCTATTTAGT	1
TTCCGTGCTAATAATACCAC	1
GCTTGATGTGGTTAATGATA	1
ATATTCTTCCGTGAACCCTC	1
TGCCAACCCCCCCCCGCTCC	1
TTGTCCGTCGCAATAAGCAC	1
ACTTAGCAGTATTTTCATCT	1
TTAAAGCCGCATATACCAAT	1
GCTTCATCTGCCGTTTACGA	1
TAGGACTGTACAGGCTGCGA	1
CCTATCCATAGCCAGGCCCC	1
TAAGGATTCTCATTGGTCCC	1
ATAGGAGTCGAATAATGTCC	1
TGACCGAACCGCATGCACTC	1
CTTGATCTCTAGTTGACAGT	1
TTTTCCAAGGTAATAGCCTG	1
TCCCCGTCTACTACAAGACG	1
ACTTAGAGAAACATATAAAT	1
ATTATGCCTGCAGTTGCAAG	1
CTACAAAGACAGACTGTCCT	1
TTTCCAAAAGCAACAAAGGT	1
ACCCTTCCACTATACTTATA	1
GGATGTCGACCTCAGAGTTA	1
ATATGGTGGCGTATGGCAAA	1
ATTCGCCGCTACAGCCCCCT	1
GGTATGATACGATTATCGGC	1
TTTAAAGAAAAAACCTGAAT	1
CACACTGAACCTGCACATGA	1
ACCGCAAGACCACACACGTC	1
TAGAAGCAACCCCAAGGTTT	1
GCTCGGACTCCACGACAACT	1
GGTGCACATCCATACCGCTC	1
CGATCTACACTTGCATGCAT	1
CAATAAGCCTTTGTAACCAC	1
GCAACGGCGACACGCGCCAC	1
TCGTAAGCACGCGCTACCGG	1
CTTTAGCAAATCTCCTGGTG	1
CATAACTAGTGTTTCGCGAA	1
AGCCCAGGTAACAGTCGGAT	1
AAGATACACAGACACATGCG	1
AGACTAAAGCATGATAAACA	1
TAATCGACCTGCTTAGCTAA	1
TTGCCCCTATATCTGCAAAT	1
TTAAACATCTTTGAGTACGA	1
GAAAACTACTTCAAAGATGT	1
TCGAACAAAAAAATAAATGC	1
ATTTTCCCCGGAAGCACTCA	1
TAATTAACACACCATCCTCA	1
AATACTCCCCATTACGGACC	1
GACGTGCTGCATTCCACGCA	1
CAACAACTAGAAGCGCTGAC	1
TTAGAAATACGTGTTATATA	1
TACGAGAATTGCGAGTTTAC	1
CCTTTTCTCCATTCCGATTG	1
TTTATTCCATTCTGCCCGAC	1
CTGATACGAGCGACGCTTAC	1
GGACGATTTATGCCCCTACC	1
ACATTTACGCAGTACGGTTC	1
GGCGAGTGGTGGTGGGCTCC	1
AAGCGACCACCGTTTTTGCC	1
CATAGGGATTAATGAAAAAG	1
TAGAGAAGTGTAATATTGGT	1
CACATCCCTTCAGCTCCGTA	1
AAACTAAATTAACGCTGTGA	1
CCACGCAACCACACTTAACG	1
AAAGTGCCCGCAAACGGGGA	1
GTGGAAAGATAAATCCATTC	1
TTTCATAAACCACGGCAAAG	1
GAAGACGTATACACGACACG	1
AGAAAACAAATATAACTAAT	1
GTACTGCTGTGACAAAGTAA	1
ACCAGACCAGCGCTAGCCCT	1
ATTAAGGTACTTTCGGACCC	1
CTGAACGAGTGGTAACTCAG	1
ATACTGTGGCGATATACCAG	1
CAGGCCCCTCTAATGCACCT	1
ACGAAATACAAACTCGACCC	1
GAATGAGGATCCGATGAACC	1
TCCATGCACCCGAATAGTGA	1
ACTTAACTATCCAATGGTTT	1
CACTCCACACTGGAAACCCG	1
GGAACACCGAGCCAACCCAC	1
CTTTTGGATACCTCGACAAT	1
AGGTGGTCATTACGTAATAT	1
ACCAACAGAGCTAAGCTCAG	1
CGCGCATATAGCAGATTCTG	1
AAACGATACTACACTGAGCC	1
GCGTATGCGGTTAGACTATC	1
CACCAGCTAAGTGAACCATT	1
GATAACTGACGCGTTTCTCT	1
GACACTCGTCCCAACATTCT	1
CTTCAATTGGTAGATGCTAA	1
GAGACAGTGCAATAAGTACC	1
ACACTAAGCACTCGTGAACT	1
CTGAGGCCTGGCCCCAACCT	1
TGAGGCTGCGTCCCCCCTGT	1
TAAGCCCATGATGTTACTTG	1
TAGCACCCCCCGATTCCACG	1
GATCTGCAGTGACAAAGAGC	1
CCTCCCGCTTCTCTCAAACC	1
GATTATTTTATACGGAGTAA	1
GTGATAAAATAAATTAGCCA	1
CATATGAGAGTGGAACTCGA	1
CCACAATCCTCCACTAGGAT	1
TCCTACCCATCTGTGAAATA	1
AACGTCCAAGTCAATACAAA	1
CGCTACTGGTCCGGTTGTCT	1
ATTCATGTCTCCGTTTAAAA	1
AAAATTAACTACAACTAACA	1
CAAGAAGGATAATCCCAGTC	1
CTGATGTGCTCTCAATTTCC	1
AAAGCCACACCGAGACCCCG	1
CTTCGCTGGCAACACTGCAC	1
TGGAAAACACATAACCATCG	1
AGATGCACTCCTAAAACTGT	1
CCTTTCGAACTGCACTGGAA	1
CTGTGCGCAAGTTAAAATCT	1
TTAGAATTGATCGCCCTTGA	1
ATGCACATCCAAACCAGACT	1
TTCATTTCTCACAAGCAAAC	1
AAATCCGCAAAGCAGCGCTC	1
ACTCGTCGCCTCTCTCTTAC	1
GTAGCTACCCAGCTAGGCTC	1
CAGGGACGCCCAAATCCCGA	1
ATCCCTATAATTTCCGCTCC	1
AATGCATGCATAGCGAGCAG	1
TTTCCACCGACGTTTGATTC	1
CACTAAATGTACAAGTACTA	1
ATTATTCCCATGTGATAGTT	1
CTCTATCACCCCTTTATAAT	1
AAAACAATGTCCTACCTTTA	1
CCCCAAAACACTAAGCGCCC	1
CAATTGCGCCCATCCCCCCC	1
TACTACACTTTTATCGCCAT	1
ACCTCTCGATACGGAGACTA	1
CACCCTACCCTCCCAAGCTG	1
CATCAGTCAACTCATACCAC	1
TAGATATCAATTCAATCAGA	1
TGTCTCACCTGAAGCAATAA	1
TGACTGCACCGATAAGCCAA	1
GCCCGGGACCTGCGTTGTCG	1
CCAAATGTTCGTATAGAATC	1
TCTACTAACTAACATCCCCC	1
GTATTAAAGATACGGCTCAA	1
ATCTATTCCGGGGCGTAGGC	1
AAGAAGAGTGAAATGCAATC	1
ATATGACCATTCACCAGACA	1
ACAGAGAAGCCAACCCTGTA	1
AATCGTCCTTTACTCACTCA	1
AATTCGTACGAACACCTTTA	1
GCATCTACCACACTTGACAC	1
TAACCGCCGTACCCCACTTG	1
GTGTGCGGAGTTATGGCAGA	1
GTTCTCAACTCAGCTGAAAA	1
AAAGTAAGCGAATTTATTAA	1
AGTAGCTCCCAAAACTACCG	1
GGCCAACAGTAGGCTAAGTC	1
GCAACCTCACGCTAAGTTGA	1
TGTCAAGGTTTACGTTGAAC	1
GCTCTGAGGCTTTTCCCAAT	1
TTGTTCGACGCGTATATATG	1
AAATGGCTGCAGCGGGGATT	1
TTCCGTTTTACTTACCCGAC	1
CGTTTCCCCCACCCTATCAA	1
CATGTTAGGAGAGCGATGCT	1
GTTCTTAACATCTTCAAGAC	1
GATACGGGGACTCATGAGAC	1
ATCTTCACACCGTTTACTAT	1
TTCTGCCTATGATAGCCTGA	1
TAGTTGTCGATCCATTCCCA	1
TCGCATGCGTACTTAATGGA	1
TCGTGCCACAGTTATACTCA	1
ATATCGTGTATTCCCGAATC	1
CTGATATTTACTGCATCAAT	1
TCTTCGGCGAACACACCCGT	1
AGCCTACCTTGGCGCCATCA	1
GATCCTTACTACACACTTTC	1
AAGCTCAACCCGTTTATTGG	1
TAGTTTAAAAGAATTCCGAG	1
AGGCTATTATTCACTAGTTT	1
ACACTCTGCGCACCTAAACT	1
CAGGATATATTTTGTTGAAC	1
AGTTCATGTACCTGCACAGC	1
CTAGCATAGGAACATCAATT	1
TCCCAACCCCTACCCCCCCA	1
TCTCTCGAACCCAAAGCTCC	1
GACGGAGCGACGCAAATCCA	1
TTACAAGTACCTAGCCTGAA	1
TAGTCCAGAAAATCATTCGC	1
CACATCTCAGTCTGCGTATC	1
GACGGGTGCGCTGTGACTGC	1
CCTTGTCACATCCCGCTACC	1
AATACGAATAGAAGCATTAG	1
AAACAACCGGGCCCTGCCAA	1
GAAAAATAGATCAAGATTAG	1
GGCATGAGATGCGAGAACGC	1
ATTCACCACGTTGCGCGATC	1
AACCATCCAATTTATTTGTC	1
ACTACCCACCCTGCCCCAAC	1
TATCGGATTATGATTATAAG	1
AGGCCTAGACACAGCCGTTA	1
TCGAGGCCCCCGAGGGGACT	1
ATAGCTTTATAGATGGCACT	1
ATGTGGACCAAAGATGTGGA	1
CTAGCAACGTTCCTTCCCCA	1
TGATACGTGTCTTGAAGCCT	1
AAACCCAATCCAAAAAAAAA	1
CAGTCCGGGCGTAACAACAT	1
TGTAGCTAGCGATGACGTGG	1
ACTTCACATTCGCATGCCAC	1
GCACACAGAGGCCGCAAACT	1
TGCTACATGATCTAGATCTG	1
AGTGGTGCAAGAGTAACATT	1
TATACACTTACCCCACCCAC	1
AGCTATGTAACGCTCAGATT	1
AAATGAACAAAGGAAGAAAC	1
CGAGACAGTGTCCTCAGCCG	1
GCTACATTTCGGTAATTCAT	1
GAGATACTCAACGCTATTCC	1
ATTGAGACTCTACACTATAC	1
GCATCATGAACCTTAATTCG	1
AAGTTTACCTTCAATGCGAA	1
TACCGCTTTGACCGTGAGTC	1
GTGATTGACTGTGCCGTTCA	1
GTTAAATCAGTGATCACCGT	1
ATAACCCTAAAACCTTAATA	1
AGTCACATATGCCTTGAATC	1
TGTCAACGTAGCATAGGAGG	1
CTCCTGCACACCTGCACTCT	1
GGTTCGGTTTTAGATCCGAA	1
CTCTTTAAGCAACAAAGGTT	1
CCACGCGTACAAAGTATAAT	1
AAGAAGAACATATACCGCCC	1
CCATTCGTACTTATGATATT	1
ACATTGTATCTTGCACTGTT	1
CTGCATACTCCAGTCCATCG	1
GCCTAGCAGGCAGCATTGAC	1
CAGCAAACTAAGTGCTTCGA	1
AAGAGCAAGCAAAGTACCTG	1
GCGCAAAGTGTAATATCTTC	1
AGTGGACAATAAGTATTGCA	1
GACATCTTAGCGGACATTTA	1
AAGTGCATGGATATCGAGAA	1
GAGTCCCACGGCAGATTTCC	1
AACATCCCGCCCCCACACAC	1
ATCGAAACGCTGCTGACCAT	1
AGTACAGGATTCTGAGTAGG	1
GCAGACTTTTCACTTAGAAC	1
GATAAGACCCACCGGCAACT	1
TTTGTGTATACCTAGAATTT	1
CCGAAATAAAAGAGGAACAC	1
GTCGGAATTAAAAATCCAAA	1
AACTGGGATGTGCTTGGCCT	1
TGCCCAAACTTAACTAGCAC	1
ATACGCAACTAAGAATAACC	1
CCCCTACTAAAGACCGCGAC	1
CGAACCGTTTTGCATCATCA	1
CGCACAATCTTCCTTTATCA	1
AAACGAGTGACCATGTAACT	1
TAGGAAAACGAAAAGATACA	1
GACATAGTAACCTTTTTTAT	1
TGGAACTCACCAAGCCATAC	1
TTATTCTCGATTATGTATTT	1
ATACCCTTCCTGCCTTGGCA	1
ATTCTGACTGCAGCCCATTC	1
TTTACTCCCAACGCGTCAAC	1
ACGGACCGCGCAACGATTGA	1
GCACACATAATGACGCAAAC	1
CTGGCTTTACCCCTATGACT	1
ATATTCAGCACCCAATTTCC	1
CGAACAATCCTCGTTCTACC	1
TACGGGAACCCTGCTTAAAC	1
TTTACGGTTGTTCCGCTCCT	1
GTACAAAAACACAGTACTTC	1
ATTCCACATAGCGTCTGCAC	1
GCTGCCCATGTAATAAAACC	1
CCACCGCGGTGAATTCATAC	1
ATGATCGCAAACCTTCCACA	1
CATCACAGAACTCAACAGCA	1
AAAATAACAGCTGACACACC	1
AAGAACGGGTTTGACTTAAA	1
TGACCATTGACAATGAATAA	1
CTGTCCAAACATGGTTCGAA	1
AAAAAAAGAGTCTACGTCAT	1
GCTTAGTATATTGCATGTAC	1
AAAAATCGTCCAAGTTCATG	1
TATGCATCGATGAATACGAA	1
CTTTAAATACTCGGTTGAAC	1
TCCGCACGAATGGCGGAGAC	1
AGATATTAAATCTCCACCAA	1
AAACATAAATAGCACACGAT	1
TACCCCATAATTACCCGATC	1
GATATGAATGCGGATGCTTT	1
ACAACTGCATCCTTTAACAT	1
CCCATCCCTATAAATATTAA	1
TCGGCTGTCCTATTGGAATC	1
CCCAATCACATGTCGATTAT	1
TAGGTGCACTTATGTCTAAT	1
GGTCCTCTCTGTTATATCCA	1
CTCCCCATCTTTCATGAATT	1
CAACACCTTCTTCTTAAAGG	1
CAGGGCCACCACAGGGCGGT	1
TAAACTTAGGTGAGGCGCAA	1
AACAAGATAGGCGATGAGCA	1
ACACTGTATAAGGACACTAC	1
AGCAGGGATATGACACTCTC	1
ATACTTAAACCCCCGCGGGT	1
GCATTACTTTATGATATTAT	1
TTCAATATGCTTTACTAGAA	1
ACAATCCGTATGCATCCGCG	1
ATCAGGTTTAATGGACAAGG	1
ACCTTTTGTAGAATAGCTTC	1
TAATGCAATACACATACCAA	1
ACCCGCCCGCCAGTCCCACC	1
CTTACAAAGTTATCTACTAT	1
GGTGGATAAATTAACAAAAT	1
CACGGTTTCACTATAGCACT	1
TGACGCTACTAAAATGATAC	1
GAACATCTATACACTATGTC	1
AACACTTCCAACCAATACCT	1
CGCTCCGCCCCGGGATTGTC	1
CGTTAGTCTGCTTTTAGCTC	1
AGCAAGACCTCGCACTGCTC	1
GGGTTAACTTTCTAACGCTT	1
ATTGATTTGTAACCCCGGTG	1
CTAGGACAAAGCAACAATAA	1
GTCAATATATTCATCAATGG	1
GCTACAATCCAACACTATGT	1
AAAAACGTGCATTCATCTAA	1
TACCAAGCCGGCTCGCCCGT	1
AGGTTCTCAAAATATGTCAC	1
CTTGACCCCCCGTACCCCAG	1
GGTATCACGTGTTTAACCAC	1
GCACAATAAACCATTGCACT	1
AGAAGAAGGGAATAGGTTTC	1
CATGCCTTACTGATATCTTC	1
TCTGAAAAACAATCACACAA	1
CCCTATGAATAAGTGTATAA	1
CCCAACATGCTTTCACTAAG	1
GATCGGGCTAAAGCCACTTT	1
AATGCCAGTCGCAGCGGGTC	1
GACTCAATAAGACTGCTCCA	1
TACCACCCCAGCATATCCAC	1
CAAATCCCAATTAAACTAAT	1
TGCATTAGCGGCATCGCATC	1
GCGGATCCTGAAATTATAAC	1
ATAATTAACAACAAAATTGA	1
CTAATGGCGACGGCCAACTT	1
CTATAATAGTTCGACAAAAC	1
TCCGTAAGTCTTAATAATTC	1
TCAGCCTAACGCCAGGTCTT	1
GAAACCAAGCTGTTGTAGCT	1
TATGCGAGACTGGTTAGCTC	1
AATAATAGAGGAAAAATGAA	1
TCCCACCTCACCTTACTCTA	1
GTAAACATAACAGCTGGTGC	1
TTACACCATATCACACACAT	1
AAGGATCAGTAGTCTGACCA	1
AAAACAATCGATGGATATAA	1
CAAAGCCAAGAGGGGCGAGT	1
TTTGTGTTGGAAGCACCACG	1
TACCCGGGCTAACATGTCCG	1
GCCACCACACCGCGCTATCC	1
TTCGAAAGCTAGTAAGCGAA	1
ATGAGGTAAAAAAGCGTGAA	1
CCGTAAATACACTACCGTCG	1
AAACATGTAAATTAAAAAAA	1
GGAAAACCCTAATCGACTTG	1
TTTAGAAGTAATTGCTGTAT	1
TCAGATCATCTTACGTTTGC	1
ACAAAGAGAAGTAGGCTGAA	1
CCACAACCACCGTTATTGCA	1
CTTTATTTGGCGCTGGACTG	1
TCACGCTGTCAAAACAATCT	1
CCATTAATCCAAACATCCGT	1
TTAAGCAAACAATAGTTGTC	1
TCAGTAGTCTGTGCACTCAA	1
AGGAGATACGGCTACACGCA	1
TTGCGATAGAACCCGAGTTA	1
GCTATCCTTGTCGAACATGT	1
TGAGAAACACGATTACCCCC	1
TACGAGGCTGCTAAGATAAA	1
CGCCTACTACGTCAGAAACT	1
GTCCCAATGACGATTGCATC	1
CATTGAATACTAGGTCATTC	1
TCAGCTACCACAACCAAAAC	1
ATAATAAGAAGACGCTAGCT	1
CCATGCTATTCCTAAATACC	1
CAACTCAGATACAACCCTTA	1
CATCTTCAACCCCAATTGAC	1
GAGCAAATGATAGGTACCAC	1
GGGCCTTTCCAAAGGCTCCA	1
AACACGCAATCCTGTACTGT	1
TAAGGGGGTTCTTAAATGAT	1
CATGTAACCACCCTTAGCAC	1
AGAAATCTGAGAAAGAAGAG	1
CTGACAATCTTCTAAGTACC	1
AAGCAATGTAAACGAATAAG	1
CCATCAGGCAGAGTCTCATG	1
ACCTAACGTGATTCATACGT	1
CAAGTGTTGAGACGGCGCGT	1
ATTCCGGTTATGGTCTCCGC	1
ACCTGAGGACGTAGAAAGTC	1
AGGCCGGAATAACTCAGAGC	1
ACACTTAACCATAATAAACC	1
AGTAAATGGGACTAAAGACA	1
ACATACTAAAAACATACTTA	1
CTCAAGGCAACCGGAACCAA	1
AAAACACTCTTTTTACCTAT	1
GCAACGTAGGGCGAGCCCAA	1
TTCTTCCAATTCTGCTTTAA	1
GACACCAACGTCCAGCTGTC	1
GACAGCGCGCACTAACAAAA	1
GAGTTAAGCATGATTATATC	1
CCCAGTACCCGCATGATTAG	1
CTTCTGCGTTTTCACGTTAA	1
ATAAAGATCTATTGGCAATT	1
ATCCCTTTCTTTGTTGCTTG	1
AGTATTACTATCCTCCTCTT	1
GTCTAAAGAACTTACAAATA	1
TTTGGTTTGCCTTCGACACA	1
CGCCCCAATATGAACGCGAC	1
AAGTACAAAAACGAAATGAT	1
AAAGAACGGCCGAATGCAAT	1
AGTAAGTCCCCATGTAAAAC	1
GTATGTAACGTAACTTAGCA	1
TATATGCAGGTAGTTCCCAC	1
GCGCAATGTTACCGCGCCCA	1
TGGCTAACGTCTACTCTGAG	1
ACAATTTGACTGTACTTCAC	1
CTCACCCTTTTAGATCACCC	1
TTAAAACCAAAGAGAATGAA	1
TATCGATCTAGCGCTATACG	1
TTCCGGCCGCTGCCCAACCC	1
AATCTATACGAAAAATCACA	1
ACAAACAATCATTCTAACGA	1
ACCCTTCATAATACACCGCC	1
AAGAGAAATTTAGTTGTAAG	1
ACATAATAAACAATAACGAC	1
CACCCGAACAACATTGTAAG	1
GAAGGCTAGAACTATGATTA	1
TTGCTCCTTAGTTCGAACCC	1
TATTGGTATCGTACATAGGA	1
TGGAAGACTAAGCCTGGCCG	1
ACCCTGGATGAAAAACAAAA	1
GCGTTAGTTATAACGCAGTC	1
AGAATTAAAATCTAAAGTAA	1
TCAAACTATACCGCCACCTG	1
AAGCTGAAGCTGGGAAAGCG	1
AGAATAAAGTTTCCATCTCT	1
AGCCTACCCTCTAGCACTAG	1
TCTGTAATTAACAGCTTTGA	1
GTCCGTGAGTCACGGATGAG	1
TACTTGTCTGTCGCTTGTTG	1
GTATAAGACAATTGTTTCCA	1
GCTCGGTCAAATTACTGATA	1
AGGCCTCTGGTGAACCATTT	1
CCCCACTTTTGCTTTAATGA	1
GACCATTTGACCGGTTGGAA	1
TTAGTGCATTGCTAATCTTC	1
ACTTCAAATCACGTCCGCTC	1
GAGTACATGTGGAGGGCCCC	1
ATAACTCAGGCGTCACTAAC	1
ACCTACCCACGACGCGCTTG	1
CTCTTGCAACTTAAAGGAGT	1
ATTGAAGACGTATCGTATCT	1
TAGACCCCGCATTAATTTAA	1
ACTGAGGGCCACCCCGATCG	1
TTACGCCGAGCACGTTGAGA	1
TGGGATTAACTCAAAGTTTC	1
TTTCAGCCCGGCCTCCACAC	1
GTCCGCGAGTGGGGGCGATG	1
TCACTACGAACCCCCACCCT	1
AAAGCGTACGCAGGACCGCG	1
AGCCACTGATCGAAGATTTT	1
TAAGGAGATCCACTATTACA	1
TTGCGAACACCTGCTATCGG	1
AAATCCAACCGCACTTACGT	1
AAACACTATATCATGACCAC	1
ATATTTTTCTCTATAGCTTT	1
TCAACTTGCGGGCTCTTAAA	1
CCCAGCGGGCAAAACCTAGC	1
TTTGCTGTTAAAACTCTACC	1
ACCTTGTGTGCAGAAATCTG	1
ATAAGACTTCCATACGCAAG	1
ACCATATCCGTCAACGACTA	1
CGAGGCTCTCTGCGCCCCAC	1
AGAGTTGCCGGTGGCCTTCT	1
GAGAATGAAGCTCAACATTG	1
TAAGAGATCTTACACCATAC	1
TCAGCGCGACTAGGTTAACC	1
CTCTTGAGTTCTTACCACTG	1
GTACATCTAATGACCAATCA	1
CAACATGCACCGTTGCAAAA	1
CCACAATTTCTGGACACTTT	1
GGGCCCTGTCCTAGTTTTTG	1
GAAGACTGGTTAAAACCGGA	1
TCCGCACCTCACGACCATTC	1
CTGCATGTCCTTACAAACCA	1
TCTATACTGTCACTCCACGA	1
CAAGTTTTCCCTATCGTCAT	1
ATTTTACTAAGCTGTTACGA	1
AAAGTAAGTCACAACGCTTT	1
GCAGAAAGAGGAGTTTAACC	1
ATCCAAACGAAGTTAATTCA	1
CTAACCAGGCTATAGACATG	1
CTCGTCCGATAACACTCCCG	1
ACACTAGCAGACTACCCGTA	1
AGCATAAACGCGGACATCAC	1
GTGGTGCACGTCGAGTTGTA	1
TCATATCCTCTGCCTGAAGC	1
AGCTGATGTGATCACTCCAC	1
GCCGTGATCACACAATGAAC	1
GCCGGGGATATGGACTGAGA	1
ACCCTCTATAAATGTGAGCT	1
TAGTGTAAGTGACAGCATGT	1
CCAGTGTCCAAGGTATAGGT	1
ATACCCACGACCCATACCCC	1
CTTAACCCTATCACCTTTGA	1
CACCAAATTCTTTGAGCACC	1
TCACCACTTGTGGTCGCGTT	1
ATGATCTTCCTCTCGCAATT	1
ACGGATGTTGCACGAGCAAC	1
AATCATGAAGTATCCTTCTG	1
TTGACCTGGTAAAAGATGAT	1
GCGTGAGTGAATTTCGACTA	1
AACATAACCATTTCTAGTAC	1
CGAACGCGGTTGAATGCACG	1
AGTATGTAAGCCATCTCTCA	1
AAAATATATGTAAGAAATGC	1
ACAAAATAAGGAGGCCTGCC	1
AAAGCACGCACACCCCTCGC	1
TAAAGGTGATCTGTACGGCT	1
CAGTGCACCAACAGTAAAAT	1
CCTTGGACGAGCAACTACCA	1
CAAAAAGACTATAACGTCAG	1
ACCAAATTCAATAGTCCACC	1
AACGACAACAGATCACCCTT	1
GTTGCCAAACGGCGTTTGGC	1
AAAGTTAACACCCGATATGG	1
ATAAACCTCGTATTCGATAT	1
AAATTTATCGTTGCCAACCC	1
TTGGTGAACAATAACATTAT	1
GCGAACTACATGCTCTGTGC	1
AGGTTCAGAACACGCTTCAC	1
ATTGAGTTGGGCCACGTGTT	1
ATACGTCACGGACGAGCAAA	1
ATGCTCAGTCTGCGAGTGTT	1
GCGCAATCACACCTGATACT	1
ACTTTCCACATCCCACGCTA	1
GATAGTGCTCCATTGTACGA	1
CACGCTGGTATCAATTGACA	1
TCGCCATGCTCCCATGTCCT	1
ACCATTAGATCCCTGTACCA	1
GCTCCCCCCAGCTGCTCATC	1
CATAGGACGCAAGCTTGCGC	1
CTTACCTCCTCCTCACCTTG	1
GAACGCGTATAACACCGAAT	1
CCTTTTTCCCCACCCGCTTA	1
AACGTATGATATTATGGGAT	1
GGAGGTCCCTACTGATATAC	1
AATTACCCGCGACTGAACGT	1
ACCATGTAACCTATGCGGAC	1
TTCCCATTCCAAACACCTCT	1
TCGATTTTCGCCGCTGCATA	1
AGTGTTCTTAGATTTCCGCA	1
ATCACACCTTGCACGAGCTT	1
ACAATATAGACCAACAGACG	1
GATACAATGGCACAGATACA	1
AGCGTTGTTGGACCTAACTT	1
TAGAGTATACTTTACTGGAC	1
CGAACCTATTTGTGGCACCG	1
TGCTGCGCATGGACCCAATG	1
TTGCCGAAAATATGTGTAAC	1
TTGTATTCAACACTGCCTTG	1
CGAAGCTTTTCTTTACAATC	1
CAATGTGTAAATGAAATTAT	1
GCCTCCAATGCAACCAACCT	1
TAATAAGAAGAGTTACTATT	1
CCAACCTAATAAATCACTCA	1
CCCTTTAATCGTCACCGGCA	1
GGGTCACATCATTAAATTGA	1
ATTCGAAAATCAAAATTGGT	1
CATTTCCAACGCATAACAGC	1
TCTGGCGGAGTGGCAAGTCT	1
TCAGTCAACCAAGAAAAGAG	1
ATGAGATCTACACCAACCGC	1
GATTGCCATTTACCAGGACC	1
TCTTCAAAATAGGTTCCGTA	1
ACAGCACCACCAACTCGGAA	1
TATCCGTACCTCTCCCACAA	1
CCCTTGAACGCATTCATACC	1
GAATCTTCTCATCTGAAGCC	1
TCACCACAGCATTAACTCCG	1
AACGAACACTCACGCATCAC	1
GTACTGTCGGTAATCAAGCA	1
CACTAGAACAGTTACATTCG	1
TTAAACTCGCCTACTGTAAC	1
TATCGACTTGCGACCACTTA	1
TCGCTCAATAACTTGGTTTA	1
AAAAACCGTGAGATCGCGGC	1
CGATACAAATATGGTACCTT	1
CATCACCCTTTACATTGTTT	1
CCACCACCCAAAGTGCCCCC	1
GCCTTAACACAACTTAGTCG	1
AGATACGGGAAATGATAGAA	1
ATCTCCACCCCCAACTCACA	1
AGTCGAATTGTGGGAACATA	1
CACCGCGCTCCCACCCGCAC	1
CTATGTCAGACCATCCGCCT	1
CCCGTGCAAAAGCGTAGAGA	1
CTTGCGGTCCAGTGTCTATC	1
TGACCGGAGCCGTACACAGA	1
TGGACGAGCTTTATGCAATG	1
TGACAGCATAAGTTGAATGC	1
TGCGAAGAGAATGATGTAAT	1
TAATACCAACTCACTCGTCA	1
TAACCTCGAAAAGTAAGAAT	1
CGGTAATCTTGAGAACAAGT	1
AAGCCCTCTTTAGATCCATT	1
CGCACATGAACGGCGATTAA	1
TTCGTCGATCGGTGGCATAC	1
ACCCAAAGGAACACATATCG	1
CTAAGAGTTAATGTTCACAA	1
TATAAAAGTCCCAGTTGTCT	1
TAGCACGAGGTGGACGCTTC	1
CACCCGACTAATGAGGCCCA	1
AGAATCTGATCGAAATGTTA	1
ATGCGAATCATTTACCATCC	1
ACTATAAGTCACACTACCAA	1
GCAGGGAATCAATATGATTA	1
TCACGACACATCTTATGCCA	1
GAACGCGGTTACTCTGACGA	1
GTCCCGGTTGGACGCCCGTT	1
GCCTTAAATTAATCGAGGTT	1
TAATTGTAGCAAGTCAAGTT	1
GAGGGATTGTTTTGCTTTGG	1
ATAACTGAGAATAACCTTAA	1
TGGTACCCATTTAGTGACCA	1
GGTCCCACACCCCAACGGCC	1
CCCACTTAGATAGTACTCTA	1
CAGAATACTCCAGGAAAGCG	1
ACTCAGTTACGCATCCCACC	1
TTTCTAGTAGACTAAAGCGA	1
ATTTAGATACAGACGAACGG	1
TCATTGCAATTCTAAATAAA	1
TCCTCGTGCAGTCTTTGCGC	1
ACTTTCGAGCTACCCACGAG	1
TACCCCCCAACACCGCGAAA	1
TTGAACATGATCGAATATAC	1
GCCGTATCCCACCAGCCGCT	1
AAATAAGGCAGGTGGATAAC	1
TGAATCTAATAGTTTGGTGG	1
AATCCAAAATGTACCGCCCA	1
GCCTCCCAAAAATTCGCACG	1
ACGATTACTTACAACACCTC	1
TAGAACCGGTACACCTATGT	1
CACCCATGACTCAACCAACC	1
GCCCCGTTAACCGAACTGCT	1
AAAATAGGTGCGAAAGAACT	1
AATAGATGTTGAGCTAAGCG	1
ATTAGCGAGTAAAATCACCT	1
TATCAGACCATAGCAAATTC	1
GATAGGAAGGGATCACATGC	1
ACAGATATTACAGGTTTGCA	1
ATAACCCCCACAAGGCTGCC	1
ATGGACCCACGCTGTCATGA	1
TCTGGTGTTCTCGCTCACGC	1
GTGACCGCAAATAACGATAC	1
AACTGTTTTTGTGGTATTCA	1
CCTCTGATTCTCCCTTTACG	1
TCACACCGTATTGACTTCAC	1
CCTAGCGAACAGCGAATTTT	1
AAGAACAATGCAACGTTGCG	1
GAAAACTTCCCGAAGTGTTT	1
GGGGATAATACTTCAACCCC	1
AGAAATGCACCCCCCTTGCT	1
AAACACCGGAACGCTCCCTA	1
GTATTTTCATGTTTATGACC	1
GACCAGAGGGCACTGGCCCA	1
AACATACGCTGCGACTTGAA	1
AAGGTGATGCCAAAGCGAGA	1
ACGACTTTAGCACCCTTCGC	1
TTTTGGGTAGCACGCGCTAA	1
GACCCCTTTGGGCGAAAGAC	1
CACGTGAGTCGAAAAGCGGC	1
AACTTAATAAAACTCTATGA	1
AAACACCGAACATCAAGCCA	1
AAAAGAGTTAGACTCTAGTA	1
CACAGAATGGGCTAAATGCA	1
TCCGTGCTGCCAGGCAATAA	1
TAAGGCTTTATAAAATGTGC	1
TCATGCGGGCGACAGCGAGC	1
AAAAGTCATACTTTGGTAGA	1
ACGACTCAGCAGTCTCTCTC	1
ACCCCTGATCGTAGCTGAAA	1
TTACACGTTAAGAAACCCAT	1
CCATCTGTCGTGCAGACTCG	1
AGAATCCTCTTTAGGCTTCT	1
ATGCGATCCGCCATGCGGAC	1
AAGATGCCCGCACCTCAAAA	1
AAAGGGTCCGAACTTGGGTA	1
GGAAAACTGATACCACAGAT	1
TGATTACTTACCCGTCATAT	1
TCGCGCGATAAGACCCATCA	1
CCCGCTAGCGCTAGAATTAC	1
ATAGCTTTACATCCCAGTTG	1
TCGTCCGCGTTGAATTGGCG	1
CCCCTTCTAAGTTTACCCAC	1
TCTACCTAAAGAGTGCGCAA	1
TCTGACTAGCAATTGATCAA	1
GAGACGCGCACGAGACACTG	1
CACAGTACTATACGCGACTA	1
CCTAACTCCCCTACTTATAC	1
GGACACATGATTCAAAGTCC	1
TCAGGTGGTTCGCGATTTAG	1
TAGGGACAAAGCACTGCCAC	1
TGTCCAGAATTTCGTAACTT	1
AGTGATAAATGTAGATATCA	1
GTACGATCATACCCTTGTAA	1
AAAACGCATGTACCCGCAGC	1
TTTACGAAATACCTCTCAAC	1
GCAGGCCGTTCGAAAAATTA	1
TAAGCAAGCCATGCGCAGTG	1
ACTAAGCACACATCATGCAC	1
AAATATGCCCCACTTATGAT	1
CGTCTCTCGATGCCGAATAA	1
GCTCAGTCCAACTACTATCT	1
GAGGAGGTACCTGTCTAGAG	1
GAAACCGAAGGTAACAGGCT	1
AGATCGTCACCTCCCCCCAA	1
ACTGCGGATTTTTCAATAGC	1
CCCCCGTACGAGGCATTGCG	1
AATATCGGGTCTCGCCAAAC	1
ACCCCCGCTGCCGCAAGTCC	1
AGACAGCTAGTCAGCTATCT	1
GCGGATGCGGGTTAACGCCA	1
GAATGACTAATAGTCCATAG	1
ATTTACATCAGAGGCGAACA	1
TCTGGAATGGGCTGCAAGAA	1
CGGAACCCCCCCATAACTTC	1
ATTGAAATTACACGCCACTA	1
CTATATTGACGGCAGTTTAC	1
AGGCATCCTGTCCTTACAGT	1
CCACAACGTTTTATTGGTCC	1
ACATACCCCGCGCGGTACGG	1
TTAATGTTGATCATAGCTAA	1
CCCCCCTGCCGCTGCCCAAT	1
GAAGAATTGCGAACCAGCAC	1
AATTCTATGAAATGCAAACA	1
TGCGTCGCGCCCCAGGCAGC	1
GATGACACCCATTACAATGT	1
TCAAAAAATTGCTTGTCAAC	1
GGCGAAGCTCTGCGACCGAC	1
CAAATAAACTCCTTACCCCT	1
AGACGGACTCGTCTGCGAAT	1
AAACTCACCTGAACACCCTC	1
CGCGTCCACAAGCTGCAGAG	1
AGCAGATTGCTAGCTTTAGT	1
CAAACTATACGGTGACATAA	1
AAAACTGCCACACTCCCCAA	1
ATTCACAAAACGCCCAAACA	1
GATTAAAGTTTACGTCCACC	1
CGCAGATTGATAGTTAAGCC	1
TTTTCGTCCCACCACTCTCC	1
CATGAAGTACTCGCCGCTCC	1
ACGTGGCTCTTTATTGACGA	1
CCTTTTGCAGTGCACCCGAA	1
GAATCAGTGTACTAGACTGC	1
ATAACGCAATACCAACTTCG	1
CAATCCCACACAGACCTAGC	1
GGTAGAATGACATCCACGTA	1
CATTATGCCAACCAAGCCGC	1
GTGAGCAGTCATGTGACTGC	1
TTCCGCATTCACAACTGGCC	1
CTCTACCTTAACTCATGTAA	1
TGTGTCAAGGCTAACAATAA	1
AAGGCATCCCTTCTTATTCC	1
TAATAACCTGTCGAGAGCGA	1
ATAAAGCAGTTGCATAATAA	1
ATGATAGATTTTTCTGAAAC	1
AATTCTGGGACGCCCCACCA	1
CCGCATAACTACCCGTGCAT	1
CCAGAGGCTCCCGTTATTCA	1
ACCCGAATGAACTGAACCGT	1
TCTATCTGCGAATCGTTTAC	1
CATCACAATTACCATAAACA	1
GCATGTGTATGACATAAAAT	1
GAACCGAGGTAGGTAATGGG	1
CAACATTCGTGTGATGGTCT	1
GTGATTCGTGGTCAAATCCT	1
CCGCAAAGTCAGCCCCGTTC	1
CTACACCACCTGCATATCTG	1
TGCACAGGCAGAGAACTAGC	1
TTTTTATGTCCGCCTCTCCC	1
CGCATACTGCGACGAACATC	1
TCTCTTTCCAATATGCTTTC	1
TACAATTTCCTTTACACATG	1
TACCCGTTGGCATGCCCCAA	1
CTGAGTCCACCGTCGTCACC	1
CTCCTTCAGTCGCACATAAA	1
TGATATCTCCTAACGTTCAC	1
ATGTTAAGTCCCCAGAGCGA	1
TATAGAAATGAAACGGCCTG	1
TGCATCATTACAAATTCTGA	1
GTGCTTTCGAGGTGGTAATC	1
TTTAATAATTCTGTGAACCT	1
TATAAAATCCATCGAAACGC	1
ACATGAGAGCGCAGATATCG	1
ATAAACGGTGAAACCCCAAT	1
TGTCAAGTAGATGACTCGCC	1
CTTTCCCTACGAAATACTGT	1
CCCGATTTGGTACACCACAC	1
CACGGCGCTGACCAAAATTA	1
GAAGACCTTGATTTTTTGAT	1
TGTGAATACAAAGGTATTTA	1
ACAGCACATGCAGGTAAGCT	1
ACGAGTGGAGGATATCTTCC	1
AGTAAGACATATGCCTCAAA	1
ACCAGCTGTAAGCTTCCACT	1
AACACCCAAACATCGCGTCC	1
AGATGGTGAGACTGCAGAAC	1
ATAATCGTAGAGAGAACAGA	1
CCACGACCCATTTTGCACAT	1
GCAAAAAGGTAAATGAAGGG	1
TTGCAGCGTTCCAATGTCTG	1
CGTTCTAGATCTTGCGCCCA	1
ACTAACCAGCCGTTCCCTCG	1
ACCCACCCAACTCTCCATGG	1
TGGCTGTGCATTAAGTAGAG	1
AATGAGCTTAAAGAAAGTAT	1
CTCGTTTCTCATTCCGCCGA	1
CGCGAAACACTGATACAGGC	1
AAGTTACCAGAACCATAAAG	1
AAATTGCCCTAGCCTTACCA	1
AGTATATCTTAGCGCATAAC	1
TATATTTGAATATGTGCTGC	1
TACCACAAGTGGATTTCAAG	1
CGTTGTTCGGCCTAAAATTC	1
ACTCCTTACACCCGCACGAA	1
AATCCAATTGCCTCCAGTAC	1
TTTATAAAAGGAAATTCTTG	1
AGCTACCCTACCCCTGTAAA	1
GCACCACGGGACCAGAAATT	1
ACAAGTAGATCCGAATCGAG	1
GCTTGCCTGCAAACAGAACT	1
GGCTTCATCACCACTTAATC	1
CCAACACCGTTCTCGAGATA	1
CCCTGCAATCATCAATTTCC	1
CTCAACTGTTAACGCTCCAC	1
AAGTGGCGATATGTCATATA	1
TTCTACTGTTCTTCCCAATG	1
CCGTATGCTAATTGCTTTCT	1
GATGTAACGAAAAAAAGTGC	1
CACCCATTCAGAGTCACTCT	1
GCGCAAGCAAGGCTTCAAAC	1
GCAAAAGTAAACGTCGCAGC	1
ACGTAAAGTGCAGTGAGTAG	1
TTGATGGAGCAACACGTGAA	1
GTGTGAATGCCAGTAACGGC	1
TAACGTACTACGTAGGAGAA	1
CTCGAATGAGGAAATTGATC	1
TAATCCCGCCTACATTAGTG	1
ACATAAACGTCCACAACCCC	1
ATTATATACGGTTGCACTCA	1
ACCTCCCCAGACACCAAGAA	1
TCATCTCCCGCTCGCGCTCA	1
ATCTCACTGCAACATAAACC	1
AATGACGAACACTAAACATA	1
AAGGATTACCGGCTGCGATG	1
CAAGCCGTTGGAAATATTAA	1
CAAAAACAGACCATTCAAGC	1
GACTGAGTCATGAAAAAACG	1
AATCTGTGGTAAAGCAAACT	1
AAATCAACCATAAATACCGG	1
TGTCAAAAGTTCAGTTCGAG	1
GCGAAACAATCTCTCCCACT	1
TTCTGTCGCCGTGAAATAAT	1
GCACGACCGAGCTCGGACCG	1
CCTTGATTCCATGAGTGATC	1
CGCCGCCTTCCGCCAAAATG	1
CGATCACGTCCCACATTCCC	1
TTACCTAAAGCCCAAAGATA	1
TTGCTATTTGACACGTGGCT	1
GGAAGTAGATCATAAATCTT	1
GAAGAAAAACAACGGAATAT	1
AAACTATTATCCTAAGAATC	1
TTAAAGCGAGTGAAGCGTCT	1
ACAGAGATAGAACGACAAGA	1
TGATGATTGCTAGAATACAG	1
GGGTCAACTTGATCGTGACA	1
CCACTATCATGGTTAACAAC	1
AAATTCTCAGGTCGCAGCCT	1
ACTGCAGAGTCTTTTGTGGA	1
ATATTTATTTTCCGTGCTTT	1
AACCAGCAGCGAGGGTTCCG	1
ATTAGCCGAAAAGTTTCGAA	1
TTTCAACGACGGCCAGTTGC	1
AGTAGGTGCATAACTTACCC	1
GCCCTTGGAATGATTGTAAC	1
GGTGACCTCATGGCCTTCAA	1
GACCGCAAACACCCTTCAGC	1
AAATCATTGTCTTGCCCACG	1
AAACATAATGAATTTGGCGA	1
TGTGAATGGCGACGAAGAGT	1
CGCACGTAGTGTCGTGGGAA	1
TGAATCATGTCCGCATATTC	1
CGATCAGAAGCCTCATCAGC	1
GAAACACCAGATACATAGCG	1
GCTGAAACGCACTTCGAGAT	1
GGCCTCTTGATAAGATGGCG	1
GGAGGATCATGGATAACTCC	1
TGACCATGGGAAGGCATTCG	1
ACCCATCTCCGTTCACCCCC	1
CCATTTCCGTAATGGGCGCC	1
CATTCCGTACGCCCCCATGA	1
CATTAGTACCGTGCAGATGA	1
ACCCGTTAACTACTTGATTC	1
AGGGTTCAAGGCTACTTGGG	1
CTGCTGTCATTACCAACACA	1
ACCGTAGAAGGTTGCATTTC	1
TGACATTTCGCCGTTAGACC	1
TTCGCATTAACGCGAGCTGA	1
AATCAAAGGACAAGAGTCCT	1
GTACGTTTTCTTACATCTTC	1
GCGCTGATTTACACAACCAT	1
GGTATCTGTAAATTATAAAA	1
AATAAATTGAATATGACTTC	1
TTGAAAGTCACAGTTCTTAA	1
GAATGTTTGCGCCCGTACGT	1
GGCTACGAAACAACGTTAAC	1
AATCCCAGTTAAAAGTGTGC	1
CCTGATCTACCAAATCAAAC	1
TTCATTTCCAACGTCTACGT	1
ATACCGTGGGACAAAAAAGA	1
AGGAGTCGTCAAGAATGACG	1
ACCGCTATTATTACTCATTC	1
GGTAGACCCAGAAATAATTC	1
ACCGATCAGAACAATGGGAA	1
AGTTAAATGCGGAATGGGAG	1
ATGAGTATAATTACTCCCTA	1
AGATGGCCTGGCTCAATTGC	1
CCGACTACACACAACTACCC	1
TATAGGACGCTTCCGCAGAA	1
TTAAGGAGTCTACCCTCCGG	1
AAGCCCTGCCGCTTTGTGTT	1
CCATCCAATGCAGAGCAGCG	1
ATCTGTAACAAGCCCTAAAT	1
GCTCGCGCATACCTTGTATA	1
ACTATTCGGTGACATCAAAG	1
TTACTTAGCCAATTCTCACG	1
TACAAGTTAATGAAAGCTCA	1
TGAAGCCGGATATATTGTCA	1
ATCAGATCAAACGGACCGGG	1
CAAACCGATGAAGGAGACAG	1
CTGAGGCGTTTAAAGTTTTC	1
GCGCCGTCAATATCGACGCG	1
AACTGCCTCGAGTGTATACG	1
ACGAGTAGTGCAAACAGATG	1
AGGCTAGCCCCCACCAGTTT	1
CAACTACGCGCCCCTACAGG	1
GCACAACCCTGCGTTACGAT	1
GAGGTCCGACGAAAGTCAAA	1
CTACTGCGACTCTCGGGGTG	1
GCACGATGCCCCCGAGCCTC	1
TCTTGTTAAGTAGGCATAGC	1
GCTGGATTCAAAGTACGAGG	1
ACTAATCCAATTCCCGAATT	1
ACCAGTAACTGTTGATCTCA	1
TCCCACTTGTTCCTTCGCAT	1
CAGTATGTACGAAGTAGCGA	1
ACAAATATAAATATGAAGGT	1
ACACGAACTAGCAAGCCACA	1
AATAGACCGAGGGCCGGGCA	1
AAATCAGCAGGAATCACCTA	1
ATATAAATGGAAAGAAGCAC	1
CGTGGCCCCCTGACGATATC	1
ATACCTATTCAAAAGCATCC	1
AGTCCTACCAGCAGCTAAGT	1
TTCGAATGTTGTGCAAATCC	1
CTTGTTCTACAGCTAGGTGA	1
TTGTAACTGTACCGCTTTAC	1
AGCGTAATAATTCTCCCAAG	1
GCCGCCTTACGGGTTACTCT	1
GCTGCAGCCGGTAATAGAAA	1
GGCATCCTCCAAGTGTGAGC	1
GTAATAGAATGGACCGTGGA	1
CCAACTTCTAGTTTTATCCT	1
TTGCAGGACCGTCAGACTCC	1
GTCAGTGAGGATTGTCCACT	1
ACGTTAGAACACGATTTGAA	1
AAGCTACGTAATGAAAGTAA	1
ACGACAGATTGTACCACGTG	1
CACATGTATAGGCGCTATGC	1
CAACGAAATATACCAAGTCC	1
AGAACCCTAACACTCTATCT	1
AATAAGCGTAGAAAATAAAA	1
ACCCCGGTACTCGCCCGGCC	1
ATGAACCAAACGGCAACGCA	1
GCTGACAAGCTTCGCCCCTA	1
TTGAGAAAAGAAAATTAGCA	1
AAAGGGCATGCGCTAACCAG	1
AGGCTTAGCAAGTGGGGCGC	1
GCGCTAAAGTTAACCACTAC	1
GTACCAGCTCCGGGCAGTCT	1
CAACATAGCCCACCCGATAC	1
AGGCGGGTAACAGCAAAAAG	1
CAAGATGTAAATATACGTGA	1
AGCGCTCACCTGAGCTCCTG	1
CTCTGGCCTTATTAGATAGC	1
TACCTCCCCAGACTCAACCC	1
CCACACGCCACCGTCTGAAC	1
CCGTCCTTCCTGTAACTCTA	1
CTCATAGTAATCAAGACTCT	1
GCGATCAGGAGAGTGAACGC	1
TCACATGTCCTAATATTATT	1
GCGGGTGAATATCTACAAGG	1
ATGCGCCTAGCACAAGCCCA	1
TTACGTTTAGTTGACTATGA	1
CAGTGCGCTGGAAATAAGTA	1
GCGACCTCACATTGTCCCAC	1
AACGCAATATCAACTAAGCA	1
TAACTACAACGGTTTTCAAC	1
TCGATTACCAATGTACGCAG	1
CTGCACTATGCAGCTCTACA	1
CCACATTATAGCCTCTCTAA	1
CACAGAGGAAACAATAAGTA	1
GTCGGATTTCTTGAGACAAC	1
GACAGTAACACACAGTTCCC	1
TAGACACTTGCATACATAAC	1
GACTCGGAGTGCACTTCTTA	1
AACAGTCCCACGTTAAACAA	1
CACGCCAGCAAGATCAAGCT	1
CCTTACACAAGGTTGTTAGG	1
TGGACTAGGCCGTGAAACCC	1
CAAAAACCCCGCCTAACCCC	1
GGACAACTCCATGAACAATG	1
AAACAATACAACAAATTCAC	1
CTGCAACGTTCCAAATAAGT	1
TCTATGACACGCTCGACGAA	1
AGATCCCTAAGTCACTACAC	1
AGTAGACATTGATTATGTGA	1
ACCCCTCACTTAACGCTAAC	1
ACTGCCTTCGTACACCGAAT	1
ACGAATACCCGCTCCCTCAC	1
AGTGGGATAAGTCTAGACCA	1
ACCGTACCCCTGGCCCTATC	1
GGACACTACCTGCTCTGCAC	1
TATCACTTTGAATCTATACC	1
ACCCGTCACTGTGCGGTGTG	1
ATGTGTGCAAGGAAACATAT	1
TGCGAGGCGCTCACTCAGGG	1
ATTTCAAACTCTCCCACGGT	1
ACACCCCCGTCACAACGTTC	1
AACATTAGGCTAATTGATAA	1
GACACACTTATGCCATTAGA	1
GTCCGCGATGATCACTTGCC	1
CACCATCTACACATCCTATC	1
TACCGAGCTTGGCTGTTCCG	1
GAATATTCCACGTCAACGCT	1
GAAGTTTTATGACAAGGCAG	1
ACAGCGCATTTCCCACATTG	1
TCCAAATAAGTACTGTCTAA	1
ACAGTATGGACAGTGAAGAT	1
GACTCATACCGCCCTACCAT	1
GATCATCAATCGATGGGAAC	1
TGCTGAACGCCCGTAGCAGG	1
TACAAACCACCGACCGACAA	1
TTACATCTGTATCCTACCGC	1
GACGACACCTGAAAAGAAAT	1
GCGGTCCCGCTACATCACTA	1
CATGAAAGCGGAAATCACCC	1
TCCCCTAACACAATCCCCGC	1
AAAACGTGCCATTCAACTTA	1
CAATAAAGAATAAAAAATTA	1
TCAACGACGGTAACGATATC	1
CTTCCAACCACACGCAACCA	1
CCTAAATCCCTGATACCGTG	1
CTTCAGCTAATCCCTAACAA	1
GATCTGCATTAGATGAATAA	1
ACCTTAAACATACAAACTCC	1
GAGGAGGATGAAATGTTCAC	1
TCCATGTCAAACCCTGTAAT	1
ATTTTCCAGCGTTCCGTTCG	1
CCCCGTATAGCAACCCACGC	1
TACGACGCCACCACCGCAAA	1
GGACACCGTATCAAACCAGG	1
AAAAGCATCGCGCGAAAGAA	1
AAGCCCCAAAACTCTCCACA	1
CTCCCTCACAGTTCCCAAAT	1
CCCTCTCGCCTGCAAACCGA	1
CTCTAGCATACTGGGGCTAA	1
AAAAACTGCTAAACGACCGG	1
CTGGAGTCACTCGTGAATGC	1
GTATCCCACCCTCCACGACC	1
CCAGTACTCCCCATCCAGAC	1
AATGCGACGCTTGCAGCATA	1
TTCGTTGATTAACGGTTTCA	1
TTCAAAGTCCCCCGCCGTCC	1
AAAAAACTAAAAGAAGCTTG	1
CTTCGATAAAAAAAGTAAAA	1
CTCCGCGTTCATGCTCACAT	1
ACCTCCTACGCCCAACCACC	1
AAAAGAGTCGGCCTGTGTAA	1
ATAAACCTTGCCTCACTTTC	1
TCTTCACCCGCACCCCTACC	1
GCCTTGTTTCCACCTCTTAT	1
ATAAGATCCCAAACCTGTTT	1
GACTGCACAGTGGTGTCCGT	1
TCTCCCTGTTTTTTTATCTT	1
ATGATGGTGTAATTTAATTA	1
GGGGTCTCCAAGGGTGTTAT	1
GTGATTAAGGCTGCTTCCAC	1
ACCCTTTTAAGCAATTAAAT	1
TGATCAACCAGGCGCTCATC	1
ATTGCTTACTTATACTCGAC	1
AACACCCCACTCCGCACGTC	1
AGCATGGTGCGCCTATTCAT	1
TGCTGTGAAGCGACAGTATT	1
ATCAAACACCTTCCTGCGTC	1
CACTCCACGGTCACCATCTA	1
GAACAGCACTATTATCCCTC	1
GTCCGATATTCCTATACAGC	1
GCACACGTTTTTAACAATTG	1
TGACCGAGTGCACGTCAGAA	1
AGCGAACGCAACAAGAGATT	1
GTGGCATGAAGAACGTGGTA	1
AAAGCACAATTTCACAGACT	1
AAGAAGAGTCATACGAAGTA	1
AGTTAGCATCTGGAAGCCAC	1
AATCACTTTGTTTGCCATCT	1
CTCGGCGTCCAGTGCAGTCA	1
AGGATACTAGCAAAACAGCA	1
ATCATCCCCGCCCATAGCCT	1
CCTCGGGATATTGCCAGCTG	1
CACCCCCAAACGTACAGAAC	1
GGTCGTCTAAATCTAGATTA	1
AGTCCTTACCGAGAAGGTTA	1
AAACCTTATTCATGCAAAAC	1
TCGCGTCCATACGCGACTTT	1
ATCGAATGTAACGTTGCTTT	1
AAGGTAAAATCATCTTATTT	1
ACGCATCTATATTCTGAAAA	1
ACAGTAAACGCCACAACGAA	1
CCACTAGACGTTGCCAATGT	1
AGCGAAGTGCACTCCCCAAT	1
GATCACTTTCCCTTGTACGC	1
CCCTGAGTCCACGCGGCCAG	1
GGTCCGACGTACCACGTGAG	1
ATTACTATCAACCTGTTGCA	1
CTAACGCCACAACAAGTCCC	1
ATGCAGCGAACAAGATTACA	1
GGCTAAATGTGAAAAAAGCG	1
GACGTGCACGTTAATAGTGG	1
CGATGACTCCCAACTACAGT	1
CTATCTCTCGCGGTTCTCAA	1
CAACCGTGACGAAAGCAATG	1
ATTTAGGAAACGAAAACAGG	1
CCACTCTGAATCCGTTTATC	1
TAATGGAAGTGAAGAGATGA	1
ATTAAAACTCTAGGGGGTTG	1
GAATGTTAGGGAGCAGAAGT	1
TAACGGAGTCGGACCTAAGT	1
TTCACCCACATCCCTACCAC	1
CTCCCAGGCGTCCATCTTCC	1
AACCGAATCGGTCCCTAGCC	1
TACACAATCTACACTTCTCA	1
CCTCGATTGTAAACTTATAG	1
TCACTTGAACGCGACAAATC	1
ATCTGTAGCTTCGAACCCCG	1
CAAGATCTCCCACATCTGAA	1
GTCTTATTAGCGAGCAATCG	1
CCTCTTGCAATTCGTATTAT	1
GAACATTTCGATCAAAATAG	1
ATCTGGACACAGGTTTACCT	1
TTATAGGCCGTTGTACCCCA	1
TGAAGTCGGCACTAGGTTAT	1
GAATTGGATCTGTATTTAGT	1
GCCAATACCCTATCTTGCCA	1
TCTCCTTCACTGCATTAAGG	1
GATAGGGTGTTATTGTGTTA	1
CCGTTCCCCTTCCTGCCCCA	1
TTAGGCAGCCCTACGGCGCG	1
TACCTATAGCGTGCTCTGTA	1
CCGCACCGAACCACCCGTTG	1
CGAATCACAAACTGCTCACC	1
GCCGACAACGGGGTAGGCTT	1
TAATAAGAATTTTAGGTGTC	1
CATCACTCTTGCATTGCGTA	1
CCTCGCGACTCACTCCTCAT	1
GAACAAAACCTACCCCAATT	1
TAGGCTAAGGCCCGCCAGGG	1
TATGAACGATTAATTAAACC	1
GGCGACCGATGGGGGAACAG	1
GTACCATATGGGGTACCATC	1
GCTCGGTTCAAACCCATACG	1
TGATCATGCCCGAAAGCCAT	1
CTACACCCAGCCCTTACTCA	1
TTCTGTCACTATTCCGCATC	1
TAATTCAATTACGAAGCATC	1
AGACTAGACATTATTCAAGT	1
CCGTGGCAATAGGTTATATA	1
ATGTTCGAGTATAAAGTCCG	1
TTATAAATAAAATTCAACCT	1
TCATTATTCCGACTTGCCCA	1
TAATCATATACAATGCCTTT	1
ACACTTAAATAAATAATCAC	1
CGTGGGAGGTAATCCAGGTT	1
ACTCAAAACTACCGTTCGCA	1
ACGTTATAAGTTTGACTTAT	1
CTTTTTTCCAGAGCAATAAG	1
ACACGACCTCATGTATTCAA	1
CGTCGCTTACTAATAGCCAG	1
GATCATGCCGACCATTAGTC	1
AACAGAACACCAGCCCTCCT	1
TACGGTAACCGTGATTTAAC	1
TAAACACAAACTTATACTAT	1
AACGTGCGGGGCACAAACCA	1
CCTCATTTCGCCTCCCTTGT	1
GAAACACTCCAACGCATCCC	1
GTACCTGAGCGGAGGTTGCA	1
TAACGGCTCAACGATCACGG	1
TTCGAGTCTTTAGTTACCGG	1
TTCTCTCCACTCCCCCCCCC	1
TAAAATCCGACTCTCTGTAT	1
TGAATCATGCAGTGTCGTCC	1
TGCTTCATCGTCTACTCAAG	1
CAATCCGCATTTCATAAGAT	1
AAGCCCCGGACAACCGAACC	1
TACGGTAAGTACAGCGACTA	1
CATGTCTACCAATACAATCT	1
CATATCATACTCGAATGTCA	1
ATCGAGGTATGCTCCGCCAT	1
AGCAAACTGACGTCGTGAGC	1
AACAAAAATGTGGAACGCCT	1
AACGGGTACGCATCCAACCA	1
GTTAAAGAATGATAGGTAAT	1
TCCTGTGTTAACTGATCCCT	1
TCACTGTTTATCACTCCTCC	1
CAAACGCAGTACCGTCCTAA	1
CGCCAATATTCAGGTTCGCT	1
GCAAGATAATTGTCTGTAGA	1
TGATCTTTTTCGAGTATAAT	1
GCGTCTACCTGACCTGCACT	1
TATTGGACAGCAGGCAACAA	1
CCCCCAAACAGCCTCGCACG	1
ATGCCCCCTCGCTGTTTCAC	1
CGTTTCAACGGTGTGTGTCC	1
GCTACAAATACATTCTGATG	1
CGCGAGCCGAATCTTAAAAA	1
TCTCCACCTAGTCTTAATTA	1
ATGTAGTTATCCGTATTAGG	1
AGACATACAGGCCCATCTCG	1
TGGGACAAAACGTATAACAA	1
AAACCTCCGCCATAGCTTGG	1
ACCGCGGAATCCTTCCTCAA	1
GACAAGGAACCAGGGTTTAA	1
TAAATCGACGTAGGTTCCCG	1
TGCGATCAATCATTTCTCCG	1
AACCTGGGGGCCCGCACAAA	1
CGGGAACTGCATATTCTTCT	1
AGTTCTAGGAACGTGATATA	1
ATTCCTTTCAAAAATTCTGA	1
CCCTGCGCCCCCCCACTCAC	1
TAGCAGTGAATTCCATATCC	1
AATTCACCCTGCCGTTTTGG	1
ATTCAGAACAGAGTTAGACA	1
GAATATGAGTACGTGTCATC	1
GTTACACAACGAGAGTCGCG	1
AACTACAAAGCAGAAATAAT	1
AATAATATACACTTCAATGC	1
GGGATTTCTAAAGAACACAG	1
ATATATCGTTCCCGCAGCGC	1
TCCCGCCGCTGTGACCACCC	1
CCAAGTACGACCATTGATAC	1
TTCTTGAACGGCGATTTCTG	1
GATGCAGCCGATAGCAGAGG	1
AAGGCATGTCTTTTCCTCCT	1
GATACGCCAAAGTACCCATT	1
GAAAGTCGTACCGCGTTACT	1
AGGTGCAGCCGCGTGGTACT	1
TCCGAAAAAGACTTTTAACA	1
CTACCGCTCCAACCCAGTTT	1
AAAACCTACACATAACCATA	1
GATGGGTGAGTTAAAGTATA	1
CCACCATGTACGACACCTCT	1
TAACACAGGGCAGCCTGCTC	1
CCGCTGGCTCTTACGGAGCG	1
ACGCGGGGACACCGTAGACA	1
ACGTATGAACTTGTGGAAAA	1
GCAGCCTTGCTGAGCAAGCG	1
ATGCAAGAACATGGCGCCAC	1
CCATAAAGCGCCCCCCTACA	1
AATAAACACGGCCTCGTGTA	1
CATTGGTGGCGTCCTTTAAA	1
ACTTCCTCCCCCCCCTAAAT	1
ACTAAGATACGGGCTAGCCA	1
ACACGCATGCCCTCAAATAT	1
GCGTTTACCAACTGCGTAGC	1
AACTATCAACGGACGCACCC	1
CTGCACGCTTCTAGGAAAGC	1
GGTATACTTGGGAACATAAA	1
CGCGTTGAATGTCACGTTTC	1
ATAAATCCACATGATTAGAC	1
ACCGTACATTCGTTCAATCC	1
GCAGAATAACTCCCGAGTAC	1
GGGATCCGACTAACGGTTAA	1
GACATGTGAACAAGTTTCCT	1
CTCACGTCAAAAAACACCCA	1
TTGAAAGTATTGAAATCGTT	1
GCCTTCAGAGTTATATTACC	1
CATATTTCCGCTCCTCCCCC	1
AGGTTTCTGTTAAGCCCTCC	1
CCTTTTCCTGTCTGTTTACG	1
GATTAATAGATAAGTAATGA	1
TATCTTTGGCCTTTAAGGAG	1
ACACTTACATATTCATCCCA	1
ACAGCTGTAAGAAGATGTTT	1
CACTCGGATGTTCACTCCAC	1
ACAAATTGATGCCGAAACAG	1
TACATACAGATGCGGTAGAC	1
ACGCGATACGCTACCAAATT	1
AAAAACCTACATTAAGGACA	1
TTGATTCAGAAACTCAGTAA	1
CCATACCGGATCAATGCGCA	1
GGCTCTTTTGTGAAAGGGGG	1
CGTACATGGGGAGTCTAGAA	1
GTGAATCCCGGCGAACAATT	1
TCCACGCGTCTCCTCTGTTA	1
ATATGCAACAGGGCATAAGT	1
TGAAGCACTTTAAGTGGCTA	1
TGACGCAGGGGACCTATGAA	1
GCCTCTGTATGTCGCAATAG	1
TCGCAGACCACCCTCAAACT	1
TGATACTTCGAGTGTAGCCC	1
AAGCCCGGGTCAAATGTTTC	1
ATACTGACCCAACCCACCTA	1
AACACCTGTTCAGGTTATGC	1
ACCTCTCGTAATTACATGCC	1
TTATAAGTAGACAACTGCAT	1
GACACTGTCATACTTACACA	1
TCGAATCACTCCCGCGCCAG	1
CAAACGTTCAACCTGCCACA	1
CACGCGCGGCGGGATACTCA	1
CTGCGGGTTGCACCTCCCCT	1
AGCCCTACCTCACACGCCCC	1
CCTGACCTCAGACCCAACTA	1
CTGCTAAAACATCCCAACAG	1
TTCCCGCTGGCGCATCGCCA	1
ACCAACACGTTCGACCGGCA	1
CTGCGCGGGGCATGCTCCGA	1
TCCCCTCCACCCCATGTGCC	1
CCCCCAACCGAATGCATTGC	1
AGTTCAATCGCCGCCATCGC	1
GCCGTCATAAATCTCCAAGC	1
GATGAAGATAATACATACCT	1
TCGCTATTCCTATATCTCAT	1
TGAGAAGTCCTACATAATGG	1
CGATTTTCAAGATCCATTGC	1
GCGAGTGATCTCACTCCACG	1
AATTAAGCCCGAAGGCAAGT	1
TAACTCCAGCGGCATGCTAG	1
TACCTCGACCGACGCCATTA	1
CTCGGTGACTCACCTCTTAG	1
ATAAGCAATTTGATGGCTTG	1
CAACAATGAACACGTTCTTC	1
CTCTTTACACAAGTGAGGCG	1
AGCCGTTAACCTTTCTCTCC	1
ACAGAGCCATATATTAGATA	1
GCAATCCACGATTTTATGAA	1
TTCATGCACCCCCACTACAC	1
TTCAAAAATTGTAAGACTAG	1
CTAAAGTGCTAACCCTCAAC	1
CAGCAGGAGTCCTCCGCCCT	1
AAAATAAGCCTACTCTGTGT	1
CACGACCCAAAAAGTTGCTC	1
CTGTCACCCCGTCACATACT	1
GCTCAATTTGGTGGCAAAGG	1
CAGCACCTCCCCAAATGCTA	1
GAGCTTGGACCGGCTTAGTT	1
CTTCAACACTTGCCATCTTA	1
TCAACTAGAGCGATCTAATA	1
GCATCACGGATAATTTTTTG	1
TAACTCTGTCCCCTTCCCGC	1
CACCGTCCCGGAGATACTTT	1
ACTAATAGACGAGGTGACTC	1
ACCATCCTCCCAAAGCCACG	1
ATAGACGCAAAGTACCAATA	1
CGCTTTAAATATATCTTCAT	1
AAGGAGTCTCCTCCCAAATT	1
CACACCGATTGTCTCGCAAA	1
TTCAAGTCGTTAGAATAATG	1
AGTGACCCCCTAGCAACATT	1
AAGACGGGTTGGTTTGTGTC	1
GATGACTGAGCTTTCAAGTC	1
GCTGGTTAATGTTCCTGATC	1
AGCGGCAACGGTGCATTGTT	1
ACACACCCAAATCCATGGAT	1
CTCACTATGCTAACTTGATA	1
AAGAACTACTACAAGTCCGT	1
TGAATATTGCTACTATCTCC	1
TAGAACGCTTTTCAAAAATT	1
GACGCTCATGAGACCCGTTT	1
AAGAAGGAGCAATGTAAGCG	1
CATGACCATTACAAGTACGA	1
CCTCATCCATCCTCTGAGGA	1
CACGTATCCACACGGCGACT	1
ATGTACAATGAATTACATAT	1
CCCAAACTACGATAATTCCA	1
GAAAGTAATCATATGTGACC	1
CTAAACATGATATTTAGGAC	1
CCTAACAGCCTTTTGCTGAG	1
AACCACATATCTCGCTCCCA	1
CTATGTTAGTAAGTAAGTTA	1
ACTATCGTTACATAGGAAAG	1
CGTGCCCGTGCGGCGTCGTC	1
ATACCCCACCTTAAGCGAAA	1
TACTCTTGTGGCTTTTGATT	1
CGCGTATAGATAATCCACTC	1
TATTGGGTTTGCGCGCAGCA	1
AATGCAATTTTTTAGCACTA	1
AGAAGGATGTGACCCACTAA	1
ACTTGTCCTTAATACTCTCC	1
ATTTACGACGTCGAGAATGG	1
CCGAAATTATAGATGCTAAG	1
CCCCTCTTCTGCCATCAAAA	1
TGTTGCGTTGAAATCATTGA	1
GCCTGTAGCACTCACATACC	1
TGGGTTCAGTATAAGTAAAA	1
GTTATCAGCATATCAACACA	1
GAATACGCCTGCTTAGCTTA	1
TACAGTATTTCTTGCAAGTG	1
AAGGAATTACTGGTTAAAAC	1
CCATCTGGCGATAGTAGCCG	1
GCTGCTAAGGAACCTAGTTA	1
AGCACGGTTTAATTTGTCAG	1
TCAGCACGTCCAAAATCAGT	1
AAGAAGTCAACAGTTGGGAC	1
ATTTCCTCAGTGAAAATCAG	1
CGAAACATCACAGCGTCCAA	1
GCGTTCAACAGACTAAAAGG	1
TTATTTGCAGTGTGCCCGGA	1
GACAATATGGGGATAACGAA	1
AATTAGTAGACGTTCCAAAT	1
TAATTACTCGTCAAGGCATA	1
TGAACCTTATTTCCCATAAC	1
ACAAAATTAATCACGTGCAG	1
CTTCATCAAACATCTAGCCA	1
AAAAAGAGGTAGAATAAGTG	1
TGTGGAATTTATATGCATCT	1
CTTCAGTGCCCCAAGCATTC	1
GCTAATCCCGTATCAGACAC	1
AACCAACATACAGAGACTGT	1
GATGTCTCACTGTTAACACG	1
ACCTAGCCTATTACCTAAAA	1
AGAGGTAACAAACCTATACC	1
ACAGCGCCCCCGTACTACGC	1
CCCGTTTATGCCTCCCCATC	1
CGAGCCCAGGAGGTACCAAA	1
CATGTTTTAAACAAAGAAAA	1
TGTTTAGCAATAATTAGTTA	1
CGAAAAACTAAACCTCCTAC	1
CTCCCCTGCCTCCTATGGCA	1
CTACTACCGTGGCTCCTGAG	1
TAAATGGCTAAGCTCCAGCT	1
CTCACACTGAAAAAAGTGTC	1
ATACTCTTATGCCTCCAGAA	1
TCGTATTTGGCTCCTATAAT	1
AAAAACAAAACGGGTAAAAA	1
CTGGGGATTGAATACTAACG	1
TGAACTGAATATTCTAAAAT	1
GCCCACCCCGCTTTCCAACC	1
GAGGGCCCGAGAAGCCCTGT	1
TGACCAACCCACCTCTACTT	1
CGAAGACTGACACCTGAAAT	1
GTCTTATGGCCCAATCTTGT	1
CCACACACCATGTACGCATA	1
ACACACCTCTTTCCTTGGCA	1
TACCCTGCACCCCCCCAACG	1
AAACTTATCTATACTTCGCC	1
TTACTCCCCGTCAAGCACGT	1
GCCGACCCTGGAAGAACATA	1
TACCCCGAGTATGAATGCCC	1
CACACAATTTGTATCTTTAG	1
GCGTTGTCACGGCGAATACC	1
GGATCATGAGCTGCCCCGTC	1
TTAAGATACGGGGGCACGTC	1
ACTGTGGCTCATCAGCGATA	1
AACAATAACTTGACCACTTA	1
GTTATGACAGGAGTAGAGAA	1
GGTTCATCGGTACTTTTAAT	1
ACTTAGAAATGGCGTGTAAC	1
ACTCTGTGAGATAGTTACCC	1
TTCCACAACCTTCGCGTTGT	1
CCTGCAGCTCTAAGTAAACC	1
ATACATCTATCGCCTACTTC	1
TTGCTTAGTAATTTATAAAC	1
ATGACTAACTGATGACGAAG	1
TTAGTCATTCGGTGGACAAT	1
GCGACCCGCGCCAGCAGTGC	1
ATCTACAGCGTAGCATCCGT	1
AGCAATAACCGATGATTGAA	1
ACCAATCCCTTATCCCCTGA	1
ACATACGCGCAAAGCAGCAC	1
AACTAGTCCCTCCCTCCGAA	1
GTAACGCGGAGGTCAAGTTA	1
TTATATTGTTTACCCCTCCC	1
TTCCGCCGTTCATCATGAAC	1
TACGCGTGAGCTCCATTGAT	1
CTACTGCGCAACCGCTTAAT	1
TCGCAGAAAGCATTACAAAG	1
AAAGTGCAAAAAGTCAAAAA	1
TCGATATAGGAGTACGCAGC	1
TTCCCCACGTGTCGACGGAC	1
GCCATTACAGGGCAGTCGAC	1
AAATATACACCGACCACAAC	1
TCTTCGGTCATTTTAACCTT	1
ACAGGTAGTAGGACCGCCAT	1
TAACAACCGCCATCATTATG	1
CCACCAAAGCGAAAGTTTAC	1
CTCGATGTGAGGCGACGGTT	1
CAACCGCGTAAAAAACTATG	1
CCACTCCTCACACAGCAGAA	1
CAAAAGACTTATTACCAAGT	1
CCAATCGCTTCCGCGACATA	1
AAGTATACGCAAAAAACCAC	1
AATTCATGACTTCCGCGACG	1
ACGACTCCTCCCAGCACACC	1
CTCGACGTTATGAACCACCA	1
ATGCATAGCAGATGTTATAA	1
CCGTTCACACACATGTAGAC	1
TGTGCACGTGTCTCAGGTAT	1
AAATGTGCATTCGTTTTCGC	1
ACTATGCCGCACCCTTTCCT	1
CTGGTGTCAGGACACACTTC	1
TATGAATAGACTAACTCCTT	1
CCTGCTAATGAATTGACACA	1
AAAACGCTCCGCAACTTACC	1
GCGTATACGATCACCTCAGA	1
CATGTGCTCTTGGTTGAAGT	1
AAGTGCTTGTGTGTCTTAAG	1
AATTGAAATAAATACAGCTG	1
TCACACCCAGTTTCCAACTA	1
CGCTACCAGGAGACACTTTC	1
TATCCGTCGCGGCTCTATAC	1
TACGCGTATTGACGGAATGA	1
TCACCCCATCGCTAACCGGC	1
TATTATTCCGCGTAGACCAA	1
ACATGACAAGTTCCTGGTAT	1
AGTTGCATCAATGCTCACAC	1
GAATCTGGCTACCTTACACA	1
AAATACAAACAACTGCTTGC	1
TCAACCTTTTAGCTTACAGG	1
ACGTTCCCCATATATACCTG	1
GCATGGGAATTATGCACATG	1
CAAAACGTCTAACGCTACGA	1
CACTCGTCCCCCTGATCCCC	1
ACTGAGAAGATGCAGCACAC	1
TAAATTGAACGTCCATCTGT	1
GACCCTACCCACCTTTCACC	1
GCCTGTCCATCCCTGTCATG	1
TTTATCCGTCACGAGCTTGG	1
TACGTACGTACCGCAAACTC	1
ACTCTTTAAGTCTACCTCAA	1
TACACCATTCAAGAAATTCA	1
AAGGAACGGTGCCACCTTAC	1
ATAAATTCATTGAACGAAAC	1
TCCGCACTTAATGGCTCACC	1
AACTACGGGGGCCTGATTAG	1
AGCTTCAGCTTAGCCGACAG	1
GGTTAACAAGTTACTAACAC	1
GAAGACCACGGGACCGCCTT	1
ACAAGATAAGTTTCGCAATC	1
ACCTTCCCCCTATACCCCCG	1
GAGTCACCTTCAATTATCAA	1
CTCATTACCCTTCGCCCATG	1
GATATACCATCGTCCACAAA	1
AAGCGTCACAATGTCTTTCA	1
TCAGCCCGTATTTCCTCAAA	1
CATGACATCACGTACACATG	1
ATTAATCTCATACATGCAGT	1
ATTGTGTGAACGAGCCCGCG	1
ATGAAATATATAAGTCCGCG	1
CACGCACAGGTGGTAGCTCG	1
ATCACATCGATTTACACCCA	1
AAAAATGGTTCCCTCACCCA	1
ATAACCGACTCTGTTCTCTA	1
TAACCTCTCCATGGAGAATG	1
AAAAAAACAACAAACGAGCA	1
CGAAAAGAGTGAACGCGTAC	1
AGTCAATAAAATCTAATACC	1
TATTACTTCGCAAACTAGCG	1
ACGATTAGATGGTCTGAGGA	1
ACGGCATTACGCCGATCTAA	1
CCCGGGATTAAAGCGCTCGT	1
ATTTACTACTCCGACAGTAG	1
ACGAAGATTTAAGTGTCCGG	1
CTTCCGAGAAAAACCATAAT	1
CTGCTGCCCTCCGTTCGCAC	1
CCAATAACATTTTGTGAGAA	1
CTTCCTAATGGATAAAATGG	1
TTCTGGGCGAACACCTCAAT	1
AAATAAAGTCCGGCCTATTT	1
TTTGGAACAGATGAACGATA	1
CAAGTTACGACGCTGTGCCT	1
ATTATAGAAATTTTGATGGA	1
TAAAAATAAATGTAAACAAC	1
CTATCACCGGTTTCCACACT	1
TACCACGTACATTGCAAAAA	1
GCAAATGACATAGTGTAATT	1
CCGGGACCACAACAACACAC	1
AGTCCTCTTGTAGGACTAAG	1
CAGTAAACGTCATATATTCC	1
GACAGCAAGACGTCTACACG	1
CCCAAAGTATGTAGTTCAAG	1
AATGTGCCACCAGAACATAA	1
CAAATCCCCACCCCCACCGC	1
GAGAGGGGTATACCCCATGT	1
ACGGGAGGGCCCCAAAAAAA	1
ACTACATCGTAGAGTAGCAA	1
GTTAGACCGTGAACGAAATC	1
GCGTTCCAATTTAGAGCCAC	1
TAACCTTAGCGAGATCTGAC	1
ATTACGATGTAGTTATCTTG	1
AGACCTCCTTTATTGCTCCT	1
TTCCTCAATTGTCGTATCGA	1
AATACAGCGTTATGAAATAC	1
CGTGACAAGATGGGACCTAA	1
TGCGACGATTGAGCCAATGC	1
TGTCTCCCCCCCAATTGTCA	1
GGTGTGGTAACGTTATACCC	1
CACCCCATATTTTTTCCAGG	1
ATAGTTATGTAACACTTTAT	1
ACGGGTTAGTGATCATACAT	1
TGGTTCATCGAGATCAATGT	1
TGTTGTGCACTGGGTGCGTC	1
CGATATGATACGGGAAATCA	1
GACATAGTACTTGGTTCAAA	1
AGGTTTGTGTGATCTAAAAT	1
GGCCATCTACGTCAGCCTGA	1
TAACTATAAAACACGTAGCA	1
CATTTGACGGGACGGACCCC	1
GTCTAAAAAGAACCTATAAA	1
GACATTTATACAATTATTAA	1
GACGATCACGTATGACAATA	1
TATTCCCCGCATCCCCAACC	1
GGCATGCAAGCTACATCGTC	1
TACCGACCGTACGGCACCAT	1
ACAAGCCTCCAGCCTATAAT	1
CATGTACCTTCTCATGAAAG	1
ACTAAATAGTATTACTATCA	1
GCAAAATTAACACTCGTTTT	1
AAATGAACCATATGGTTCAA	1
ATAAGAATTCACAACTTACC	1
ATAGGGAAGATTCCGCAGAC	1
AAATTTACCCCCCCACCCAA	1
GCGCCACGACATTAGAAAAA	1
TGACGTGTTCGCGCACACGC	1
TTTACAGCGACACTAGATAA	1
ATGCTAGCCCGGGGCACCCC	1
GATGTGAGACGTCATAAACG	1
CATGATTGCTAGGTCGCATC	1
GGATGACGGTGTGGTGTAGA	1
ATACCTAACACGCAGCACGG	1
ATCTTTAGCGGCAATAATAT	1
ATAACGTGAAGGTATAGTGG	1
TGCTACTGAGTAGCATACCG	1
AACAACGCATTTCTCCATAG	1
GGCGCACCCCGTCACGTATC	1
ATTTGAATAGGACGTAGAAC	1
CACAGAACCATTCCACCCAC	1
TAAACATGGCGGGCAACACT	1
GTAATCCACTGGAAACCTGG	1
ACTCAATCCCTGAACTCGAA	1
ACAGACAGTTATCACTGCAA	1
CCCAGCAATTCTTCTAACAC	1
ACGTGGACGCGGTTACGGCA	1
CGCCCCAGCGCTCAACACCC	1
AGTAAACAGGCACACGTTGA	1
AAACAAATCGTTGCCATTAC	1
GAGCACTATACTGTAGACTG	1
ATCGCGTCCCTCCAACCAAT	1
AGGCACGCTCATTATTAGGA	1
TTGGTGGACACATGGAAACA	1
ATTTGCGCGACCAGGATACC	1
TAGAATAATCTAACAATGAG	1
CAGGAGCACAGTAAACTAAG	1
TTAACTTAACAACGCTAGGT	1
CTATAAGACCAGTCACAAGA	1
GGAGCCTCCACCTTCAACCC	1
ATCAGCGTGACATGAAGAGT	1
TAGCCGGAAAAAATAATAGC	1
TCTCTCTTTCCATTGGTCAT	1
GATGTATGTCATACAACCAT	1
ACACTTTCCCGAACGAACGC	1
GCGGCTAGGAATAGCAACCA	1
GCTTAGAGTTTACATTTAGT	1
AGCGAGAGTTGCCTAGTTTA	1
ACCCAACTAACACAACCTCA	1
AACAACAGGTATTTAGCCCC	1
ATTCCCTACAGGAAAGCCCT	1
TGCCGCCAAATATATCCGCA	1
GCAGGACCTCAGAATCCCGA	1
AGTTCTACGGAATATACAAG	1
CCAGGTCGCCCGCCACCTTT	1
TAAGAAATGACTCTGCTTAA	1
CGCCCTCCGGTACCCAACCC	1
AATGTACCATTCTGCTACGC	1
CATCTTTGCTTCGCCGTTGA	1
CATCTCTTAATATAGAAACT	1
TAACGCCTCTTACCCATTAT	1
TCGTATTCCTTGTGATACAC	1
GCACACTTCCGGTCCCACAC	1
AATCCACTCGACACAATCAC	1
CAGGATACCAGTGCATGATG	1
TGTAAGATCACAGTCCTGAC	1
CGCTACGGACATTTCCACCA	1
AGACTCGTACACCGCAGTGC	1
GAGAGACGGAACACCTGCCA	1
TCCGCGCAAGTTTGTCAAAC	1
CTACAAATGACGCACTAGTA	1
GATTAGCACACTGACCACAA	1
GAACCACCACGGAAGGGCAC	1
AAGACCGTAATTAGTGCACT	1
CATTCGACCAGGCTGTGTCT	1
GCAGGTCATACAGACAGCTT	1
TCATACCTACGGTCATGCGC	1
TGTACAACGTGTTGCGTATT	1
ACAGAACATAAAGGTGAGAA	1
GCACACGCTCCCGTAATGGC	1
GGGTATTGTGATGGCGGCCT	1
TGAACACACATAAACAGCCA	1
TCTGTGCTGCCTGACTCCTT	1
ACGTAGTCCACATGCATGAA	1
TCAATGCGGGGAAAAGAGTT	1
ACGGCTCCTCTAAGGCCCCG	1
TAAACTTATGCGTCTGCTCG	1
AACGATGGGAAGAACGACAG	1
GCCACCGTTACAATTAATTT	1
ATGACCAGCGCGATGGCGGG	1
AGATAGGCTACGAGAGAAGA	1
TGGGTCTCGCGAGATCCCGG	1
ATCCCTAGAACCCATACCAC	1
AATAACAGACACGAAAAAAA	1
GTTTAGAATACTTCCTCCGC	1
ACGCGAAGCCACGGTAAAAT	1
TAACGGTCTTTCCTAACTCA	1
ATAGTCCAATAAACAAACCA	1
CACTGGTGGATTCGCATAAA	1
AACTTTGCTGTATCGTTCTT	1
ACAACCATCTCCCATACAGG	1
GGACTAAATCTCTATGGATA	1
TGAACCGAAACAGCCCGCAA	1
CAATTGCGTTCAGTAATGTC	1
TTCGTAAAACTATCTAAAAA	1
TTGCTGCATGCTGAGCAAAG	1
GTGGTTCGAGCACTATTGTT	1
AACGAGAGCCACTGGCCAAA	1
TAGGACTACGAACAGACTTC	1
GCTGCTGACCTTTTCAATGG	1
TACAACAACGAGCTGACATC	1
CCAACACAATACGCTTCCCA	1
GCTATTATACTCTCTCAGGT	1
AACCGTAGATCCAAACCTAG	1
ACTATCCAACCTAACTTGCA	1
CATTTATTCGAATAACGAGC	1
CTACCCGTTTAGCCAACAAC	1
ATCGTGGTAAAAAGCGGAGT	1
TGCATAATAATTAGCATGGT	1
ACATCGAACAGAGGCTTCCG	1
TAATAGACTAAAATTGTTCG	1
TCCTCTTGTGATTGTCAATG	1
CTATCTGATTTTCCACCTCA	1
CACTTGTGAAACCCTTGAAT	1
TATAGCCTTTCCGGCTTATA	1
GACAAACCAAACCCACTTGC	1
CAATGTCAACCACTCAGAAA	1
TAGCGTACCAATTATAGAGC	1
ACCCACTCTATCCCCAGCAA	1
TTAGATTCTGGGAGTGTACC	1
TACTTCCTAAATACTACAGT	1
ACCCTATGTTTTCGCACAAG	1
CAGCCCCCGCGCGCAAAACA	1
GAGTTTACTTTATCGCCTCT	1
AATAGGCCACCTATGTGGAG	1
CCACGTCCGACGCCTTGACG	1
GGGTGACTATAAATTTGTAT	1
TTACACTCTCGGCACAACCA	1
CTTAAATGATTTCCACACTT	1
GCTTTTTCAATTATCCACTC	1
GTGTATCCACACGAGAGAAT	1
CGATCGCCGACCCACAACGC	1
GTCCAAAGGTCTTCTAAACT	1
TTTAACGTATGAGTACATAC	1
GTTTCTATTTCGCCGACATA	1
CTTGATTAACCTGTAATGAA	1
AACCCTACTCGTGCTGGAAA	1
GGGTAACTACCAGAACGGAC	1
ATAATATGTTCAAGAACTTC	1
TACCTACACCCCTCAGCTAA	1
GCGTAATAACATGCTCGTCA	1
CGACGTAAGCATTATGATAT	1
GAATAATGACCATTGGGCTC	1
AACCTGTAAAGCCGCCCCAA	1
CCCGGTTCAGACTACACTAG	1
AGGATGTAACTGACCAATGC	1
AAACCACGGATATGCAACCT	1
ACGTATATACCTTGCAAATG	1
TCTGCTCCCACGACACCCGA	1
GTGTGGACAGGGACATTATG	1
CTCCCCCCACACGTTACCCA	1
CGCACTGACACCTACCAAAG	1
TTAAAAAGTCTCTGCAGATA	1
TCCAGTTGAGCAATGCACCT	1
TCATGACAACCCCACCACCG	1
CCTGGACTATCGTGTGTGTC	1
TAGGGCGCCCCTAGATGCCA	1
TAATAGACCGTAATAAAATG	1
ACGGATGGCTGTTAAGAAAA	1
CCATGCGTCCTCGCCGCGAC	1
GGAGCCACATCGAGTTACGT	1
ATATTAACCGTGAGATAAAT	1
TCCCATTATCCTCGCAGCCC	1
AGCGCGGACACGCCCATTTT	1
GCGACACACACTCAATAAAT	1
GTTGATAGAGGCTTAGTATA	1
TACAGCAACACTTGCGTCCG	1
TAAAGTCCGCAACCAAGTTC	1
AGGATCGCGATATGCAGAAC	1
CAAGACTTCAAGGTCGCTAA	1
TCAGAGCACGCTGCTCTAAC	1
ATTCTCCGGGTTGGCAAATC	1
ACGGTGCACACGGTACTAAG	1
CTCAATACTACCCGACCCGC	1
TGCATTTCATCCACCCCACA	1
GAATTATGTGCAGCAAAGGT	1
ACACGATCAACCCTCCACAA	1
ACCTTAACCTGTTCTCAAAC	1
TTATGGGGCCTACCTGTGCC	1
CACAATCTTAGTACACCACA	1
TAAGCCGCAGTGTACTCAAG	1
ATGTGAGTTCCAACGCACCA	1
AATCCACGTCCCATTCACCG	1
CTCGAATGATAGTTCACTCA	1
CAGCACTTACACCGGATTCC	1
CCTTCCACACTCCGCCACCC	1
AAATCAGGTGATGAATAATA	1
TCTGGAGAAGGTCAAGCGCC	1
TACTGGTGAAGGGGGAGACT	1
GTAGCTGTCAGTACTATGAC	1
ACACACGAGCGACCACCCAT	1
AAGAGAGACAGTCCTACGGA	1
CTCCACCAGGTACTACTGTA	1
ACACCACTAGACATCGATTG	1
CTTAAAGTTTATAATTGGTC	1
TGTAGTCATGGGAAAATGGT	1
CACACTAGGTCAACGCAACC	1
GATCGGCCCAAGTAGACCAC	1
TTTTAATTAATCCGTTCCAC	1
GTTAGACCACCCTATCACAA	1
TCCTTTCCCGAAAAAAATTT	1
AGTGGTTAAGACCAAAGGGC	1
GGTGTAATCCACGAGCACAT	1
GATGGGAGTAGGTGGTTAGT	1
CACGTTGTCAAAATTGAACC	1
GGCGAACGCAACCACCTACT	1
GGGCAACTTACAATCCCTTC	1
TATCCCGAAGTGCACCTGAC	1
GTACCGCCGCCAACAGTTCG	1
GCGTACGAGTAGCCCAATAC	1
AAATAGCCTCCCTAAGACCG	1
ACACACATTGAGCCTAATTC	1
TTCAACGTTATATCTGTCCA	1
TGATTACTCGATACCGTCGA	1
TCCCACTCTAGGCACCTATC	1
GAATGATCGCGCCACAATTC	1
AAACCCATGACTTATAATAA	1
TGACATGGCGTATTGGTCAC	1
AACCTAAGTGTGGAAACGCT	1
AATTCCAAAGGACCACGACA	1
CCTGTCGCATAAAAAGCGTC	1
ATCCAAGACTCAAACCAAGC	1
AAAGGACTCGATTACAAATT	1
TTGGTGAACCAAGGTGGGGG	1
CAATTGATAAACTAACAGGG	1
CTGTATGCATAGAGCACTAA	1
AGCGAACCTTATCCAGATTC	1
TATGACATAAGTGCTTATGA	1
TAAGACAGTGGCGTTTCCAG	1
ATCCGCCATTCTATGCACTG	1
CAATAAAGTTCCCGCCTCAC	1
ATAGTTTGAGGGCGATAAGG	1
TATTTTGAATACTCCGACTA	1
GCACATAAGGTCACGTATTC	1
ACAAAAACAGAAGAAAGCTT	1
TACATGACATTACAAAATGT	1
CTCCGATGACACGATTCTTA	1
GTAGGAATGATTGTGTATAC	1
CGTATTACCTAAATTCACCA	1
CAAGGCGTACCATTAAAACC	1
TCCTCACCATTCCCTTGCTA	1
TGCTGTGAAGCTGAACAATC	1
GGTCCATGCACCCTATAGTA	1
AGGTAAGCCTTCCGCCTTAA	1
GCGAGTTTTGTCTTAGTAAG	1
GAAAATCACACACCGCCGTA	1
GCACGTAAAGTCCTCGAGAA	1
TAAGAAAGGTTGGTCAATCA	1
ACGATGTTCACCCAGTAAAT	1
GATAAATTTCCAACTATTGT	1
TTTTCACAGACACAGGCATC	1
CGTTCCTTTTGCCGTGTGAA	1
CGATGAATTGTCTAAACATA	1
TAATGTAAAGTCGTTGGACA	1
GGTGCGCAGATGTCTTCGGT	1
CGTAGTTTAAGTTTGGATTA	1
AAAGGTATTCTGATATTTCT	1
AATTGAAAAACATTACAAAT	1
CATTGGACAGCAGAATGAGC	1
CCGCAACACGCCTGACCTAT	1
ACACCTCTGCCTTAGTTGCA	1
TCAATTGGAAAGAGGTCATT	1
CGCCTAGACCCACCCTAGCG	1
GAACATAGTTCAGGGGAATA	1
ACATGCAGCCATTGACAACC	1
ATCATTTGCATGGTTTCCCT	1
ACATGTAATATAAGGACATT	1
AAAATTTAAGTTCCCACCCG	1
CATAGATACCTTACCCCTAC	1
GCTGACGCAGTGTCCAAGAC	1
TATTACTTAACGTAGTTTCC	1
TTAAATTTTGTGAGGAAAGC	1
TAGCGCTATATGTTAGCGCC	1
GCCTCACACAAATCAGCACT	1
TCGCACGAATCCCTAGTTGC	1
AAGGGGCCCCATACAAACGA	1
GGCTGGTAATCCATGATGGA	1
TAGCGACCGCCAGAAAGTCA	1
GGCGCCTTAATTATAACGTA	1
GAAACTAATGGGAAGTGTAA	1
CTGCGCGTGCACTCCTATGG	1
TCAGAGTATGGCTGAATTCA	1
CCAACAATGTCCACGCGGTG	1
CCTGCGCAGTCCAATGATCA	1
GTAGCTAACGTATCAACTAA	1
CACGTCTGTCGTTATCGCAT	1
GCACTCAAATGAACCGACAA	1
CCCTCACCACGATTGCTTCA	1
GATGAAACATTTCTAGTTTC	1
CCTAGGCTAGCTTTGCCTCT	1
GAATAGGACTAGTAGTGGCC	1
TCAACGCCGCTACTGACTAC	1
ACCCCGTCCCTATCATAGCC	1
ACCCATACACTACATCTATG	1
AAGTTAGGCTAAGATGCTGG	1
AACACGCCGCTTGCGCCCGC	1
ATGTTTCTTAACCGACCATC	1
ACCAATTTGCCCTCCCCCCA	1
GATGAAGGACCAAGCATTAC	1
AGACATTCTAGGAACATCGC	1
ATACCATATAACATTAATTA	1
ATGAGTTATGAGTCCACGCA	1
AACTAAGTGAAGATAATGCT	1
AGAGACTACTACAGTCATCA	1
CAAACTACAAGCAATACTAC	1
TATTAAAGTCACCCGAGCCG	1
GCAGTATCGGAACAATATTA	1
CGTTAACAATGTTACTCCCG	1
CCATCAACACCCTCCTACAC	1
ACGCGTGCTACCCAGACTAC	1
ATACTCCTAATCGCACGTAC	1
AATGGACTTCGTACATTTCA	1
TCTCAACGAAACAAGCGACG	1
ACTACCCGATCATGCTCACA	1
AGGAGGAGTTTCTACCAGCC	1
GTCCGCGAGGAGCAAACGTG	1
ACTTACAACTTGCGATGAAA	1
ATCTCGCACCTCTCTCTACA	1
GTCCGCCCGCAGTCACCCTC	1
ACGGTCAAATTACTGACTAG	1
AATAGGCACCAAACTGTTTC	1
AAATTAGCAGAAACTAGCAG	1
AACCCACCCTTTCCCCCCCG	1
TAATAGAAACGCCACACCCA	1
ATGTGAATTATATTCTACCC	1
TAGCGTCTGTGCACAGTTAA	1
CTTCGAGAGTACAGAGGGTC	1
GAACCTTAAATTAATCAACT	1
ACAATAAACAAACACTCTAT	1
CGACTATCTCAAGACACGGT	1
CGAACAAATAGGACTTACTG	1
AAAACTGTAAGTTAGAGCGC	1
ATCACATAATGATGAAAACG	1
ACTCGTTCAGTCGCGCAGAA	1
ACCCGCCGACATACCTCTCA	1
TTTCTAGCAGACTACATAGG	1
TAAGTCACACCCGTAGAGAA	1
TTTATTGTATGCAGTGTTAG	1
AATGATGGCTTGTCTCATGC	1
GAAGACTTCAAACACTCCTC	1
CGCTGCCCACACACTAGCCC	1
TTAAATATTTCTGTATACAT	1
AGGTTGATAAACTAAGTGAG	1
ATCCCCAGGCCAGATCCGCC	1
CACTACGTGACTCGCCTACC	1
CACCTCGTGTTGGTGCGTCG	1
ACACCGCACCAAAAAAATTC	1
AAAAATGTCAATACCTTCTA	1
ACCCCGTCGCAACGCATGCG	1
CCGACTCCCTACGCTTGCTA	1
ATTATGTTATTCGACTCGAT	1
AATACGAAAATCAGATGCTT	1
TTAATCAGCTCAAATACACC	1
TTTAATACGCCAATAATGCT	1
TTTTACAAGTGAGGGATTAA	1
AGGTAATGCTACAATAACCA	1
AAAATCCGATTACGATATAC	1
ACAGATTAACTGCCTAACTC	1
ATGCATTTCATAGATCCTAC	1
TGGCCCAGCATTATAAGAAA	1
TAGTCTCTGCGGTTCGTAAA	1
ATTGTAACGATGCCTACAGA	1
CTTTCCTGAATTACCTTTTC	1
GTGATTAATCGGACGAAAAC	1
ATGAATCTCGTGAAAAGTTA	1
ATGAGACACCCCTTGCTCTT	1
GCGTTTGGAGAACACATGTC	1
GGCTAATAGATCAATGAACA	1
ATTGAATGCCAAGGAGTACC	1
CCCCTCAAGACGTGCTTATT	1
CTTTCCTATTGTCGTCACGA	1
GCGACCAACCGCACCGCATG	1
TAACTATGATGTTCGCGGGT	1
CGACTGACGCCTTGCGTAGT	1
CTTTGGCAGCCTAACAATAC	1
ATACCTTCCACCCCATGAGT	1
GTATTTCGAATCATCAACAT	1
GCTTGAAACACCCAATCATA	1
AGGAGCCTACCCACGATAAT	1
ACTATAAACCACAGTCCCCG	1
GAAAGATACATAACGGAACT	1
AGTCTCTTGCATTCCCCACT	1
TGGGAAGCAGCGCACAACAA	1
CTGCCCAGACCCCCACTAAC	1
GGGCGCTGCACACCCCTGAG	1
CACCCACCTTACCAACAAGA	1
CGCTTAACAACTCAAACGCC	1
AATCAGAATAAATTTAATAA	1
CATCTGTATCTACTCAGTTT	1
TCCGCAAGCTTGTACCTCGT	1
AAATTACACGGTTCCCTATC	1
GGTTCACACGGAATTAAGGT	1
CTGTTTAATATAGTGCGCTA	1
CACAATCGGATCAACAAAAA	1
CTAAAACGTTGGGGGCTTCC	1
TCATACGTCAACGTATGGCA	1
TAATTTATACCGTATGGTGA	1
ACATCACTATGCACTGAATT	1
CCTGGACATGAGACCGCGTC	1
ATTTTTTCGAGGGAAAAAAT	1
GATAGTTTTCCAAATTGCCC	1
CTGCTATGTCAGGGAAGCTG	1
GAGAAATGTGACCTGGCAAG	1
GGGTAGCCACACGCCTATTC	1
GCGACCCTTACAAATGAGGG	1
TTATGCAAGCACCGCGCAAC	1
TTCCTGTAAGCACATATTTA	1
CTAACCCGTGCATAGCGCTT	1
TCCTCCTGCCGTTATAAATA	1
CCTCACATAACTGGTGCGTA	1
CTGACCACCGGGTAATCGGA	1
TCAAGAGACACCCTGTGCTG	1
GCGAAGGACTAAAGAAACGT	1
TCGCAACCCACCCTACACGC	1
GCTCCGTAATAGCTGGACAC	1
CATTGATCTGCCCCATTCTG	1
CAATCCATCAATGGCCCGAA	1
TAATTGGAACATCTTGATGC	1
ACCATCCCGCCCAGGGGTTT	1
GTCACAATGTTCTCAAACCG	1
CCAGATGTTAACTAAGGACA	1
AAGGCTAACCCTCAGCACGT	1
GTAAAATATAATGACAATAC	1
GGTGAATATGGCTCATATAC	1
CCACACCAAGAGAACAAGAC	1
CCCCTGTCAAACAAAGCCCC	1
CCCTAGCTCCCGTCAATAGT	1
GGGACCACGGGACAATAAAA	1
CCCGTAATAAACCGGTCCCT	1
GTCCCATTGGATACGTATGG	1
ATCCTATAAGTATTAAAAAG	1
TTTAGCGCATTAAATATTAA	1
CACTAAAGTCCTCATATGCG	1
CCTCATCATTCGTACAGCTA	1
TTGTATTGCCAAGGCGGGAC	1
GTCATCTCACCACTTGGTTC	1
GTAAATAGGTTACCCGACTG	1
TAGTAAAAGCCTGGTGAGAA	1
CGAGCTTTCGTAAGACTATC	1
CCAAGAATCCCCCTACCCTA	1
CATCTTACAGATAACACAAT	1
ACGGCTCCTCCCTAATGATA	1
TTCCGATACTACGCTCTAAT	1
TCTTACCCATACCTAATTTC	1
TTTGATGAGGAAAGATTCAA	1
GATAAGAGGAGGTTGATACA	1
AACCGCAGAGCTGGCTCCAG	1
ATGTTACGCTTCAATGACGC	1
ATGTATTAGAGAGGGGCGAA	1
TGGACTGTTAGAACTTTCAG	1
AGCAGTTCAGTCATATAAGA	1
AGTAGCTCAAAAACAGACAA	1
CCTCACACCGACCGCACGCC	1
ATGGCAATTGATTCCAAACA	1
TCGATCCAACTTTTCGTATG	1
CAAATAAACTTAGACGAAAA	1
ATAGTGCAAGGCTGTCATTG	1
AAGAAGAAAAGGTAATCAGG	1
CTGAGGATCACTCCAGTAAT	1
TTCCCATCGCCCTCCCCGCA	1
CAGTGATTGGTGTATACTAG	1
TGTCTGCCAAAAGATTGTCA	1
TAGAAACATATCGTTCTCCA	1
AAACAAAATATTGTGCTGCA	1
TCTATTATCACAGACAGGCT	1
TGGCAGCTTTACCTGAACCT	1
ATCCCCTTCGCGACATAATC	1
GGGCATCATACACTTATGGC	1
TACCTGACCCGCGTGTGTCG	1
TATGCCAAAACTGCATCTCT	1
GTATAACTGGTGACCAGAAC	1
CCACCAGGGTGCTGGTGTCA	1
CCTTTCGATCCGTGCGCGCC	1
GTCTAAAAATCGCTGCCATC	1
GCATATCCTACATGGTTAAC	1
CCGGTACCAGGATGCGCCCA	1
TTTGATCCTCAAAATGCAAT	1
AATGTTAATCCTAGTTCAGG	1
GTTTAGGTACTTCATACCAC	1
AAAGCTAGTAAACCTACTGT	1
ATAAAAGAAACAGCAACCAA	1
ATGGTAACTGGACACAACCG	1
AAACTATTCAACACATGTAT	1
CCCTAATAACCATTGAACAG	1
AGCAGAGTGACTCACGATGC	1
TACTAGAAGTAAATAAACCG	1
GTACGATCTACCTCTCAACT	1
ATCTGCCGACGATATACACT	1
GACAGATCCGTAAAGGTTGT	1
GACAACACGTCTTGATAGCC	1
AACCCCTTGTAAACCTTTAT	1
CTTTTCCTTTGATTACCTAG	1
ATCGTTATGAACCTATGCAG	1
ACATTTAGTTATGTGCTAAA	1
ACCCTCGAAACAGGATGTGC	1
GGAGGAGAAGAGAGCCAGCT	1
ACCTAAAACCAGACCATGTA	1
ACAAGTAGCCCACGACGGTG	1
TACGGCACTTTATTATAAAC	1
TATTACTGCAATACGAAAAC	1
GCGTTGCAAACCTTAACTTC	1
GAGAAATAATTGCATCTTTC	1
AATGAAATATAATCGGCCAT	1
GCCTACCCCCAAGCCACGAC	1
AAGGTCATTATCCGCTGCGC	1
TCACGACGCTAACGAATCGG	1
GGGGGCCATCTATATGTCTT	1
TTCCGTATAGTAGGCCCATT	1
ACTACTACAACTATCCCCCA	1
GCATTCCTAATAGAGAGCAA	1
CGCGCGTGTGCAAGAGCATC	1
GCGGGGTTTACTTTTAACGA	1
CTCCACTTAACTTCCCCATC	1
TATTTTTATCTTGCGAGCAC	1
TCCCGCACATGAGAAGTAAC	1
AGCGAAGGGCTAGGACGATG	1
TCATGCCTACATCATATCAA	1
GTGCGCCTCCCCAGTTTACA	1
AGCGGGCTTACGAACAAGGG	1
TTGTGTAACCTTCCTATAGT	1
TGTTGACCTAAAACGTCAAA	1
ACGGCCCTATACTCATGCCC	1
AGGAACGGGAGGACTCGTCA	1
ACATACAACAGTGTTAGACG	1
ATGTGCGCAAAGGCGTGATA	1
TACATATTAGAAACAAATTT	1
GAAAGCGGAGGAGAAACCAA	1
TATATAAGCTCCCTTAAACC	1
TGAACCCTCACACTGCTCTT	1
CTCAAATGCTACTCATTGCA	1
TGAGAACGTTGTCAGACACT	1
AACTGGCGCCACCCCAGCCA	1
TCTTTCCTGGAATCCTACAC	1
GCCATAGGCGCGTGAGAGTA	1
CGATCCGCGACAAGCAAATG	1
ATTCTTCTCACTCCCAGTCA	1
CAACTGCGCCCTAACTAACC	1
AGCGGATAACCCATAGCCGT	1
AGCCGATAAGGTTATTATGC	1
CGGCTTCTATCCCGCGATTG	1
TAGGGGAAACGTGAAACGGC	1
GTGAAGGGACATAGGGTCCA	1
AACCTAGTGTGCAACCAAGA	1
AACGACAACTAACATTAGAG	1
TATCTTTCAAGTTAGTCGTG	1
TTTATGCCATGCATACCTGA	1
GCACGATCATGACTTGCAAT	1
ACCAGGAACTACTCCCACCC	1
CTGAGTGATAATAGATACCA	1
CCCAAACTTGCCCACCATGC	1
GGACACTACCTCACTACACC	1
TTACCCCTTTACGGTACGAG	1
GTATCGCATGGTCACCATGC	1
GTAGCTATTCACAAAACCTT	1
TCGTGCGTACATCTCTTCTC	1
TGGCAGCACAGTAAAATGGT	1
CAACTTGGGGACTAAGTAGG	1
AAACTAAATCGACTACCATA	1
GTCAACAAGAGCGGATCAGA	1
CCGTAACGCCGTCTCCCCCA	1
GTCACTGGCTAGACCTAACA	1
CACAAATGCCCTACCATACG	1
ACCTTCGCGACAAATATACC	1
TATATCACGCGCAATATCAT	1
ACCCCCACTATGAATCCCCT	1
AAAAATAATAGCAACGCGCT	1
TACATGTACGATATGTTTTC	1
ACTTATTACGCGAGGTGGCG	1
GCTTGTTTATTTCCCCAAGT	1
AAGTTTTGAACCCGTATCAA	1
TCGATCAATATCCCCCTCCA	1
TATTCAACATCCCCTTGCCC	1
GATCCCCTCACACACCGTAC	1
TGCGCCCATCCTCCCCCCTG	1
AGCATAATCAACATTACACA	1
TTCGGGTTGTCTCCATCTCC	1
GCCCTCCTAGAAACGTAACG	1
ACACTTAGTATAATATTGCG	1
TTCACTGTTATTCTGACTGG	1
AGCTCCACGAACTAAATACG	1
GCAAAACCTTTTCATAACCG	1
GTATTTAAGGTCAGGTACTA	1
CCGAACAAACCTAACCTTTC	1
AATATTAAAGGATTGAAAAA	1
GGGGGATGAAACGGGCTAGA	1
ACAACACGTATCCCGCCTAC	1
ATCCGGTTGAGCTGAGGCTT	1
AAATATTCGTAATCCTGCCT	1
CGAAAATTGACTTATACACA	1
TAATCAGTACATTATATGTT	1
CCAAATACCTGACGTAAAAG	1
TCATGTCATCCATTAGCCAC	1
CTTAAGGTATTACGTAAGAC	1
TGGTGCCATGACCATTATCC	1
CACACCCCTCTCTCTCACCA	1
GAACATATAAGTAACTCACA	1
CATTTTCTCATTCAGTAATA	1
AATTGACTGCAATGAACTCA	1
GCTGAGGAAAAAACGAAAAA	1
ATTTGGGGAATCACTTTTTT	1
ACGTTACAAGCACACTATCA	1
AACGCATGCCATAAACCTTG	1
AACGGCGGCCCACTCAGGGA	1
AAGGATTTTAACTTACCTTT	1
TTATTAAATTGTGTTACGGA	1
GATCACAGGTAAACGAGTCG	1
TAAGTCGGGAAAATTGTATC	1
GATGCGAATGCCCACTTGCT	1
AGCTACCAAGATGGATCCGA	1
CCTGACCATACTCGGATGTC	1
GATTGCCCATAAATAGTGCC	1
CAACAAAACTTGCAGCCTCC	1
CAACACATGAATATCCCCAC	1
TAGACGTAAATGTGTTCAAT	1
CCTATTGAGCATTCATACCC	1
GAAGATCTTGTGCTACAGCT	1
ATTTAGGCCCCACGCGAGAT	1
AATTATTTGCAGCGAAGAAT	1
ATGTATTTTTCGATTGCGAC	1
ACTTGGCAGGAAGCATCCGG	1
AGTTCTGATGACACGTCCGA	1
CAGTCTGCCATGCTCAAGAT	1
CACATAATCCCCATGAATAA	1
GTACACATTGGAATAATGCA	1
TCCGGCAGTTTCACTCACAA	1
ATAGCCCCCACTTCACCAAC	1
CCCGTATATTATCAAAGAGC	1
ATCATCGTATGGCTGCCGCC	1
AAGCTGGAGGGGCCGGCTTA	1
CGTTATAACAACAGCAAACA	1
TTGACTGCCCTAACCCCCCT	1
CAAAACAAATTACTTGAGAC	1
CAAGCTCGCTTGCAGAACAT	1
CGCGAGGTATGAGTTTATAT	1
CAATTCCAAAAGGGTTCGAC	1
CCTGTTTTGAGTTCAATATC	1
TGATCTATCCTACAGTAGGC	1
GGCAAAGGTGATGTACACTG	1
CACATTACTGTCTCCTTCAC	1
CTAGTATTGAACCCACATGT	1
TTGTGTCTAGAAAAACTCAC	1
TTTTAGCCCTACACTCACGT	1
AAATTCAACCAAGTGGTTAT	1
CCCGCCCCACCCGCGTACCT	1
CGAGTAGTGGGTTTCCCCAC	1
CGATATTGTAAACAACGCAT	1
GTCTATCACTAAGAAAATAT	1
TCAACTTCGGCATTCATCGA	1
CTCCGCCCCGTACCGATTCC	1
AATACAGGTGTAGGTAGCTC	1
AAATTAAGATCTGAAGCGCA	1
ACATGAGCGTTATATTATAA	1
CACCTACGCTCTCCCATGTC	1
AAGATCGCGTAGTCGAACGA	1
GTAGAAAGAAAAAAAAAAGA	1
GCCCACCCAAAGGCGCGCGC	1
AGTTTGCAGGCACTTTCCTC	1
GTAGGAAGTATTATACCCGG	1
AATACATAAGATGCAAAAGC	1
GAACAAACCCTCGAAAATGC	1
GATGCAAAAACCCTCCATGT	1
TACGATGTATCCCTTTATGG	1
ATATAGCACCTTATTATAGA	1
CGGATGATTGTTTCATAGGC	1
CTCCCGCTTGTACACAGCGA	1
GTCGCTATCATTCCGTAACT	1
AAGTTTCCAGTCTCCCCACT	1
ACACCGATACGCCCGCCCGA	1
ATAAAGAGAGCACAGGGTTG	1
TGCTACGATGCCAAAATGTT	1
CATAAAAATTTGGACCTTTA	1
GCTCAGTCCAACAGGTAAAA	1
ACCCGACCTTAAAAAAGTTA	1
ACTTTTTACCAGCACCGTTT	1
GAATGACAATCCTGAAAGAA	1
CCTTCTATACCTTCCGTCAA	1
TAGGCTACACGGACATCCGA	1
GCGGAGAGTGTATCTTCCTG	1
ACGATATGCTGCATCCACCA	1
AGGAGTTTGTTAAGTGATGT	1
TTACGGTATTGAAAAACGTA	1
TTGAATATTTGATGGCACCA	1
AAAGCATAAGTACGTGGACA	1
AGTGGAATTAGAAACGTTGG	1
CACGTTGGAGTACAATGGAT	1
GATTTCATAATGTCAACGAG	1
GCATACCGACGACGTGATAT	1
GTCTAAACCGCAGACCATTG	1
GGTAATATTGTCGGATATTA	1
TTTCCTCGCTACCGCTTGAG	1
AAAATTTTCATCCTTACCCT	1
TCGCTAACCCAAGCGGCCAC	1
GATTGTTATACGACAGCAAC	1
ATTCATCCCCCCCCCGTCTC	1
CACTTAGAGATCTGACCGCT	1
CCTTCAATATAGGTGATATT	1
CCGCCCACAGTTGTTGGTAG	1
ATGCCTGCAAACTGCCAATG	1
CTTGCGAAAGTAGGCGTACC	1
TATATCGCTTCCTTTGATAA	1
CTTTACACATATCCAGACTT	1
ATTCTTAGCTACAACTTGAC	1
CAAAAGATAAAAAAGCGTAA	1
CTTTCCCCGCCCTGGACAGG	1
ATATCTGGCATATCAACCTA	1
TCGCTTTTACCTTCCCCATC	1
GCAGATGTCTGTTAGTGCCA	1
GAACCTCGCATCAGCTGGGG	1
CAGAGGTAACGGCCCCCCCA	1
TATGGGGAACATGATTAAGT	1
GAACTTTCCTGCATGGACCC	1
ATTGCATCACTGGGACGTGA	1
CGTAATGATACTGACACGCA	1
CCCAACACTTCCCTTTACAC	1
CCAGTAGAGGAAAATTAGCC	1
ATAAACTACACAGTCCTCAT	1
TACAATACCAGCAACCAACG	1
ACATTTGGAAACAATAGCGC	1
CTTCATAATTTCCCATTAAG	1
CCTCAGAAGAAATGGTGTCA	1
ATTTATAGGTTAACCTTCTT	1
GAAATGGACCTACATCATTA	1
CAACCACACCATCTCCCGGC	1
CCGCACACTTGCGCCCCACA	1
AGCCGTCTGATTTTCGACAA	1
TGCGCGATGACCACACGCCG	1
TAAGAAAGGTCGGATGTCAT	1
AGAATCTCTAACTTGATAGT	1
GTCTAACCCGCTAACGCACT	1
AATTCATCCATTGGGCTGTA	1
TTCTCTTATGTACAGTCTTA	1
TCTTGCGCACCCGCCTAGCC	1
TGAGAGATGATGGTGACCTC	1
GACTATCCAAGAAGACAATA	1
AGGAGAAAAAATACGTAACA	1
CCCCCGTGACACCCCACCAC	1
TTGGGGGTGTCTTTCACGAA	1
CAGATAAGAAGGACTTTGAG	1
TCTCCCGTCGAAATGAAATT	1
AAACTAATCCCACATTACAG	1
CGGAATAAACTTATTCTACA	1
GAGTTTAGGGAAGGAGCCTT	1
TTTTACCGAAATATTGACGT	1
AAGATTACCATTCGCCGACA	1
TTGCTGCAGTAATTCACAGT	1
GCGACATAATGCTAAAATGC	1
TGAGTTTCCTCGTAGCTTCG	1
CACCTCAGCACCGAGATCTA	1
CGTGAAACGTGCTCAGCCAC	1
CACCACCGGCTACCCAAATC	1
AATTCCAGTTTTCCCGCTCT	1
TTTAACAAGTATATTATGAA	1
TTTTCTGCTCTTCTACATTG	1
AAAGAAAGCTTTACCCTGCT	1
TACGCCCTGCCTTCAACACC	1
CCCGACCCCATTGTCTCCCA	1
GCCGAACGCACTCACCGCAG	1
AAAACAATGCACACCCCCCT	1
ACTTACTGCAAACCTCACTA	1
GATATCTTCAGCCTTCACCC	1
ATGCTCTAACTTCCCCACAC	1
ACAGTCCTTATACAGACCTC	1
GGACCACTAACTACAGGCTA	1
CTCTACCCATTAGCTGCACG	1
CCCTCAACGAATATGACCCA	1
AGAATTACCTACAGCCGTAA	1
GTCTGGGATTATACATCACG	1
GCACCATTACGCCCACACAC	1
TACCGGAGCAGACCTGCCTC	1
TTTCACCCGCTGTCCACCTC	1
TTTCGCGTTGAAGCTAAACC	1
GTTACAAATAGCGTAACCGG	1
GAACTAAGTTTGGTTGCGCC	1
GATTTGCTGGTAGTTAGATC	1
GACACGCACAGAACTTGAGG	1
AAATAGAGGGGGCTCGCGGA	1
CAACGCAACACGTTATATAA	1
AAGTAAGAAATACCAAGGAA	1
AGCTGCCGCCCAATCCCCTA	1
ACACAGATGAATATCTACGG	1
TTCCAGTGGCTAGTGCCACA	1
CCGATAATGCGCGAACCCTC	1
TACTGCCCACAATAAAGATA	1
TTCCAAATATATTACTATCA	1
TACATTCAGACCAACCCTAT	1
TCATTGTGATCCTAAAAAGA	1
AAGCCCTCCCCAGCCCTTCT	1
AAAGGGAAAGAAAATTGTCG	1
GGCGCCATACTTGTCAATGC	1
CGATCATACATCCAGTGGCT	1
GCTTAGACCGGACACTCACT	1
ACAACGGGTTTCCAGTACTC	1
AGAACGAAACTTCATCTCCA	1
AGTCTTCCTGACACCGTACC	1
CTGGCATTTGTCCTTTAGCC	1
TCTGCTCCGACAGTTGCGTC	1
GCTGAACGAAACGAGAGCGT	1
GCACATTCACCGCCTCAGGA	1
ACGCTAGCTGACGTGGGTGG	1
GAAGCTGGACTCCAGGCCGC	1
CCTAATAGAACTAAGCCCAG	1
ACACAGTGGGATATAATGAG	1
ACAATCCTGCACGCTAACGC	1
TCTTTTCCAGTCATGCGTAC	1
ACCATCTCTAAAACAGAGGC	1
CCTAACGAATGCCCCAACAA	1
CACAACCAATACGGGGATCC	1
CAGGCCTAACGAAGGAATAC	1
CAGCAACTGCCCACGTGTGA	1
TTGGACCCCCGCGCGCGACC	1
CAACCCATCTGACCACTGAA	1
CGCGACTGGAGAGATACCAA	1
TTGGTAACTTGCTTACGAAC	1
ATCATGAAGGTGCACGACTG	1
TCACAATGTACTACCACCCA	1
TACCACGTACCTACCGTGTT	1
CACTTTGTGGAGAGCTTGCG	1
ACATCTACCCCTAAAGCACT	1
TAGCGTGTGGCGCGGTCGAA	1
ACGAATGGTAAAATAAACTG	1
CGATTGATCATAAATACACT	1
AGTCGACGGAGCTTCCGATC	1
AGTCGTAACCTGTGAGTAAC	1
CTGGTCACGAACCACCTCAC	1
AACCATGATGGAGTTTGTGG	1
ACAGCACACTAGCCACCTGC	1
TATTCCAGTGCAGGCCAAAA	1
GCTGAAGCACGAGTAAACTT	1
GACCGCTCTAGAGGACCCTA	1
AAAGTGGGCCAATTCCCCAA	1
ATACAATTAGCTTAAATACG	1
AATTCTACGATGATAAACAA	1
GATCGAATTTTTACAGCACC	1
TGTCACAAACATGGCCAAAC	1
CGCTTGCTTTGTGTCTACAC	1
AAGGCGTTTGGATTCGATCA	1
AAAATACCAAGGCTCCAGGG	1
CTGGCTCAAGACTTGAAAAA	1
TGAGAATCATTTGTTCTAGC	1
ACACACTAGGATCATCCTTC	1
CATCAGATTTAAAGCCATAT	1
CCGGGTATAGTTCCAAGTAA	1
ACAGCATACAAGACAGGAAC	1
TACATTTAGCTCTTGATTTA	1
GTTAGGCATAATAGCCTAAA	1
GCTGCAGACATATTGATTCT	1
AAGGATACACATCCTACACA	1
TAAAAGCAGGGCAGTCTGAT	1
GTAAATGGAGTTAGCTCCTT	1
ACGTAACCACTCAAATTCTT	1
TCCTCGGTTTGCGTGCATTT	1
TGAGCCAGTAAACTCCATTA	1
TTATTCGATAGTATCCCCGG	1
TTGGGAAGAGGATTCACTAG	1
AACCTCATTGTTATTAGAAT	1
AGACACCTGTCAATCAACTT	1
AAAGCAGTCACACCTCAGGA	1
TAACTACCGTACGCACCTTG	1
TTTTTTCGACACGCTCCTTG	1
CACCCTGTCATGCAGTTACA	1
AGCACTGCGATAGAGCCATA	1
ATCGCTTACCATAGACACGC	1
TCCCTAGTATACCCCACATC	1
AACCGAAACCTAGACTACTC	1
CAACGATCAAGCGGATACGG	1
GGTCTTTATCTTTGTAGCTC	1
TAGCTTGCCATTAACCGGCA	1
TATTGTTCCTACCTCGACAC	1
CTTACCCTTGTAAGCGAGTA	1
GAGTTTACTCAGGTTCCACC	1
CGTTCTCTTACCTTCAATGA	1
TGGTGATAACACTGAACACG	1
CACCCACAAACGAATCGTGT	1
GGTTGTTGTGTGGATGTGCC	1
TTATTGAAACCTTTACGCGA	1
GTAAGGGCTTGACAAAGACG	1
CTGTGAGACTGATACTTAAA	1
TACTGTAACTCGGGTAGCCT	1
AAGCTAGCACCAGCGGCCAA	1
CCAACTCTGGGATCCCTACT	1
GTTCTTGCAAGACACTGATT	1
ATTGACACATAGAGAGGTAT	1
GCAAGCTTTACTGCCACTCA	1
GCGGCCTATGAATTTAAACC	1
CATGTCTAATTTAGTTTGTA	1
TCCATGCAGCTCTAAAATAG	1
GTGAGAAGGTATGCCGAACA	1
AATACGATCTTTGTCGGCAT	1
TAGATTGTAGCTCAGAGATG	1
CCCCGCAGTGCCACCCGCTA	1
CCACTTATTACCATATGCTG	1
AGTCGTACATAGGTGTAGAT	1
AGGTCGTGGCTGGATTTATC	1
GTGTCAACGTACTAGAGACC	1
TCCGAAGTGACGAACACTTC	1
ACCACCGTCACTGACGCGGC	1
GTTCAACAAGACTATTAGGA	1
TACCTAACCACCCTATCCCT	1
GCCGCTTCTAAGCACATAAA	1
GTTCTTAGGACAATTATTTC	1
CGAACCATCTCCCTTGTTCA	1
CCAGCCTACACCCCCAGGTT	1
CTGGTGCTCATGTACAACGT	1
GGATAGAATGGACAAGGCAA	1
GATCCACCCTGTCTAACAAT	1
TCCACCTACAGATCACTCCG	1
AGTGACCTATTAACATTGTA	1
GTCATTAGTAATGTGCTATG	1
CTGCAAAGGCATATGCATGT	1
ACATAATCTTTGGAGTGCAC	1
ATTATGTTAGCGTAATACCT	1
ACAAAATACCCCACCTCAAT	1
CAATGTTAGCCCTGTACCCA	1
TGTGCGTGGGATTTTGAATG	1
TCCAAATAAAGAAATACAGT	1
ATGCCAGAAATGTTAGCAAC	1
TGACGCCCACATCGCCCTTG	1
CGGACATGGTCGACCAGGAA	1
ACCAATGTTCTTAGACCAAT	1
CCTTTTCAGTTCGCGTAACC	1
AAGAGCACACTACACAACCA	1
AAGCAAACTCGAACGGCGTT	1
GCAACATCACTACATGATAC	1
ACACAAGGAAACCGAAAACT	1
ATTAACTAAACGAGGATGCA	1
GCTAAGATCTATCTGGATTC	1
ACTCAGTCCCTCTACCCTAA	1
TGGAGTTACATTGAGCATAC	1
ACCCCCGCAAGCCAGCCACC	1
CACGCTAACGCATACCACAC	1
ATGTATTACACTTGTAGTGC	1
TCACTGATATCTAAAGGTAA	1
TATACACCCCCCTAACACCC	1
TTAAGCTACGTTAATGCTTT	1
CTATTGTACATTCTACGAAC	1
AAAACAATAGCATAGCCAAG	1
AGCCGCTTCCACTGCCCTAT	1
TCCTAACTGGCAGAGTAAAG	1
TACCAATTAAGCCCCATAAA	1
ACAACATTGCTCGACACGGC	1
TAATTTACGCCAAAGTCACG	1
CAATTCTAACCACTCGCATC	1
ATGCTCGCACAGTACCCACT	1
TACTAACGCCGAGCCCTACC	1
ACTAAGGTAGATTAGACAAT	1
GGTACCATTACTTTTGGTAC	1
GTGTCCGTTTAAGCCCTATC	1
AAGTGAAAAGAAGATTACAA	1
CCCACGCTACAACTCTCCCC	1
AGTCCTTGACCCCGAAACAG	1
ACCACTTCGCGTCCTGACCG	1
AGGAGAGAACCTTCTATCAT	1
AATTAGAAATGCACAGATCA	1
TTGATTTCAGCGACTCTCAC	1
TTTAACCAACTGGGACTCGA	1
ACCGCAGCTGCGTTTAGGGA	1
GCCTTAGTGCATGGATTTCC	1
CTAAGTGAACGATGATGGCT	1
AACATCCTGACTTCATAAAC	1
ACAAAACCAGGCGGCTGTAA	1
CCAACCTACAGCTATAAGCG	1
ACTGCGCTTACACGCTTGCG	1
CACCATAAATTAGCCCTGGG	1
TGAGACAAACATATTGGTTA	1
TTCATTCGCACACCTTCCGT	1
TATCCGGAGTAACATGGGGC	1
CGCATATCGCGTCAAGCAAT	1
AGGTGGATCGCGGTACCAGT	1
CAATAAAAGTTTTTTATACT	1
GAGATAGTTAACAGATCTTG	1
CTCTACAAATTAATGCAGAT	1
TATTCTATTTATTCCTCACC	1
TGTTAGGCCGTAACAAAATA	1
CAATAAAATGCGGAAAAAGA	1
AAAAAAGTCGAGGCGTATAT	1
TTGAAAGTTATTGGGATAAT	1
GTTCTTACTTCGTGCTTGAC	1
GCACGAATTACAATATGAGT	1
CTACGTCGCCACCGTGCCGT	1
ATGCTCTGAGTACTACCTTA	1
ATCGACAATTATCACCGATG	1
TACGTACAAGGAAAGTCCAC	1
GACCAGTATTTCTATTCGCA	1
TATTAACCCCTCGGCCTCGA	1
ACGGATGCACCACTTTCCCA	1
GTAGCCTAAACCCGTAACCT	1
GAACGCTACATGCTCACAAA	1
AGAAGGGGTTGGATCACCGC	1
CCGGTTAAACGTAACAAATA	1
ATGCGAATCATATCCCTCAA	1
TGGCTCTTATCATCCAACGC	1
ATGTCGGCTTTATTAGTGTA	1
CTCACATCACCCTTTCCGTC	1
TCTCCCATCGAAAATATCTG	1
AACCCTTCCCACCATAACAC	1
GAATGTAAGAGGTTTGAGTG	1
CCCAGAAAGCCACAATCAAA	1
CAAATTAGCGGGCTGCTTTC	1
GGGGGAGCCATCCACCTTCG	1
CATTCAACCGCCCTCATGCC	1
ACAAAGCGAGCCTCAACTAG	1
GACTGCCATGCTATATGCTC	1
TGAACTGCTTAAACACCAAA	1
TGCCCCGATAATAGGGAATT	1
CAGATTTAGCCAGGTTGCAT	1
CTCACCCCGCCTAAACCCCA	1
CCGATATCCCCTATTCTCCC	1
TACCACTATTCAGTTATCCT	1
CATGAACCGAAAAAATAAAC	1
ACGAAAAACGATGCACGGTC	1
ATTACCCCGATTATGACTAT	1
TCGCAGGGACCCCTAACCGC	1
GCTTCTGCCCCCAACAAAAC	1
AAAGAAGGAGGGATAATTAA	1
CTTTGTACTTAATATACACA	1
AAACTTTCCCACTACACAAA	1
GAAACCCTGAACAATTCCCC	1
GGATCTGAATGTGGTGAATA	1
TCATTCGGATAGCTCAAAGC	1
GGCGTATTCACTTAATAATG	1
CAACATTCCCCCCAACGCCC	1
CAATTAAGCCGTAACCACTT	1
TGACGCACTAATTGTAACTT	1
AAAGCATACGACGCATAAGA	1
TATTAGCGGGACCACTTATA	1
CGTAAAGCCACTTACGCTCT	1
AAACTAAACAGAGATAATGT	1
ACCAACACACCATACCTTTT	1
GTAGAAAAGTAAGAACACAT	1
GCACCCGCTGTAATCTAACT	1
CAACATATCCTTCGGCCTCC	1
CAGAATACGTCTCTAGATGC	1
AAACTGAATGTCAACACCTG	1
CAACTCCATCTGCGCAACCC	1
GCAACCTCCCCAACCCCTTT	1
ACAATGAATGAAGAAATATT	1
TGGCCTAAAAGGAGGCTTTC	1
GGGACCTTACTAGCCGTTAA	1
AGCCGCTGCTGATATGCAGC	1
AAACATTGTGTTACAATCCT	1
TCGTGGATTGGCTTAGAGGG	1
GAACGCCGAGACGTGACGCA	1
AACCGGCCCACCGACGATAA	1
ACTAGTGCATAAAGAGACTA	1
AAAAAGGAGAAGCGTGTAAG	1
GAGCAGTATGCGCGGATTAC	1
TTGGAGAGCGCGTCGGCCTC	1
GAAACACAACTCGCTATGCC	1
AAGAGTACATTTCGGGGAAA	1
GTGCTGATATATGAGTGTCT	1
AGTCAATGTAGGATACACAG	1
GTTCGAACCAGGTGGTGAAC	1
AAAAGTAGTCGTTTGTTATT	1
GGTCAATGATTTTTATGACA	1
GGCTGGCCACCCAGCAACCC	1
AGCCCATAACATACCAGAAT	1
AGGAATGAATACCGCACCAA	1
GCTGGTCACTATTCTATGCT	1
GAGAACGCCAAAAGACCAGC	1
CAGCGATGAGCGTTTCCCTC	1
TCCTCGCTATATCTTTGGTA	1
GCTTATGAATCCACCCACCA	1
CTTCCCCTGTACCACCCCCC	1
CTGATACACGAACTGAGCTC	1
TATCACTGGTACCGTATACA	1
CGACATGTACACAAAGAACC	1
GTACAGACTAAAAACAATAA	1
AGGTGAGTAGACTCAAGGCT	1
CGTTATAAGAACCCCACCCC	1
GCTGCCATACAAATTTGCTA	1
CTCCAAGTGTTATCTAGATA	1
ACCTGAGCTAAGATACGACC	1
CGCGCATTTTAACACAGACG	1
ATTATCGATTCACAACCATT	1
CACTGTACCAAGGTTGTACC	1
GCTTACAGCGACTTCACAGC	1
ACGCAATACATTGTCACTTC	1
TCACAGTCAATATTATCATT	1
ATAAACTTGGCACTTGGTGC	1
CGAGCCCGCGACTATAGTCA	1
TCACAAGCCCGCTGCCACAA	1
GTTTGGATTTTCTGAGTGAC	1
TACTCTAAGTACGTGATCCC	1
TTAGGATAGCAGCAAGCCGC	1
GCCACGTGCAGCAGCCGTAG	1
ACAGGTTTTAACGCGCAGCT	1
ACCCACCCAATACGCCCATG	1
TAACTTGCCTTATTGCATCC	1
ATGTAGACATGGATGCAGAG	1
TTAGTCGAATTTCAAAACTC	1
ATACTAACGGATGCGTCAGT	1
AGAGGTGCTTTTTGGACAAC	1
ATCTAGGAACAAATGAAATG	1
TCCGCTCCATCAGCACAGAA	1
AAAAACCCCCCAACCTCACC	1
ATACTGATATTCCTATCCCA	1
TGATAAATAGACCTTCATAC	1
AGAGAAGTACTCGCCATCCC	1
GCGCTAACCTACACTATGTG	1
TCCTCTCCGCGATCTCACGC	1
CCCATCCACCTACATCCCTC	1
CTACCCGAAAAGTGAGGTGG	1
ACGCGCCATTAATGCCTTGT	1
AAGGTGTGTGTAAGCTGGAC	1
CATAAACTTAATCCAACACG	1
TTATGCGGTGATCGCACCTT	1
CACAATGCAAGACTGTCGCG	1
ACAACAACCTGTACATCGAC	1
TCGCAGTTATTATGCCGCTA	1
TACCATTTCCTCCATCAACC	1
TGTCTCGCTAACGGCTTCGC	1
ACCCTAGAGAACGTGTTGGC	1
CCAAATCTTCGCCGCTATCC	1
GATACATTACAATGTGACCA	1
CTAGCTTCAGGCTTTTAATA	1
AATCGTTAGTCCTATGACTC	1
CGCCAGATTAGTGATCCTGC	1
CCCCGTTCGAGTCCCACCAC	1
GCGTTGCGGTAAGCCTACGC	1
GCGATATTAGCTTACTACAG	1
TATTAGAACTCAGCCCAACA	1
CCCACACGAGGATACATTGC	1
ACATAAAGTATGGGGGAAAA	1
ATGTCGTTCAAACCATACCG	1
ACGTAATTAGAGCGCGCACA	1
ATAACTTATACAGTTGTACA	1
ATACACAACAAAAAGCGACC	1
ATGCTCCCTTCCAAATAAAC	1
TGTAGACAACAAGCCCCTTC	1
CTTGGTGGAGATATTCAGCA	1
ACACCACTCAGCGCAAACGA	1
GCGATGGTTACCAACATGTA	1
ACCACGCCATAACCCTTCCT	1
TGACCCGCCAAACCCTAACC	1
AAGTATAGATCCCATGACTA	1
AGACAAGTTATGAACCGAGA	1
AAAGCAGGGGGTCTGAAAAG	1
TTTTAAGTATCAGCGGTGCC	1
CAGAGGTTCCACCCGCCTAC	1
CAAAAATATGCCGTATATGA	1
GCTTATTTGGGCCGAGCGGA	1
GAACTAGACTAGATATAACC	1
GGTCATATAACACAGACTCA	1
AAGACTGATATTAAAGTACT	1
GATGAACCCCTAGAGCCCCC	1
CGATATAACACGAGTGGAGC	1
ATTTGTCATTAAAGGTCTGA	1
GCGGAATCATGAGTCCCTGA	1
ACTTACAACTCACGCCTACA	1
ACCATTCATGGGCTCAAAGC	1
GGATATGCCGTGAGCGTCCT	1
AACAACACCCAGCCCGTACT	1
TTCCAAAGCACAGCAAATTG	1
ACTCTATAGCGTCAGAATGG	1
AATACCATAAGAATCAATAT	1
AGTCTCCACAATGTTCATAA	1
CTGTCACACTCTCATCCATC	1
GTATATGAACCCTTCTAACG	1
ACAAAGAACACCTTCGGAAC	1
CCCACTATTGCATTCCCTTC	1
CTCTTTGAATCAGGATATTA	1
GGGGTAATAACGCAAGTACA	1
TCACTATCCCGCAACGCACG	1
ACATTTCGAAGAACATGCTG	1
GGAAGTATGGAAAGCTTCCT	1
GATCCCCGCCACCCCAAGAA	1
ACAGCAACGCAGTTTCCCTT	1
TACACGGGAACCTGATTGGC	1
TTATCCTTAATAAGAAAAAC	1
AGCTGTAAGGTCATAAAAGA	1
CCATAAGCGTCTACTCAACC	1
CAAAAACAACTTGCCCCGGA	1
CTTCCTCCCCGCACACGCTC	1
ATCGGCCCACCATGTCGCCT	1
ACCTAACTATACCTTACCTA	1
ACTTTCTCGCTCTCCTGAAA	1
TAGTCCACGGATGAGCTTGG	1
ACGGTTTTAATGTTCGCTAC	1
ATGCCATGCCTTTACTGCGA	1
TGTTTTTCTGGCAACCTCCT	1
TTTATATGCCTATTGTCTGC	1
GTGTAAATTTGCAGTACGGC	1
GAAAATTAGTTTAATTGCGA	1
GCGGCATGATGTGGCCAAAC	1
GCTCACAATGTTTTTTCGGC	1
CCTCCTCCGCACCCCCACAC	1
TTGGTAACTGGATGGCGAAC	1
AGGCACTACACAGCAACTCC	1
TGAACAAATTGAAATGCTAA	1
CAATGGTCTGAGACGCGTAT	1
CACGGATAATCCAGAACTAT	1
ACCATAGTGAACCCGAATAC	1
ATATATGCGAACTAAGATCC	1
CCTTAGAGTTCCGTAACAAC	1
GTAGCATAAATTCAGCTTAG	1
TGGACCTAGTTTTATGTACT	1
TTCTATGAACGTACCCAAGC	1
TCATACCATTAACTTGAGAA	1
TTCCTCATCTCTCCATACCC	1
GGACCAATCTAGCCGCAGAA	1
GCCTGTATGTTTATCGCACT	1
CTACAGTAATCAGGCATACT	1
CATACTAACCAGCCACCCGA	1
CCGCTTATACCGCCAAGCTA	1
TGACCTCACATTCTAGTTGT	1
GGGCCTTTTCCAAGCCAGGT	1
CCACTAAGCAGTCCCGAAAC	1
TACACGCACCCCGACAACCA	1
AGGACTCCAACATGGGGTGA	1
CGTCAAATACTAACCTATGG	1
ACAAATAAGCCTATCGACGG	1
TAACTGCACTGACATGGCAG	1
TATAGCGTGGCACGTTATAC	1
CTTATACTACAAGCCTGTTA	1
ATACACCGTCACTATCCCAC	1
ATAAATTTGATTCTCCTGAC	1
CATCCCCAAAAGCTAGCAGT	1
ACTTACCATAAACTGACCTA	1
GCGATACCCACCCAACACTA	1
TTAGGTAGTAACACTATTTT	1
CAACACCGTAACGAAGGCAG	1
TGATTGTGCATTTGTATGAA	1
ATAATCCCAAAACCCTGTGC	1
TTCAGTAACGGGGATAAGAG	1
GAATTTGCAACCAAGTACTT	1
AGAGGGTCAAAATAGCTCCA	1
AGTCCAACAGCCTCCCAGGA	1
ATATGTCGCATCAATAGTAA	1
GTCGCACTATACCGTTTGCG	1
CCTTTTCTTCGGCTACCTTC	1
TACGTAACACACCTTGCTTT	1
AATCAGGAAACAGTTTGTGT	1
GGGTGGCTCCAAAATTGAGG	1
ATCATCATATCAATAACAGC	1
TCACGTGGTGCCGCCTAAGC	1
CCCATTTATAGTTTTTCGAT	1
CATATAGACCCCACCCAGCT	1
GCTAAGGACTGCAAATCAGC	1
CTACAACCTCCAGACCGCGC	1
TCCACCAATTTGATTGTGAT	1
GTTTCAAGCCTACACCGTGT	1
GACCGGGCTGACGCGCATAG	1
AAATTCTTGACCAAGCACCA	1
AAACCTCGTGACCATAACGC	1
CTTCACCAGATTCTTCCCTT	1
AGTGAAACTTTGAAATGCAA	1
GTAGAAATTTCCAATACCGA	1
AGGGATGAAAAGGAAAAAAG	1
TTAACCCCCGCCCCTCACCG	1
AATTTGAGAAGTAGTTAAAC	1
ATGCCTTGCCTTTGTGCCTA	1
TTACTCAGCGGACGAACAGA	1
CCTTTCATCCTTAGGGCGTA	1
ATTGGTGGTTTGACCGTATT	1
CCTATATAACCGGACATATC	1
TTATGCATAAAGTGCATTTA	1
AGAAATTTACTACACTTATA	1
ACTAACCTATATGCTGGCAC	1
TAGCCCAGGTAACCGGGAGA	1
AATAGCTCACACCCATATTT	1
TTAAGCGGTGGTATTCGGAG	1
ATAGGGGCACAAAGGCTCAC	1
ATCTCTCTTCACGAGACGCT	1
GTTATTATGTACTATACAAA	1
TTCTTGGAAGCAGCTAATTC	1
ACATAACATCACACCTTTCC	1
CCACGCAGTGCAAATGATCC	1
GCTTCCTGCGCTGATTAAAA	1
GCAGTAAATTGAATACATAG	1
GCGCTACTCGTCTTGATGGA	1
AGATTCCGCGTTTTTCCGGT	1
ATACGTTACCGCCCCCCCCC	1
CGAATTTGGTAATAAACTTC	1
TCGCTTTCATTCATTCGAGA	1
CGGTGAGCGAGCCGTCTCCC	1
CCAACTTCGACCACAACACT	1
CAATGACGCACATATGCGCT	1
ATTTTAGTAGAATCCTGACG	1
ACAGGCTGTTTCCCCCAAAC	1
AAAAAGAATCAACAAAGTCG	1
TATCCGTACTTTGTCTGTTG	1
TGATTCCTATCTTTCGACAG	1
AACAAGAGGAACCATGATAT	1
CGTTGCATCTAACGTAACTA	1
AACCCATACCCCCCCCCATG	1
TCTATACAAGGATCTCAGTA	1
ATACACACATGAGCAGCAGG	1
AAGTTAAATATGTGATTAGT	1
CATGGCAATGTACACATCTC	1
ACATACATGGAAAGCTAAAG	1
AACAATTTCAATACCTATTC	1
TTACACCTGATAATAGATAA	1
ACACACTACACGTTCCCTGA	1
CTCTCCCAGCCGAGTAATCC	1
GCAACGACAAAATATGTGTC	1
ACACATGAAAACATAGATCT	1
ACGTTACCTGTAAAAAAAAA	1
AATGATACTCGGAACGACAC	1
TCTAGTGTTCCCACATCGTA	1
TAGACTTTAATGTACCACAC	1
GGCGCTGGTGAGTACAGCCA	1
CTGTCTCTCCCTATGACCTG	1
GCCAGCTCCAAATACTGCTA	1
TCGTCCAATCTCTTTTGTGT	1
GCAAAAAGCATCATGAAAAC	1
TTCCATGTGAGAAACCAAGA	1
CCTCTAGACACTCAAGTTAC	1
ATATGGACACGAATTGCGTT	1
AGGCATACGAACATAAATCT	1
GATAAGAGGAGGAGAACGGG	1
CTCACTGGCAACCGACCTAT	1
TGTCACCAAGCAGTACTGTA	1
CTTTCACCTCATCATCCAAG	1
ACATGGATCCCTAATGCCCA	1
ATAAAGCCCTACAACGACCA	1
CATGCTTTAAATTTCCATTA	1
CAGCTGGCGACGTTCGCAAC	1
CGGAACCTGTGAATTGAAAG	1
GCATCTGTCCGTTTCTGTTC	1
TCTTAAATTATAATAAGTAT	1
CACCCCCCCCTTGAACCTAC	1
TTCCAATTCGTGGATCCCAT	1
TTAACCCGTATTGCGCGATA	1
CCTGGGGATATCAAGATCGT	1
ACACAATCTAAACGTTAAGC	1
AAATTATAGCGCAATCGCAC	1
CAGCTACACAAAACCAAACC	1
ACCTAATTAGGGAGCAGCAA	1
TAATGATCCGCAATGCCGAA	1
CCCAAGCTCCATCTTATGCT	1
ATTCGCCATCTATCACGCCA	1
TTATAAACTGTGAGAAAATT	1
TACCCTTCCCTTGCTCGAAA	1
TGTCAAAGAAGCAAAATTAG	1
ACGGTTTTCTCTGTCTTGCG	1
ATTAGTTGTGCCGCAACCAG	1
CATATTCCAAGGCGCAAGAA	1
ACGCTTGTTATTTGTTGAGA	1
ACCCGCACTGGTTGCATACC	1
CCTAGCAAGAACTAACGCTT	1
AGTAGAAGAAGCTTCTTGAG	1
ACGCGACACACCTACTTCTC	1
CCGGAACGACTAACGCGTTT	1
AACCTTAGCTCTGAACTATG	1
ATGGAAAGAGTACCAGCCTG	1
ACCGCACGACGTACGTGTTA	1
TACCGCATAACTTCAATCAT	1
CATGGTCTTGCAGCTTTGCA	1
GGCGAAAATATCTTCGGCTG	1
CGACGTTGATTATCTTCCAG	1
ATACCCACCCCCCCCTAAAT	1
TATTCGATGGAAAGTATCAG	1
ACCAACCCCTTCCTTGTACA	1
ATTAACCAACAACCCGTTAC	1
CTGGATCTAGACCGGTTTTA	1
ACCCCCTTTCGATGGATAAA	1
TGATACCTGAATGTCCTGCG	1
TACAAAACTATATCAACGCA	1
TTCCCACCCAGCCCCACCAC	1
GCGTTAGTATGTACGTTTCT	1
TGAGCATTGTCTACTCGAAG	1
AGCCTATCTTAAGCAATCAA	1
ACATCTTAGATGAAGATCCC	1
AATAATGCCAACCGTACCTT	1
CGCACGAATCATCTACCGAT	1
ATCGAGATAAATTACTACCA	1
TCATGCCTACGTAATTGTTC	1
ACACCAAGTTAAAGTCATAA	1
CCCCTACCCCCATCTTACGC	1
TCTAGCACATCCCCGATGAT	1
GAAAAGGTAGTCACGCTATA	1
ATCTATCCAATACTTGCCCT	1
AACCTCTCACCCAGTGGGGC	1
CTTTCTCCCTGTTAGATTAA	1
GGGGATCACGTCTAATCGTC	1
CCCAACACCGGAATTGAACT	1
ACACAGTCAACGACCACCAC	1
GTAAACACCGAGGTGCGGTC	1
GAAGAAAGCGGAAGAGTACC	1
CATTGCATATTCTACGCCCC	1
TGGAAATATTGTTAGCGTCC	1
GAATCTTGTTCCTCGCACGA	1
TGACAAGCTAACCAAATTAA	1
AGTCGAGTTGACCATTATAC	1
TATGACATAAGGGGTTAGTG	1
CAATCGATTAGCGTTACTGA	1
GCAACGAAACCGACTACGGT	1
CATGACCCAGGCCGATCCGC	1
GAAGGCCTATTTAAGGAACC	1
GATGCTACGCAGCCCGTATC	1
TGAATACTGTTGAGGCACGC	1
ATGAAATGTAGAAAACTACT	1
TACGAGGAGAAGCCTTTTAT	1
TAGCACAAACCGCAATCCGC	1
CGCATAAGCACCGGCCGACC	1
AGTTGTTTACTCGAACTGGA	1
TCCAACTCCTGCAACAGGAT	1
CTCTAATTAAGTCACTCGGT	1
CATGCGGCGGCTGGTCTGTC	1
GGTTGTGGTCTAGATTACGC	1
ACACTTGACGTAGCCGGTAA	1
ACGTGCACCACATCAACACT	1
TCTTTACGTAAACGTCGCCC	1
CACTACATCTATTGGGCCTA	1
CGAATGTAGAAAACCGTATC	1
GATCGCAAGGGGACACGAAC	1
CCTTACATTACTAATACCTC	1
CCATATCTCATTAACTCACT	1
TTACTCCGGTAGTATCCGTA	1
TCGAACAGGGCGAAAATACT	1
AAGGAGAGGAGTTGCTGCTG	1
TGATGACCATCGCCAGTCGA	1
GTTCGAGACTGGAAATCGTT	1
TTTCATAATTTATGTCTAAC	1
AAAAGGCACTTTGCTGACGT	1
ACTCAACATCTACTGACAAT	1
TGGGCAGCAGAAGCCAACAA	1
AAAAAGAGCCGTGGAGGTTC	1
GCCACGACTCCTCGAACACC	1
AAGAAAAGCAGGCTTATGAA	1
CATAAAATTTGATAACGAGT	1
AAAAATTGCTTTGGAACCAC	1
CCCGCCCGAACAGGATTCGC	1
TTGGAAAACGACTGGCGTAT	1
CACCCTCTTCTTAAACGTTA	1
CCTGTGCGGTCCTTCTGACG	1
GTCGGCCTACCAAACATCGT	1
GACAGGGCGAAGTGGATGAA	1
AGACGGACACACCTCCCCCA	1
TTCTAAGTCATTAATCGACG	1
AGATTATAAAATGGATAGAT	1
TTACACACAGTCGCAGCTTT	1
CGCTCTAACAGCCCACGTTA	1
CTATTCTTAAGACAAGAATT	1
AGACGTAACATGAAATCTGG	1
AACACAACTACAGTAACGAA	1
CAATACGCTGGAGCCGCTAG	1
CTGCTCAGAAACCATCGTTC	1
AATACTTGACGTATATCTCA	1
AACCGATATGAGTGAAGCAA	1
CCAAACTACTATCACTTTGC	1
GACAACTTAAATTTTAAGCC	1
TTACCCTGACCCAATATTAA	1
ACTCAATAGACCCCACAACA	1
TCTGAAATCTCCTGAAACAA	1
GACCATCAAACACCGCGTTC	1
TAGAAGAACCACACCTAACA	1
AGAATCCCTAGATTTAAAAT	1
GATCTAGCGCTTATGCTTTC	1
AACAGAATTCAGAGTAACAA	1
CACCCCAACCCAGAAACTCC	1
TACATCTGTCAACATTAATA	1
GCTTTCACCCCTCATTTTCT	1
GCTTCGTAGCCTCTGCGCAT	1
ACTGTTTCTACACATAACAC	1
TGGTATCCCCCACTCGAACT	1
GGGGCAGCCAACCGCAGTAG	1
GTAGATGATTTGCCAAATGA	1
TTCACATGCTTCCTTTACTA	1
CATCCCTTCTTCTCCTCCCG	1
GTACAATATTACCAAAGGAT	1
CTGCAAAAGGCTACTAGCCA	1
ACCCTACGCACATCACCCAC	1
AAACTTTCCCAAGAAATGAC	1
ACGCAAACTCTTTGTTAACT	1
AGTGGACTACACGGGGAGAA	1
TACATTAGCAGCAAGGTTAC	1
ACCCTATAGAAGGGGCTGCT	1
AAAAAAGTGGTTGATGAGCA	1
CCTCTTAGATGCACTATGAG	1
TATGAGCAGACAGTCCCAGT	1
AATTATAAGCCGATAAAACC	1
CGTATCACCAATCGACAAGC	1
CACAATTTCCTGAGAAATTC	1
GAGAATGCCCCCCCCGCACT	1
GTCCTTCCCCCTAATAAACT	1
CGTCAATAACGCCCCCGACT	1
TGGCTGCATTAGCCCGTACA	1
CGCATCAACCATTTTCTCAG	1
GGTAATATGTAAATATTGTG	1
GAACACTTACCTCGCTAATC	1
TCAGTTTGACGTAAAAGACC	1
GAAGGAACTACGATAAAGCA	1
ACCTCATAAAATGGCTGTAA	1
ATAGTCTATATTGTCTCATA	1
ACCAAATTTCACTTATGCAA	1
ACCATTGACCCGTAGCATAC	1
ACCATCAAGCCCACCAGCGT	1
CTGACAGGAACGGTTAATTA	1
GCTACTTTTACCTGCCGACA	1
TGCTGGGTCTCACACAACCG	1
TAGTTAATTCTCCATACAGA	1
CAAGACAAATAAGATAACAA	1
GGAAAAAACGCAACCACGAG	1
TAGGCTCGCCGCCTCCGCAA	1
TCGCGGCAAAGGTTCAGTGG	1
CGCCTTGACATAAGGGGTGG	1
ATTTGTCACTAAGTTGAACG	1
GATAACTTCCCACCTTCAAA	1
CACTTGACCTCGTTCCGCGC	1
TGCGCTCAGCAGAACAAACC	1
TACCGCTACACCGCAAACCC	1
AATTATGACTTGGGAATGTA	1
CTCAAAACTCCCTTACCCCC	1
ACCCATGTACTTTGCTAAAA	1
TATGTCCAAACGTTTATTTT	1
GACTAATGCGCTTTACGGAG	1
ACTTGCATACCACAGACCCT	1
ACCACCGCACTCGCTCAGAA	1
TATGCCTTGTGCACGCAACA	1
AATAGAGATGGAATAGTAAC	1
AAACCACCAAAACAAGAAAC	1
AAAAATTCACGTTGGAACAG	1
ATAGATTCCTTAGCACTGTA	1
GCACCAAAGATTAATCTCAA	1
TACGTAGCGTAATGTCACTC	1
AGCCTAAAAGCCCCTGAAGG	1
AACAGACGCCAATTAACGCG	1
AGCTCAAAAGCTCTGACATA	1
CTTAGTTAGCTTTACTTTGA	1
ATTTACATCTTTTCGGGTTG	1
CCCAAGGTTACTAGCTAGCC	1
TACTATCGACATGGGTGCCT	1
CCCCCTTATTCAACTACCAA	1
CCTTACACGCTACCCCATAC	1
TAACTAAACTTGATATTCCC	1
ATCATCAGAAGGATCCTTCA	1
AAAATTTAGCTACCTAGCGG	1
AAAAATCCAAAGGGCATACT	1
CTCCCAAACTATCTCTTTTC	1
TCACAAATGACGTGTTTTCC	1
TTTAAACGGCTTCTACTAGT	1
TTAGTACTACACAATATGAA	1
CAATATATGCAAAATTCAAG	1
GGTTTACTGGGGGGGAAGGG	1
TTCGCATACGGACTGCCATT	1
TATCAGTTTAGTTACCCATG	1
CACACAACTTCCGACAGACC	1
AGCCTAATCGCTTACCATGC	1
TGTGCCGTAACCGATGGCCT	1
GCACCTCGAAGTAGATTACA	1
ATAAACGCATATAATACCGG	1
ATGACACCTTGCACTCCAAA	1
AGATTATCGACCGCCATCTC	1
CCCTATGTGCCAGTTGCCCG	1
TGAGAAAGTCAACATCCTTT	1
AGTAATAACTAGATACGTAA	1
CCTTTAGACTTGGCAACGTA	1
ACACTATCTTGAGACAATTG	1
GGACCGTCATTGTGCCCCAA	1
CCGAGGGTGGGATAAATTCA	1
TAATAATCGACCTTCCGAAC	1
AGTACGTCTTTCTCCACACT	1
AAACAAACACATTACAACGG	1
GAAAGATGATCAGAGTACAG	1
TTCTTAAAATAATCCGAAAA	1
GGGAACAGGATTGTGAATGG	1
CGTAAACGTTGACCACACCT	1
CTACCCAGCCTACTCATCCA	1
AGCTTACCACCAACGAACTT	1
ATATAACGTATCCCGTGCTC	1
TCAATCCTGGAAATATTTGC	1
CATAGGAATAGTAACCGAGT	1
TCTCACTATGGTACCTAACA	1
CACCCACCCCAAACCCGGGG	1
ACTGTCCGCGATGTAAATGT	1
CCAACGCCTCATGAATGCAT	1
GCTATCAGGCGCATAAGCCC	1
TTGGTGCGGTCATCTCCTCA	1
CCAAAATCCCCATAAATTCT	1
TTCGGGTCTACGCTTACGCG	1
CTCCAGCCACATTAGGAGGC	1
GCCCTCGCCCATAACGAACC	1
CACACCGATCCGTTACCACT	1
AATTGATAGCTAAAGACAAC	1
ACTGCCAAAAGTTAAATGTT	1
GAAAAAAAGATGACTAGATC	1
CGCATCTAGACCTGTAGTGC	1
CTACCCCGCAACACCCAGCC	1
ATAGTAATGGGACACTTCAG	1
GCGATCTCCACCGGTACACG	1
ACTGCGTGAGATCATATAAC	1
AACTAGTTCCCACACAGCCA	1
GCCCAACACGCTTATGCTCG	1
CTTCCTACCACAAACAATTA	1
ACGCTTCCAACTGCTTATCG	1
ACTGTTGAGAGCTTCTGCTG	1
GTCATAAAGTTTTGATTCAA	1
GAGGACAAGGTGAGCAATGG	1
AGTCCTGTCGGAACCTCGAC	1
CGTTTCAAACATTGAAACTA	1
CCTCTGTTATTTCCACGCAT	1
ATTAACTTACCACCGAGGGA	1
TTTTGATAGATACTATCGCA	1
GCTCGTACGATACTCAGTTA	1
TAATCAAATAGGGGTTAACG	1
AGTCAGTCACTTCACATTCC	1
CCACTACGCAGTGAGACAAC	1
ACCCATATTGCCACCCAAAC	1
CGCCACCGAAGCGAGTACAC	1
AATTAAATAATGTTGTTAGT	1
TAAACTTCCCCAGGAGTGTT	1
TTGATTTAACGACATTACGC	1
GATACTAGTGAATGACTTAT	1
CTGTGATAACATCGAAGACT	1
GATCTATACTATCTCTGCAC	1
CTCCACTCGACCACCACACC	1
CAGCCAGCCACAACATTTCC	1
TCAATTATCTCACTGTACCC	1
TAGTGAGAGTAGCCATCGAC	1
AACACTAAATGCGCCCTCTC	1
TAATCTACGACAATTGGATT	1
AAGAACAAAAACTCCTCCCC	1
AAGTATCCTGTGAACGCATG	1
AACACTCTCTCTATATCTAT	1
TCGGGTTATTTTCAACTACC	1
ACGGTCAAGAGGTGCGATGT	1
AGTTTAAACGCCTCCTTAGA	1
GAGAGGAGGGAGTAACCATC	1
ACATGTTGAGTCACGTGGTC	1
AAACCAAATGTACTCCCTAA	1
TTCCGAGTTAGTTAAGTTAA	1
AGGAAAGCACCACGTAATAC	1
TGAGGGACTGCTAATAGCTC	1
TACCGGCTGTCGCGAAGGTG	1
TCCTACGACACCCCTCGCCA	1
AATACCTCTCTTCCTATTCT	1
AATAGGCACTTAAGCGGTCC	1
ACACCTCACCTTCCCAGTCC	1
TACAGCTTCCCACATCTCCA	1
AAACCTTTCAACTGCATGAC	1
CTCCCATGACCCCGCGCACC	1
CCATACAGCCATAGGCCGTC	1
AGAAGTTTGGTATGCTAACC	1
TAAATTCTTGGGGACTATTC	1
CAAGGATGCTTCAAGTAAAA	1
CTATCATTGTAAGCACTTGA	1
GGTAATAATCTAGTGCATCA	1
CCTGTGCTCGGTCTCCTTCA	1
CCGGTGCTCAAACATAGACA	1
TGAAATGATACTGCCAAATT	1
TCGTACCCCCCCAAGACCTC	1
TATTTACACATGATGGATTT	1
ATAAAGTGCAAACCACACGC	1
CCAAACACTTTTAGACTAAC	1
TGCGGCGAAATGCCAATCCG	1
ACAAAGTACCAAGGGGACAA	1
ATCCCCCATCTTACGAGGAC	1
GTAGTTGGAGTTGAACGGTT	1
TACGTAAACACAAATCAGAT	1
CCTCATCCTCCCCCGCTCCA	1
AGCAGCGTGAACCAAGCCGA	1
GTTCTATCCCTATGATTTCG	1
TACTGCGATACTACACGAAG	1
AAAATCATATTTCCCCACCT	1
TCACTTTAAGTACCGAGTTA	1
TTCAGACAGAGGTTTCCCAG	1
ACATAGAGGGGGATTTAATT	1
CTTGAGGCTCAGCACCGATA	1
CTTCCCCCCATTACTCCCCA	1
AACTAGATGTAACTATGAAT	1
GTTGATTTTCATCAGCAACG	1
TGCATGCCCCCTGGACGTTA	1
TTCTAGGATAAACTGTAAAC	1
GTTCTAGTTATTGGTAATTT	1
TCCCCACCCACTGGATGGGT	1
ATACCGAAAATCCCAAATCC	1
ACGATAGCCAACTTGCAATC	1
CGGGTAAACAATAGAAACTT	1
CTCAAACCACGCCCGACTAC	1
CCATACCTCCGATTGCCCGG	1
TCGCATTAATCACCCAAGCT	1
TCCCCATACACACACACCAC	1
GACATAGCCACCCCTTTAAA	1
TCATGATACAGAAGAAAATC	1
TACTGCGACCTTCTACTCTC	1
TAATACCTGCGTACTGACCA	1
AGAGCACTCCTGAACCAAAC	1
TGCCGAACACATAAAGCCGC	1
CCATTTTTCACACCATGCGC	1
CATAAAAAGAATGAGTGGCT	1
CTAGCGCTGGTCGTCAGGTA	1
GAAGAAAAAAACCGGACACC	1
ATTCCAATTACACTTCCCCC	1
ACGTTGTGACTAATGAAGAG	1
TCGAAAACATCTTAAAACCA	1
AGGCGAAGATTTCGAATGGG	1
GATATCGGCGCCCCAGGATC	1
AGGTGTTTATTAATAGGCAG	1
CCTTAATCCACGCGGTTCTT	1
ATTGAGAATGATTCTCAATA	1
CTACTATCGTCCAACCCCTC	1
AATTACACCCGCCCTGGATA	1
AAGAAGTAGTAATCTAACGG	1
AGGAATTGAGTACCAACACT	1
ATTAACACCACGCGCCTACT	1
ACGCATCATTGTCTAGCTCT	1
AAGATAAACAAGGGGAAGGA	1
ATGCCTAAGACACTAGTCCA	1
GCACACCTTTGACTAAAGCT	1
AAATAGACGAAGTTGCCAGA	1
TAACTAACTGGTTGAACTAG	1
ATTTCCCCTCCGTTGCAACC	1
ACCACCCCAGTCGCAAAGTA	1
CGAGACCACCACCCACACCT	1
CAGCTTTGTGGTCCTCTATT	1
AGTGGGGTTGTTTGACATCG	1
GATAGAACAGTAAGTTTGCG	1
AATTATCTGTTCCATTTTTA	1
CGGGATCCAGTGATGGGGGT	1
ATCGCTAAATGTGCCACCCT	1
TTAGACCCAGGAGATCCTAG	1
AGGAAGCTAATTAATCCTAG	1
CAGTCACAGGGTCCGTACAC	1
AGTGAGCCTCTAAGGCATTT	1
TAAACATTTCCGAACTACCG	1
TGGGGGAAATGTATGCTCTC	1
ATCTCTTCGCCGCACAAACT	1
TATGTTTCACACCTCGTTGA	1
CGTTCACATAAAGGGGACAC	1
ATCTTTTCATGAGCAAGGTC	1
TACCATAGCGGAAGCTAGGT	1
CACCGATTAAACTTTATTTT	1
TGGAACTGTACCTCATTTAC	1
GCAAAACACTCAATGGCGCA	1
GCCGCTCAGCCTAAGCAACA	1
TCACTTAACTCCTATTCCCT	1
CCACATTATACAGAGAACAA	1
GCCAGGATTGAAGCTGATTG	1
CGCCGCCCCCTATATGCCCT	1
ATGCTAGTAGATATAGCCCA	1
ACCACTTTTTTCGCAGGCAG	1
ACAGCACACCCAGCTCGCAA	1
AATCCTTATTCAGCAATCAG	1
CTGTTCCTCCCCAAACATCC	1
CCCAGCATTCAACATAACGT	1
GCTAGGTGTTCGCTCCTGTA	1
CCGTGAACGCTCTAACCCAT	1
AACTATACAATCACCATAAA	1
AAACACTCGAATGGTCGCCC	1
CCTCTTTAAGTGATGATGAC	1
TCCATTCAATGCCACTACAG	1
CTCTACATTTTACGCTTTCA	1
GTGATAATTGTGTGCTAGAC	1
CCAATAACCGCTCATAATAG	1
ACGCAGCTACTGCCCAATGT	1
CTTCCTCCTAGACCTTATCC	1
GTGAGCACGCTACACTCCCA	1
CTTGGACCTCTCATATTGCT	1
ACAAATCACGCAAATGACGC	1
TAAACTGCCACAACGCGCAT	1
AACCAGCCGATAGCATTACA	1
GATGCATCTTCCTGCCACGT	1
GAGTATAATATTATTCATCT	1
TGTCCCGGCTACTGGGCTGT	1
GAGCCACACGGTAGCCTATC	1
GTTTATCAGGTTTACAACCA	1
CAAGGGCGCATGAAATAGGA	1
AATCCCACCCTTGTTTACAC	1
AATATTTACCGTAACGGAAC	1
TAGTTAGAATTCGCAAAAGC	1
AAGTGCATGATATCACAACG	1
GTTTTCTCAGCTAAATCCAA	1
GCTATAGAACGTAGTTAGAA	1
CTTAATTGATAAGGTCCTTA	1
CGGGCGTTAAATCACCAAAA	1
CAGAGTCGTCAGTAACGATA	1
GAAAATGTCAACCCGGACTC	1
TAGAACGACCGTATCCCGCC	1
CTGTGAGCGACCCGTGATCA	1
GGTTATTCTGAGTCCGCTGA	1
GTGAATTGAATAAGGAGTGT	1
GGAGAATATTTCCCTCACAC	1
GCGAGATTGAAAAACTAATG	1
TACATAGAGGTTCCTTAGTT	1
TAATGGGTAATCGCACGGCG	1
CCACACCAACCCTACGCCGC	1
CCCATGACTTGTCCTTTTAT	1
AGCTCGAGCTGCACGGGCAC	1
AGGATCTCATTCTCTTACAC	1
ATATTATAGCCATGTTTGCA	1
AAAATCTGGTCCCAAATTGC	1
TGTGAAAAGCTAGAGTGCAC	1
GATCCTTGAACAAAAGGGAA	1
CCTTCCCTATGACACATTTC	1
GCACTGAATGACCCTCTATG	1
CACCTACCAACCCGCTCCCA	1
ACAGAAGTGTGGGACCGACC	1
ACACCTAAATGCCGCAAAGA	1
GGTGTCGGGTCAACTCCACG	1
TATACTTCTTGTGGTTCTGT	1
GAATCATACCGACGGCCGTA	1
TAAAAGTTTGACACCCATTC	1
CGCTGCAAATGGGGAATGAC	1
ATAGTTAACGCAACTTCCGC	1
CTAATCCTTTGCTCGCCGTC	1
AGACCACGAGATTAGATATC	1
ATTTGGAGCTAATTCATGAC	1
CCGATTAACGCTGCAGCTTT	1
ATCATGCAGTGTTTCCACGA	1
CAAGACCCATACTTACAACA	1
GCAGTCCTCGGCACGGGATA	1
GGAACAGTAGAAAATCAGAT	1
ACAGTAACCCCAGCCCGCCT	1
CTCTCCACCCACCCTTCCGC	1
TCACGTTAAACAATATGAAC	1
GTAGTTGGGAGGTACCAAGC	1
ATGTATCACAACTGTAATCA	1
CTGGTCTATCATCTTTGGCC	1
GCTTTAACCAGCGAGAAATC	1
GAGAACGAGATAGGAATGTA	1
CGGCCCTTTTAATCCCGGTC	1
CTCACAGAACGCCCATGTCC	1
CCTTAGTAGAAAAACAATAC	1
TTGCTGCAGGATGTCACCAA	1
GAATAAAATACCGTGTCTTA	1
GCGAGAAATTGCTCCAATGG	1
TATGCAGACCACTGGCATAT	1
CAGCATGTACCGCTTACACT	1
GATGTTTTACATTCTATCAT	1
AAGTATAACTCAGCTACCCC	1
TAAGAGGTCACCTCCCGCGT	1
TGCACCTCTTTTCCTAGTAC	1
AGGGTGTACGCAATACATCT	1
TTCCTCTCAATAAGGTCCAT	1
AACCTCCCACGTATAACCAA	1
GATAAATACATGCGAAATGC	1
TAGATTAACCACTCCGTTCA	1
TCGAATAAGAGATACCCCTA	1
AGCCACACAGCTGCTGTACC	1
CAAGAAAGTTTAATATAAGA	1
CCTGATGAATTCTCTGCCCC	1
AAAAACGATCCGGTAACCTA	1
TGAATGCAAGCTAGGCCAAA	1
CCCCTATGAAATTGCTTTAA	1
TGCCGATTCCCCTCAATGTC	1
AACTAACTGCTCAACTGAAC	1
GATAAAAAGTGAATCTAATA	1
ACCGAGTTGTACCTGCGTAA	1
GTTTGTATCTCCGCGATGCC	1
ATCGAAGAAAAAGCTCTCTA	1
ACCAATCCTGACAACGTCGC	1
GATTAATGCCACGTTCTTAG	1
GTAGTAAAGTGATGTCTAAT	1
CATTTGCTTTATTATCTCTT	1
AAACGAGGAACTATCGATGC	1
TGCGTTAGCCAAGTTAGCTA	1
TAAAAACCAAATCAGGACGT	1
AGGTTTGAACTCTGAACTTA	1
CAAGAAATGCCCCTTACCCT	1
ACAGTAATAACAGATATATG	1
TATCTGAAGGAGCCATAAAA	1
ACATGCACGCAGGCAGCCTA	1
AGCCACGAAACTCACAAAAA	1
CTACCTGAATGAACCAACCT	1
GAATGGGCCTCTAGCAAGTT	1
CTCCTTGAAATAATGAGTTA	1
TCGAGTGAAATCAAGAACTA	1
GGGTTGAGTAATGAGGGGAA	1
AGTCGGACTAGGTAATAGAC	1
CACTAGCTAATTGCAACCAC	1
CTATTTGTTTCAGTTTACAA	1
GCCAACGAAGTATTCCATGG	1
TATATCGATTTGGCTCCCAC	1
AGTATATACATCCAGCGTTT	1
ACCGTCTAAGATACGCCCCA	1
TCATAGATCGTCTATAAACC	1
AGTGCTAGTATACTGCCACG	1
GAAAACTCCAGAGGCCGTAA	1
ATACGCTCTAACTAAATTCT	1
ACCCTTCTTTAACCTTCAAT	1
GGACTATACAGGTATTGACG	1
AATATTTTATTCATGTATAA	1
TACGCGAGAAAATGTAAACA	1
CTAGTGAACCGGATGATGTG	1
ATTCATTACTGGGGGTGCAA	1
TACTCACATAGCACACGTAC	1
CGTTTACTCCACCCGTACAC	1
TAAGAGTTAAAGAATTATTG	1
AGAGGCAGTTCTAACCATGT	1
AAATGGGAACCCAACCACAA	1
AACCACGGCGAAATTCCAAA	1
CAAATAATAACCAAGTAATA	1
AGTATGAGAGATATATTCAG	1
CCGATCTACAAGGATTTCCG	1
AGCAGTTCAAGGCCTACCGT	1
AATTTAGAGTCATCGGCAAT	1
ATGCGCTATAGAGAATCTAG	1
GAAACTAAGGATGTTCAAAC	1
TACACTCCTACCGGTGATAA	1
ACGGCCTCGCCTTATTCGGC	1
AATGACCGATCGCTACTTAA	1
CTTCTCACCAAGCCATGTGC	1
GGTGGGAGTCGTAAAACAGT	1
ACACGAGAACAATAATGTAT	1
ATTTCATCTTTTGGATGATT	1
CCAAGAGTAGGAGGTTATCG	1
AGGTGCCATTTATCATGAAT	1
GAGGACGATGGAAACCAGTC	1
TAGCCGTAATGGCGACTGAT	1
ATAAACCGATAATGGTCGAA	1
GCTATGAACCAAAGCACACA	1
ATGGTATGGTTGTAGTGGAT	1
TTTGAGACTAAAATTCAAAA	1
ATTGCTCTGATGAAATTACA	1
GACAGGTACATATGTACATG	1
CCTAGTGTCACTTATTCCGA	1
GTCCAGGTACTTATAGCACC	1
ACGAGGAGGAACCATTCGCA	1
ATTTCCATAGTTACGAACTC	1
TAACCTTAACCCCTGGAACA	1
GGATCTTTGGCAATTACATT	1
ACCCTTAAACGATTAAGAAC	1
CCCGCCGACTGACCGTGCTA	1
GGACATATTACTCTCTACAA	1
TCGATATATTTCACGATAAT	1
CCGGTTACTGAAGGGCGATT	1
TTTGGCTATAGCCCCTGAAT	1
ACTACGGGTTACATGATAAT	1
GCCCCCCCCACTAACACCAA	1
TTCGAAGCTCAAGACTCAAC	1
ACGAAACGTGAGGTTAGTTT	1
TCGAAATGAACAAGTATTAT	1
GGATGCATGCATAATAATGC	1
CTCTGAACAAAGTTATGGGA	1
AAATTAGTACTTCGGTGATA	1
TACCAGGGGAGGGTTTAAAT	1
AGGCACGCTGGCAGGACAAG	1
GCGTGAGTGAATTAAAAGCT	1
TCAGCACCGCTGTTGTCTCA	1
AATCCTACCTCCACGGCGTT	1
TATCGCATTCTTAACCCAAG	1
AATCTTTGTTCGTAATTTCA	1
GCCCTGATTCCGTAATCTGC	1
GCCCGCCTCGCCGCACATCC	1
TTCATTTATTTATTTAGCTA	1
AACACCTCATGACCAGCTAA	1
AAAATGTAGGGTAAATAAAA	1
ACTACATTAAATCCGCGCAC	1
AGTAGAATTACTTCGTATAA	1
CGTTAAAACAGCACCGCGAA	1
ATATTCCAATTTGCATTTAC	1
AGAACAGAGTTTTTGAAAAT	1
GCATAAGTCCGCTTCCATCC	1
GGACGCTAGTCTGTTGTTAC	1
TTACATATTTTGGATATTCA	1
TCACGCCGGTGAAATAGGTT	1
GGTTTCAAAATTCCTGACTC	1
AATTTGGTTGTGGTTTTGCT	1
GTAATTCGCCCAGTGGCGTA	1
CACCTAAATGTTTCTTCAGA	1
TGATTTCAAGTTTTAGCTTC	1
GGAGCAAATTTCAAGTGCAG	1
CAAATACATACAGTTACCCC	1
ATCGTAAAGAGCACACTCAC	1
TAGATACGCATGAACCGGCC	1
GTTTACGCTGCAAGGCGCCC	1
GGATGTGTGCAGATGGGCAG	1
ATACAAAACTAATGGAAAGG	1
TGATAATGCCCCACTGGGGG	1
CAGCTCCGCATATGGACACA	1
AATCACAATTGTTTATCTCC	1
AACATCGTACAATAGTGTAG	1
CAACAGCCCATCAAGCGGTA	1
AACACTACCGGTAGGGGTAC	1
TACACCCCACACGACCGAAC	1
CTCAAACACTCACAAGTGGT	1
ATATACACTATGTGAATAGC	1
GAAGGCAGGCATTAATTATA	1
AACCCCCCCCAAGTACCGAG	1
TCGTTCAAACGCTCAGCACC	1
ATAAACATAGCACATAAGAG	1
TTACATACGGTCTGGTCCAA	1
AGGTCACCCCCAAAGATGAC	1
GGTTATAAAAAACAGTTGAT	1
ATTTCACAAATAAAACCGAA	1
ACCAACCACTCCCCGATTTG	1
CAGATAAGCCTAACGGTCAT	1
TGCATATGACATTGGAGTAG	1
GACACCTCCGGCACAACTCC	1
GAACACTTCCACATCCTGTT	1
GGTAGTTATAGATCATGTAT	1
GGTTAAAGAATTCTCTCGCC	1
ATTAACTTATAAGGCCAAAA	1
CCAAACCGCACCAAAGCACT	1
TGATTTGTACACATCTAAAT	1
GAAAACTAAATATAAGCTAC	1
ACGTTCTCAGACCCTCTAAC	1
AGTCATGTGTGCTGAATGCA	1
GCAGATTAGTCACCCTGCAT	1
AAAAAAAACAGTTATTGCAC	1
CATAGTCGAGGTGCGCGGAA	1
GCACACTGTCTCGAACAACT	1
GGTTACATTTGAATTATGAA	1
GCACCAGCTGTAACTAAAAG	1
TTGCCCAACAGTGTAGTTTG	1
CATTGTGTTGTCGAACTTAC	1
GCCGCAAATCGTTCACTAAG	1
GAGCAGGCGCTGACCCCCCG	1
AGATAATTCATGGAATTGTA	1
TAAATCATCTATCCGGATCA	1
TAAGTTAAAGCCATGACTTT	1
GCGTCTCCGCATAGATAGAC	1
GTGCAGTAGGAAATCTTCTC	1
TTTGTTACTCCAGCCTGCCA	1
ATGGATTATACAAAGATCAC	1
CTTAAAAACGCAGGCCCTGA	1
ACCACAATTCTATACAGGAG	1
GCAAACCGCCCATCCCACAG	1
CGTTTGGATTAACCTTTTTC	1
ACTTAAAAGGCATCGGTGGC	1
TGCACCTGTGACAGACATCC	1
TCGTTAAATGGAGATGGTGA	1
AATATAACCAACCTAAGTGG	1
ATATACAAACCCCTGGATAT	1
CTCCGTACATTGCAACGTTA	1
CTATACCCCTAACTTTGCCC	1
TGCTAAAAATCCGATAAACT	1
GCGCATTAAAAGGCTAGACG	1
CGTTTCCAAATGATGCTGCC	1
TCATCTTTACCCGACAATCT	1
TAACAACAAGCTGCAAATCA	1
GCGAAATGATATTGGAAGGT	1
CGCATGTATCACTGGATCAC	1
AATTGCTAGCTATACACGTT	1
TGTACCAACCAAAACAATAC	1
ACCTACAGTCGAGAATAAAG	1
CTAGTATAATCAGATTCGTA	1
TACACCGATCCCGGAACAGA	1
GGCGTAGCCCAATAAGCGCC	1
TCTAAGCAAAATTGCGATAC	1
GCTTGTCTCCCACAGGTATT	1
ATGATGTTATTAACAAGATG	1
CACTTATCTAAAGACACTGT	1
ACACGCTACTTATATCTATT	1
GGGCTTTAAAGCCTGGACAC	1
GTCGATGCGAAAAAACTAGA	1
GATTTATACGTGGGCGTTAA	1
ATGTTTCTGTTAACAAAAAC	1
GTTACTGAGGAGGCACAGAA	1
CTGTTCATTGCTTTAGTTTC	1
TAGGCCTCATTCCATTCATA	1
TTGCGAAAATTGTCTTCGGG	1
TACACTATATGTCCAAGTCT	1
CTATACAACTATTAAAACTC	1
AACTCTGCACCCCTAATTCA	1
GAGCTACCGTGACTAAACAT	1
TTCTTTTTTCCGGGCTCCGC	1
GGGATCATGACGATTACGAC	1
CAAACACACCAGTCAGACCC	1
GGGGTCACTTACTACAAACT	1
AAAGAATTATTATCTTTGCC	1
CGCCGACTATACATAATATC	1
CGTCCTTCCCATTTCTCACG	1
AAAAATCTGACTAAGGAGTA	1
GTAGGGGTGGACCATAATTC	1
CGCAAATTCCCGCAACCCGA	1
CAACAAAGGACCCCCGGGCG	1
AACCTTATTACTCCAATGAG	1
CCAAACCCGCCCTGCATCAT	1
GAAAATCCTGATATTACCCT	1
CGCTATAATAATCGCGTTAA	1
AAGAGCCATTTAAACATCGA	1
CTTTACCACGTCATTTCCTG	1
ATACACCATTCAAAGCATTC	1
CTAACCCCGACCCAGGCACG	1
AATCCCACCGACTCCACAAA	1
GGACTTACACTCTAATACCT	1
TTGCCCCTCTTACCTCTTAA	1
TTGCTCAACCTAAATTGCGA	1
TCATTCGTACACCAAAGATC	1
AATTCCACCTAACTCCATAC	1
TAAAAGTGCTGACAGGATGT	1
GCGCTCAAAGGACACGTGGT	1
GATGGCTTGCACTTTGATTC	1
CAAGCTAATTTACCAGAAAC	1
TCTCATTATTTTCAACTGTT	1
GTGACGTACACTACTACGAA	1
AGATGGAAATTAATCTTTTA	1
TAAATTAACGGCAAAATGCC	1
CATAGACCATGGACTTCCCG	1
CCACTGGTTGGATAAAAGCA	1
CCAGTTTCCCTGAACATATG	1
GCTGCGTATCCCCCATCCCG	1
AAATTCCCCTTTTCCTACTG	1
CAATACAAGTAAAGCTTAAT	1
GCTTTTGAGAGCCGACGAGT	1
ATGTTAAATCGAAAACGACA	1
AGAATGAAGAAAGCAGGAAT	1
AAAACTGGGCGTTGCCCCTT	1
ATGAGAAATAATGCGCAAAC	1
AACAGAAGTTGGAGGTTACA	1
ACTACAGAACACTACTAAGC	1
GGCCGTGAAATGAGGAACCA	1
AATGTACCACAGTGTCGATT	1
TAAATGATGAAAAGATTTAA	1
AAAAGGACAAGCAATACAAA	1
TCGACGTAAGTCTTCTCACA	1
TGACTTCCACGCCAGCATAT	1
GCTTGTTAACAGTACTCGCT	1
AGCGTGCACTAGTTCAAATT	1
AGACTGCGTACCCTGCTATC	1
AATCTATAACGTTCCCCATC	1
CGGATATATAGCCCCCCAAC	1
ACCTCGATCTTCACCCAACA	1
ACCCACTACGTCCCCCCCCT	1
CCTTAAGACGGGTTCCCTTT	1
ACGGAACCCCTTATGCACAA	1
ACTCAGTATTACCTGAAATC	1
AAACGCAAAATAGAAAACAG	1
ACAACTATCTTTAGCCGCCT	1
CTATAGTAGTGCCCTCGCTC	1
ATTTAGACGCGGCCACCATC	1
TAAAACGCGCCTTCGAACAA	1
AGCGTACCCCAACAAACACT	1
AATAGCATTAGTTGTACCGA	1
GACACTTCACCCGTTTGACT	1
TAATGAATATGCCCTGGCGT	1
CATGATGCAACAGGCCCGAG	1
CGTTCAACTAACACGTACCC	1
CGATTTAGTTGGTACCCCGG	1
GCCCAACACAATTGTGGTAG	1
TGAAGGATATGATATACGGA	1
CTCACCTACCATCCACCAGA	1
CAAAGACAAAATAAACCTAC	1
CCCACACAACAAGTCAGGCG	1
ATCAATCGCTCAGTTGCTAA	1
ATCCGCCCACACTTCACAAT	1
TCAAAGAAACATGGAAAAAC	1
CGGGTACTTTGTCTCACCTG	1
GATAGGCGCCAGGAGACTCA	1
TACCGAGAAACCACTTATCC	1
ATGAACGTGTTTACTAAGTT	1
TATGTCCGAGCACTGAATTG	1
GGGATTTGGTACCGCAGGGA	1
CAAAGAAACTACAGATCGCG	1
TGATAGTTACCATGCAAATA	1
GGTCACCCGAGGACCTGTAG	1
TAGCCCTGATAAAATGCTAG	1
ACTATGTACTAGTCCTCACC	1
GTATCACCGCTGATACTGCG	1
TGAACACTAGCTGAAATTCC	1
AGTTTGTGGCGAACAGTTAA	1
TCCTGGAAAATACCGACTAT	1
AGATGCTTGTTATAGACCAG	1
TCTCGCTACGTCCCACCACT	1
ATAATGACTAAATCCGCTCT	1
GTTACTAGACACGTTCTCCT	1
GAAAGGCCATTTAGCAATCC	1
AACATCCACCCACAACCACC	1
ATGGTTTTATAAATGCATTG	1
AAATAAACATCCTTGACCGA	1
TTTATTAGCATGGCCCATGG	1
TGCGCTCCTCCTTTCCGCAT	1
CCAGGATAACAAAACCGAGC	1
TTGAAAACTTAGTTATATAT	1
GCCCGATTTAGTCCCACCAC	1
TCCAACGCGACCCCCTAAGC	1
CGTCATATTATTAAGTTAGT	1
GGCGCAATCCCTGCTCTCAA	1
GCAGGTCTCCTTGTAACAGA	1
CCCACTCTGGTCTCATAGCA	1
GCACCCCCATTATGGTCCGT	1
CCGCATATTCCTAATCCATC	1
TCAATGACGAATTTCAAAAG	1
TGAATAGCAGGGGGAAGTAG	1
ATTTTTCTTAGTCTTATAGT	1
GAGACTAAGCGGATCCATGG	1
GTAATGGCCCCAGTTCTCAA	1
CCCGCCCTTCTACCCCAGTC	1
CCTTCACAAAATGTGTTGCC	1
CAAATGGTATAAAGAGTGCG	1
ACTGCGTCCTACGTTCGTAT	1
GCGTTCAGATACGGCGCCAG	1
AACCACCTAAACTGACGAGA	1
CTAGATACCAAGATAAGAGC	1
TATACTCCCGTCACCGCGAT	1
CAAACTGAACACATCCCAGT	1
TTCATGCGTCCACCGGATTG	1
GAATTTCTCACACCGAACAA	1
CCGCATGTGACGATAAAACC	1
GCCGCTTAAAGCCGTGGAAT	1
CTCACATCCCTTGATTACGT	1
CTCGACAACATCTGCAAATG	1
ATTAGTTCCGAATGAAACAT	1
GGTTCATCCTTAACAGACGC	1
CCCCCGAGGAGTACCCCAAC	1
ATTAGCCACATCAATAGTGA	1
TTGTTAGGCACGTAACATGC	1
AGTCATATTTAGCTCGGCGT	1
TGGCGAAACCTAAACAGAGA	1
AACACTGTCTTCCACGGCGA	1
AGATGGACGTATAAAAGACG	1
ACCAGCCAATCCACAGATAC	1
AGCACCACACCATGGCGTAC	1
GCCTGATTAAGTAAACATAC	1
AGCAACATTCTTTCCCTACA	1
TTACATCGTATACCATGTGT	1
ATCCTTTCTTTAATATATGA	1
AGGCGAGTAGACCCTTATGC	1
AAAGTTTTGCTCACATTAAT	1
GAGGGAGTATATCTGCGCCA	1
CAGGGTGTGCCATCAGCTAC	1
AAATAATCAAATGCAATAAT	1
CTCATGATACGCGATGTGGA	1
ATAATGGAACGAAGTCGAAA	1
CTAAGCTATACGCGACCCCG	1
CCCATGACTTGAACCTACCA	1
TACTGTATAACCGTTAAACA	1
ATGCATGCACATTCTCCTCA	1
ACCGTTCCGTACATTTAGCA	1
TTCGTCTACTGGTATCAGCA	1
GATCCTGGACGATACCCACG	1
AATCGTGGGGACCCCTCACT	1
TATGCTCATGTGTGGCTGCG	1
TCTGTACACAACTTCCTTAT	1
TGAACTACAGTCTCAGCACT	1
ACCAGGACTGTCCTCTTACA	1
TGCGCGCACGAGACCTTAAT	1
TTCGGTGCGCGTAAACGCTC	1
TGCACTGTAGAGTTGACAAA	1
CACATTGACACCTCGACCAC	1
ATCGCACTGTAATCTTGTTC	1
CCTAACAGACGGAGAACATG	1
GAACACGAGAAACGTCGTTG	1
CACTTTACTATGAGATTGAG	1
TTCTCAGGAAACAATTAGTG	1
TATCATTAACTGAATACACG	1
GCAACGTTTGAAGACAATAC	1
TTTCAAAAAGCAACCTCGCA	1
ATACGCAGAAAACAACCCCA	1
AATGAATATTTACCCTACCA	1
GCACCACCGCTTACAAGAAC	1
AATAAGTTTCTCATTGAAAA	1
ACAAAAAGGACGACTAACCC	1
AAGATCACCCCGATCATTTC	1
GCGTCCCGAGTGTTGATACG	1
CCGCCGCATGGCCCATGCAA	1
TGAAACCTTAATAGGTAAGC	1
CAAAGATTCACTCTTCAGGA	1
TATGCAATATAAGTGTGTAC	1
ACTTTGAGAACAAGTCTGGC	1
TTTTCTACCCGCACTTAATG	1
CAATGGTCTGCATGTTTAAT	1
TGGCGCTCTCACTTAGAGAG	1
GAGCGAGTTCAACTTGTCCG	1
TTTCCCCATTTACAATGCAT	1
CGTTAAATAACAGTTGAATT	1
TCAGGCTCTGGGTTGCAAGG	1
AGATTAAGAAAAGATCAATT	1
TCTTGCTGCGTCCCGCACTG	1
ACACCGCTCCGCATTTCGAT	1
TATGGTCTCAGATACACATA	1
GAAGCATAAGTTAGGGCCAA	1
AGAAAGCGTATCATTAGTTC	1
ATGGGGTAGTCCTTTATACA	1
ATATTTTCGAAACGAAGAAC	1
TAGCATGTTACCCACCGTAC	1
TTTTAACTCCATATTATTAC	1
AGGCCGCGGGACATTCACCC	1
CCTACCCCGAGAAAGGTCGC	1
TGATACTACCGTAAGAGAAC	1
TATTACTTGATAGACAAGTT	1
AGTCTCTTTCGTTTCACTAC	1
AACTAAACAAGTATTGTAAA	1
AGAAGTGCCAACGTGTTACC	1
GTATGCCTACCCCGCAGGAA	1
GCTGAAACTTCCCCAAATAG	1
ACTCTGGATAGTGTAAAGTA	1
TTTGACTGTATGCAATGCAC	1
ACGCTACACGCATTACTCAG	1
GTATCATTACGCCTTAGTTG	1
ATGTGATAGCTTAACACAGC	1
GTAGTGCGATGCGTGATGGA	1
ACGACCCTGCCCTCATCTCA	1
CTGTTATTTAAGCTTCATGC	1
GAAATGGCTATGTGAGATTT	1
GTACCCAATAATACACTATC	1
GGAGTTACTAAGCTCCGCAT	1
AACATTAGATACGTGACCGG	1
CTCTAAACGAATGAACATAC	1
TACGTTCTCCGGTCAACCAC	1
TTTTCCATTTCTAGTCATAT	1
TCACTCCGCGGCCGCGCATT	1
CCCCCTACCAATATACCCAT	1
TATTGTCTTTCCACTTACCT	1
AGCACCCATGTCCGCCTAGT	1
AGGATGTTATGAAGCTTCGT	1
GCTCATTTACGTATATTACA	1
AATCTACTGAAGATGGCATA	1
CTATAAGGTGCTAAAGGTGT	1
CGCCACCATAAATGTAATCC	1
CAAAAGCTGGGGCGCAGCCT	1
AACCGGACCACCAATCATGC	1
TTCGTGTGATGGGTAACATC	1
AAGTAATGACATGCCGCCTA	1
CCAGATTGCAATATACAATC	1
CCAAAGGTCCCAAGACATAT	1
AGGAAATGTATGGTAATTGC	1
CTCCTATATCCAGGTTAAAC	1
ACTCACGGGCGCAATAACTT	1
GAACTCAATTGTTAGCGAAC	1
CAACGATGATGCATAAGAGC	1
CTCCTGTCCGCTTATCCAAC	1
TGGATAACGCATCCAATCCT	1
ACGTGACATAGATGTCCACT	1
CAACGTACCAGGTCCAACCG	1
AGATAAAGCGAGAGCCCACT	1
GTAAATTTAGTATATGATAA	1
ATACCATTTTGTTAATAACA	1
ATCGCAAAAGGTCCTACCGC	1
GGGCGCGGAGTCACACGCCC	1
TTACCGCTCTTGGCCGCCGA	1
AGGACCGCGAGGAATTAATC	1
TAAGATAAACGCCCTTAACA	1
ACCAAAACATCTAATGTAAG	1
TATACGATTAGTGCTTTGAT	1
CGTCGTACGCACTCCTACGC	1
TGCACAAATCTACCTCGAAC	1
AAAGGTATCACCGGCATACA	1
TTTGAAGATCCAAATTTAGA	1
CCCAACAGTAACATAATCCG	1
TATGACACAACGGTATGGCC	1
TAGAGGTAATCCACGAACTA	1
CGAAGCATTACAAAGAAGTC	1
AATGTTTAGTCGATTCGGTT	1
ACATACACCACACCAGTTCA	1
GAGCAGGTGGTATTTCCAGC	1
TTACTACGGCAGACTCCTTG	1
CACGACGTCCACCAAAGTGA	1
CTTGAATCCTGTGCCGCTAT	1
ACCAATTCATTGATTACGCT	1
TAAAAAAAAAAGACGGCGAT	1
TAAGCTTGCCTAGCAAGCAC	1
CAGACAAACTTACCCCTACT	1
GGGTCACAGGGTAGACTATG	1
AATACGACGTACCCACCCGC	1
AATAACCGTCGTAGCTACCA	1
CGAGGCGTAAAAACCAATAA	1
CCCTTGCATAATTCAACACG	1
TGAATATCAGGTGGGCCTTC	1
ATTCGAAAGACCACATCCGC	1
GGACTACCACAGCATCGGGC	1
TTGATATTGGGGTAGTATGC	1
CCGCGACTAGTGCCTTCCTA	1
GAATTCAAACACTTCTCAAA	1
AGAAATCCCAGTACGGAGCA	1
TACGAAACCCATCGGTGGTA	1
CTAAAGACTAAAAAATACCT	1
AAAAAAGAAAAGCCCGTTAA	1
AGAGGCATAGCAGACTCATT	1
ACGATTAACAAAAATCTGAT	1
CTGTGTTTTAGCCGCCTAGC	1
GTACAAACCCATCATCCACT	1
AAAAATCAACTGCCGCACCC	1
TTTTCCACGTTCTGTACGAT	1
CGGATATCCCCTTCTTACCA	1
ACTTTGTTTCAAGCATTTAC	1
TAGTTAGCTCCCTTATCCTA	1
CGAGCCAAAGCCCCTCATAC	1
CAAGTATAGTTATGAAGACA	1
CGGAAGAACTGAAAGCACCG	1
TAAATTAAATGCGACAAAAT	1
TCTGGCCACCCCTACAGCAT	1
TCGTATATTGATTTAATAGT	1
ACTTTGTCGTACATAACGAC	1
CACGAATGTGTAGTCCGGTC	1
CTCCCTGGTGTCTATTAACG	1
TCTCCTGTATATTGAAAGAA	1
ACATATAGAACCCATATTAA	1
GAGCATGCTGAATTTGGACG	1
CCCAGATTGACGCCAACCAG	1
AATACAAAGGGACCGTTATA	1
AGTTTTGTCATTGTAATCAC	1
ACGCCTGCCCTCAATCCTCG	1
CCCGGTCCATATACCAGTAA	1
TGTTCTCGGAGGTGTAAGAT	1
CAAAATTATGAAAAGTGAAA	1
GACCGCACCGACGGAGCCGT	1
TAATGATGTGTTTCTCTAGA	1
CATTAGAGCAGCCTCGAAGC	1
AAAAAGCTATAAGAAGTTAT	1
TATAAAGGAAATGGTGGAAG	1
TTAGGATTTCTTACCTCAAC	1
CTACGCGACTACACTTTCAG	1
GTTCTGGACGGACATGTATC	1
CTTCCCGTCCCACACTACCC	1
ACAGGGATGACCCTGGTCGT	1
AAAAAGGACACCCATCCCCC	1
CTACTACCCACATATCCTAA	1
TAGATACCCGCTTGAGCACC	1
CGAACTTCCGCGCACACAAA	1
ATGAAGTCCCACCATAACCG	1
AAGGAAGGAGAAATGGACAA	1
CAGCTACCCCATGAGTCACA	1
TGATCCCCCACAATTCCCAA	1
CACACACACAACGACAAATA	1
AAATCACATGTGCACCCTTC	1
ACAAAAAAGGGATTCTGGAT	1
TCCTTGCAATGATCATGAAA	1
CCCTCCTACTGCCCCACCCG	1
ACCGTGGCTCTTTAAGTTTC	1
GAGATTGAGCAAGTACATCC	1
CTTGAATGAACGCTACCGGT	1
TCACTCGCGCAAATTAAGAG	1
GATCGTTGAATCTAATTGGT	1
TAGAGGTCTCCCGTCCTGCA	1
TACTAAGTAGATAACCTGAG	1
ACCGAAACACGTATGAGGCT	1
GGTCATCATGTGTGGTGTAT	1
CCACCCAAACACAAATCAAG	1
AATCAATATAATGCGTTATT	1
AACAGAAAACGATAACGCTT	1
ACGAGATCCAAGTCAGGCCT	1
AGCACACACATTATCCCCAC	1
TGAGGAAACCCGCCGGACTG	1
GTGAGATTGGAGTCATGGGC	1
ACGAAGGCAAGTTGCGCTTT	1
TGCATATGTACACGCTCGCC	1
CGATTAGTTCGAACCCCCCT	1
AATTTTATCATGTCCACCTT	1
ACACCCAAGATTATCGATTC	1
ATGTTCCAGTAGCGTAGTAG	1
CAGTCGTTAACTCGGATATG	1
CCCGAAGCCAAGCGTCCACC	1
GGTCCGCGCGTGCGCACAAT	1
ACATACCTTTCAATATGTTT	1
CCTTTCGTCCTCAACCGAAT	1
AGTATGTACATGGTATTTAA	1
AACGTTTCGCAGCTTCATGT	1
CAAAACGACGTAGCGAATGT	1
CCTCTTCGCGTATCCGAGAA	1
GACTGAATTTTAGTTACTGT	1
AACTAAGCGTACACACATCA	1
TCAATTGGCAGTACGCAGGT	1
CTTGTGACGAACCCGACACC	1
AGATGGGATACAAAACCAAC	1
AGCGAGTACATCAGTATCCC	1
CTGGAGAGTATGACTCGCAC	1
CTGGTAACGTAATCATTGAG	1
TCGTTCCGAAGATATACTGT	1
GCGATCACCAATCACCAAAT	1
GCAACACAGCTGTCTTGTTG	1
AGCAGCAGAATGCAAGGATT	1
ATAATCTCAGCCCTCTGGAA	1
ACTGACCATGTTTGCTGGCG	1
GGCATAACAAACTTATCCCC	1
TAGCATGGAGTGGCATCTAG	1
CTGTACCTGCGAGTAACGTC	1
CAGCAGGTAGAAATGCAAGC	1
GTGTGTGTATCTTCCTGAGG	1
TGGTGGTGCCACTCACTGGA	1
GTTTTCCTCACCTCCAATTA	1
AGGATTTGCAAATGGGGGAA	1
CAAGGCAGACAAGATACCCA	1
CTCCACTTTACCTGCGTGCT	1
ACCCACGCACTCCCCATGTT	1
CCACTAAACCAACGGTATCG	1
ACGACAGAGTATGCGGCTTA	1
CAACAAATAATGCGTGCTAA	1
GACAAAGCCGTCTTGGTACA	1
TGTCGTTATACCCCCTACAG	1
ACACCACTTTGTGCAGACAA	1
TGTATCTACCACCGACGGAT	1
GTAAAAAAGACGATATTCCC	1
CCTTCCCCTGAATTGGAATG	1
ATAACGCTATCATACCCTTC	1
CAACTACCACCCCTCTCCAC	1
TATCGTTCCACCGCACACCT	1
TTGCCCCCTATTACCTACAA	1
TAGCGATTTCCACATGGTAC	1
CTCTCTACATTGGATTCTGT	1
AACCTCCAATGCTAGGCCAT	1
AGGTTCAGCAGGACTTGTAT	1
ATAATACATTGAGGGCAATG	1
TTTGAGATGATTGGCTAACA	1
TATGGATGGCCTCAAAAATG	1
GAAGAGGACTGAAGTCCGAA	1
AGAAGAAGACTTAATGTCCA	1
CCATAATACTCCTGCCCCAC	1
ACTAGTCGGACGGATGGCGG	1
TGTTGTTGCTTTCGCGCCCT	1
GGAAGCCAAACCCTATACTT	1
ATCGTGCTGAACACGTTGTG	1
AGAAACGTTCTTGCCGCAAC	1
ACAACAACCGTCCTCTCACG	1
AGGTTTTTTTTATGTCTCAT	1
CCGAGTAGATCTTGTGAAAC	1
GGACGGCGGAGGACACGGTA	1
ACGGTAAGCTTTGATATCGG	1
TTTAACTACTGCACTGGATA	1
TGCCAACACCAAATGCCCTC	1
AGCATTTGGACACAATTCGA	1
AACAACCCCACCATCATGTG	1
GACCGTTACGAGAAGGGTAG	1
TGAAAATAAGTGCAGCCTAA	1
GTACGAAGGCCGAAAAATAC	1
GCCCAAGTCCTGTAAGCCGA	1
ACCCGCTCCCCCCCGCGCTA	1
CTAAAACCCACTCACCAATG	1
CACCTTCCGCCGCGAAGTCT	1
GCACGCATCCGGTCTGATAA	1
CAAGTTAAAGCTTTGGTCGA	1
GACACTGACATCATCAAGGC	1
AGACATGACAGACCTCCCTA	1
ACAACTCATACAAAACTACC	1
CTGCATGGATAGACCAATAA	1
AGCAGGGAAAAAACAACTAG	1
GCTGCTCATTTTCCCTATCG	1
AAGTGAGCCGCTCGACAGCT	1
AAGCCGAAGTCCAACAAATG	1
ACGATGATTTACGCGAATAC	1
AACGTATGCTACCTCTCCAT	1
GCCAGTCGTGTGTTAGTCCT	1
GCCAATCGCATGACTCCCCC	1
CCCCTTAAACGAAGTGACTC	1
CTAAGCAAACGCCCCCCGTA	1
ACACGATGATATGCCTTGAA	1
AGTAATGAAGAAATAGTATT	1
CTAACTATTCTTAGTTTAAC	1
ACCTAGCAACCCCCCACTCC	1
TAAGGCGACCAAACGAAAAC	1
GCCCACTGAACATATACGGC	1
GCTCCCATCCCTTGTACTAC	1
AAAAGTCCGCTCGTCTTTAC	1
ACGACACGGTGTCTGCAACT	1
AAGCATGCATAACAAGCGGG	1
CAAAAACTTATAAAAAGGAG	1
CCGCATAATTGTCCATGCCC	1
GAATGCAGATGCGTGGGATT	1
TAGTGCCGAAAGCGGGTTAC	1
CATGTTTCAACCAAATGTCC	1
TGCAATTGGGACTCTGTTAA	1
GTTGCTAATGGCACGCTACA	1
TAGCAATGATAAAATACGTC	1
ACGGGTCTTAAAAAAACATG	1
CTACCCTTACTGCCTACCCA	1
TTGTATGTTCACAGGAACTG	1
ACAAAACATGATACCTAAAT	1
TATCCTTCTTTGTGATAAAG	1
ATCAAATCATGACGAAACAA	1
GCCCATGCGCCTACCACCTT	1
TCAAGAGCCTACTCCTGTGT	1
GTAACCAACACACAAGATTT	1
AGACTGCGTGCCTAATTCAC	1
AAGGCGTATTCATGCACCAA	1
GACTCAGGAGAGTTCCAAGG	1
ATCGGTTTTATAGAGCCTGA	1
GCATATTTTTTAGTTGCTTT	1
TAGCCGAAACTGCTATCCAA	1
ATACCATACTAATGAGGGGA	1
AGCCTCGATTACTATCACTA	1
TTCCACGCAATAACTGTCCA	1
CCATCTAGTCCACCCGACCC	1
TCCTAATATCGACCCTGTCC	1
TATATTCATTGAAAAACCTA	1
ATGGACCGTACGACACGCAA	1
CGATGCCATCCCTTATACTA	1
GCCTGAACACCGACGTACTG	1
GTTTGCATCAACAACACCCC	1
GGCCTGCTACGAAGCTTACG	1
ATGGAATAAACACTTATAGT	1
CATACTAGATCTAAACTTCT	1
ATAGTCTTAAAGAACGGGAA	1
CTATAGTTTGTGCAGCCCAA	1
ATGCCAGCAATCTTGTTTAG	1
GTATACGGGAATAATTTGGC	1
AAGATTAAAGGGGAGACGTG	1
ATGACAAAAAAGAGGGCGGA	1
CACCTTGCACAACCACCCCT	1
TTGAAAAAATTAGCGTATTC	1
AAAGAAAAAGCTAGTGTGCA	1
TATATGTATAGGCATTATGA	1
TCCGCTCCACTGCATGCGAC	1
CAGGTTAGTCGTAGTACGAG	1
ACCCTAGAGCTTTTTTCCCC	1
AACGTCCCGGCACAGGGTAC	1
CCACCCGCAACACATGCAAC	1
CCCAACTCACGACAACTAGC	1
TTGCCAAAATTAATAATCCA	1
GACCACACTCACACAAACAT	1
CCGACCACAAGTATAAGGAC	1
GCGTTTCACGTGAGTTCGGT	1
AACCACAGACGACCCTTCCT	1
ACAACGCCCCAATCTTGCCG	1
CAGATGAACTGCTGCATCCA	1
TACATGACGCACCCCCTCCC	1
ATGGTAATGATTAGACATAG	1
AAACATGACAATCCTAGGCC	1
AATGATAGACCAAAGTAGAC	1
TATTTGACCACACATATAGT	1
GACGAAAGTTGCCGAGACTA	1
CACGACTTCAAACCAGAAAC	1
GTCCTCTGCACTATCAACGC	1
CGGTTTCCCAAAACTATGAA	1
GACCGGAACATGATACCAGC	1
AGCCGCGAAAATGAGGCTCG	1
TTATAAATTAAAGTACATCC	1
ACGAGCTCGCATAGAAAATG	1
GCCTTAACTCGAACTCAATC	1
TTCAACTGAACCACCCCGTA	1
CAACATCGCCGCCCCTAAAA	1
TCCAGATGGGTACACTGCTG	1
TCCGGCGATATGGGCAGAGC	1
CAGAGGTTTTCTATTGTTAA	1
CGGTGCACGATCGATCTTGA	1
TTACGTAACCACTACTTTCC	1
AGTGAAAACCGGTACAGTTT	1
ACACTTACCTACCCCAAACC	1
TACAGCACATAGTCATAGCC	1
CTACTACCCGCGATCCAACC	1
ATGAATGTACACGAGCCGAG	1
ACCCACTTACTCATCAACGC	1
CCTTTCTGTTATCTCGTCCA	1
CCAATCAGCTACCGCACACG	1
AAAGTGATTTGTATAACCTA	1
CCAGCTGAAAATACACACCC	1
AACGAAGCCTAAGACCGCGC	1
TACCAAACTTTATCTGAGTA	1
CAGAAAGTTGATAGTATGCC	1
CAACATTCGCACACATAAAA	1
CAGATATAATTGGTTACCCC	1
ACGAATACCTAAGTGATGTC	1
CTATCGGTTCACCCCTATTA	1
TTAAAGACACCAAAGGGATA	1
GCGCTCCTTTCCAAACGTAA	1
TCAGTAAATCTTTTTTAACG	1
AACAGCGGTGCACAGCTAAC	1
CTCTTTCTTCTCCCACCTGC	1
TATATAGCCCAATCAAATCT	1
GAGAACTATATATTAATATT	1
ACCATACACCTATACTTGGA	1
TCCTTCAAATGATCTACCCA	1
AGAGACGACACTTTCTTCAT	1
AGAGTGGTGACAAGTAGCAA	1
TAGGTTTTGAAAATAAAATA	1
TAGAAGGTAGCATTTTTGGG	1
CCTCCCACCCGCCTCTTCAG	1
GATAACGTGGGGCGGGCCAC	1
ATGCTTAGTTAGCACTCTAG	1
ACCCATATGATGTCCACCCA	1
CCGTAGTCAAAAGTACATCC	1
CTAAGCGTGACCAGAGACAC	1
AAATTCTGGCCTTACACGTC	1
TCTTGAAGGCGCCACTATAT	1
ACGCGTTGGAATGCTCAAAA	1
ACAAGCAAGACACTGCCACA	1
CGACGAAGGCTATCAAACCG	1
ACATGTATGTGCACAAATAC	1
TTCTCGCCTGGAGCCCACCT	1
GAATTATGTATAACGGCACT	1
GCCCACAGAGTGTTAACAAT	1
TTGATAACAAGGGGAACGAA	1
CCCGTGTCACTTATCAAGTC	1
TGAAATTTTCCACTCCCCCC	1
GTATGGTACAGATCGCCTCA	1
GATAGACCCTAGAGGTATCG	1
TTTAAAACCGGTTGCCTTCG	1
ACCTGTGGACACAGCGTTTA	1
CATGTAAAGCCAACGCATAG	1
ATGTGGTTACCGAGCGGCAG	1
TTCGATGTCCACCTTACTCA	1
AGCTTAAAAGCAGCTCCAAA	1
AAACTTCCTCTCAGATTTAA	1
ATATAAACCGAACACACGCG	1
AACCTGTGCGGCCTGCTGCC	1
TAACGCCGTCAAACCATCCC	1
CATGTTCAACTCAATTCTGT	1
TTAGTGTCGCCCTGTCTATC	1
ATTTAGGCATCATCCAAAAA	1
TCATAGTACCACATAATACG	1
AATGACCTAACACTTAAACA	1
ACGCGCATAGCCGTCCGATT	1
TGTACCCAATGCCCGACCGC	1
GTTAAACCGGTCTACGACAA	1
CGCACTATCACTTGGATAAC	1
TGACCTACCTAAGTTACTCC	1
TATTAGGTTTCTCAGATTCA	1
CACCCACAAATCTAACAATA	1
GTACAACTTAAACTTCACAC	1
TGCCAAGCATGAGTCACAAA	1
GTAGATCTCGCTAGCACTGT	1
TACATCACGCGAGGATGGTT	1
GCCGATCATACCAACTCGTC	1
AACCGCGAATTATGCAAGGA	1
GTCAGCCTTGCACTACTCCA	1
TGCATTTATCCTCACGCCTC	1
CCACACTTACCGGCGTTCGC	1
AACACGTTAAAAACAAACCT	1
CCTTATGAGAGAGTAGATCC	1
GCACCCCCGAACGCACCAAT	1
TAATATCTGCCTCCTCCCTT	1
ATCACATTCTAACTCGTGTG	1
GATTATGTATTGGACACATA	1
CCCGTCACCCCCTTGAGATA	1
TGAAACTTGGTGTCCTCTTG	1
CACCCCTAACCACCATAGGG	1
TGGGTGGCTTACAGGCCATT	1
ATAGAATGAAAGCATAACCA	1
ATCTTAGTCATATCCTTAAA	1
AATGACGCTCCCTCTTTCCT	1
TTTAAAATCCATGGCACCTG	1
ATCTGCAGAATTTCAAGTAA	1
CGCGAAGTTGGTGATGTTTA	1
GAACATAATGCGATGAAATG	1
ATCTAGTCCAACTCCCCAAT	1
AAAGATCGCGTCAGTACCAG	1
TCACCCCACCTCGCCCCTCC	1
ACTACACACCGTGGCTATTG	1
CATTTTCTTAATGCCTGCAT	1
TGTTCAACGTTGGTGCACCG	1
AACAAAATATAAGAGATATG	1
CGTGCTATGCTATATGCATC	1
TCTTATGCTTGACTTGAACA	1
GGGTTTAACTAATACAACCC	1
TAATATGCACGTATCCCCAA	1
CTAATCGCCAGAGCTAAAAC	1
CCTCCACGCAGAGTTCACCT	1
ATGGAATGTTGTTTAAGCTA	1
TCTGCATGTTTGAACAGAAT	1
AGACAAAGCAAGTAGTTAAA	1
GGACCTGCCCCCCTACTGCA	1
CCCAGTCCACATGCACTCTC	1
TAAATAACACAAAGCTGGGT	1
ACCAAACAATAATACTCCTA	1
ACACGGAGATTTGTTCCGCG	1
TCCCCTTCACCCTTGCCTCT	1
AACTTAACCATTGGCCGTTA	1
ATTACATTTTATCTAATACC	1
CTGGACACTACGCATACCAA	1
CAATGTTGATGCCAACACCC	1
GAGCCACATGTACAAGATAA	1
AGCTTTGCGTTCGTTGTATA	1
ACATATATGCTCGAACAAAG	1
CAAGCTGGCATGGTCACTAG	1
AGCCTCGCCACACTGAAAAT	1
TTTAAGACTACCCGATAAAC	1
CCGTTGGCAACACCTGAATA	1
ATCTGGTGTTAGTTGCAACT	1
CACGTTTTTACCCGCTTGTC	1
AATAGTGAAGTTTCCCACAT	1
TCAACGCAAACTGTGACCCC	1
TGACTGCGCGAATATGCAGG	1
AGGAAAACTAAGGTGACGCC	1
TAATGCGAGAATGAGGTTTA	1
CTCAGTCGGCACTTCCATTC	1
ACCTAGGAAACGTACAACCA	1
AATAAGTGCTCCATGTTGCA	1
GGTGACGAATTGCCTGCTCA	1
TCATGCTCCTAATTCGCTTT	1
AAATTCGCACAACTGCAGTC	1
AATACTTTAAACCATATCCC	1
AGATGCTATACTACTGCCTG	1
ATTCAAACGGTGGGGGGCCT	1
GGATCTACCCTCATAATAAT	1
CGACGTTCTCCCTAACAGCG	1
GCAACCTTATTTTTCATATG	1
TTCACCCCAAAGACACTTCC	1
CCCATGAAGAGATCCTGCAC	1
GGTCGCTTGACCACGTTGCC	1
GTGTATAAAGCTCCCAAATA	1
GACAGCCTACGAGTTTTGAG	1
TCGGGACACTCAACGAAAAC	1
ATCACGGAGTGAAAGATACT	1
GCGGACTCAAGTGCCTACGG	1
TAGCTTACCCTAATACACGA	1
CAGTCATAACAGGTAACCCC	1
AGACTATCACGGAGCTTGCC	1
CGTTTACCCTCCTCTATCAC	1
ACGCGCCCTTGTCACCCAAC	1
ACCCTACCCTCTCATAATTA	1
AACTATTCACGATTTGTCTT	1
ACTGTACTGATTCATAACAC	1
ATAATGCACATATAAATATG	1
TCAGGCGAGTCATTATAGGC	1
CAGTAAACAATCATCTGGAT	1
TGTGCGGTCTACACCATCGG	1
GTAACCGCTGCCAGCAGGTA	1
TATTGCGCAACACGCGAAAG	1
GGGTAGGGGTAAACAATATA	1
ATCGACGAAAGCACAAGGTG	1
GAAGGCTGGAAGCGACCTTA	1
GTTAACCGAAGGGCTACATG	1
TCAACATGATTTGATACCGA	1
AAACAACGTAAAACATGTCC	1
TATTTTAGACCCAGCATGTC	1
TTCTTGATACTTTGTGGCGA	1
ACCAATTACCCGCACTTTAC	1
TAGGAGATCGTGAAAGAAGT	1
TATTCGATATATTGTTTACT	1
TTCAAAATTATGTACCGACC	1
GTGAACACACCAAGGAATGG	1
ACGCCCGAAATTTAACCGCT	1
CCAAATATGGACTCTATAAT	1
ATTTAAACTATTGAACATTT	1
CTAAAGCCCAGCGGAGCAAG	1
GAAGTGTACGTTTTAAAGTA	1
GTCAGGGCCTTCAAGATCAG	1
CATGCCGTATCACCACCCAC	1
TAGGCACCTGAAGCGTAGCC	1
GTAGCCACGGAGCCGTAAAA	1
ATCTAACCCATACGAATTCA	1
ATATTAAGGTTGTGTGTGTG	1
ACAAGCACTTATCATCTACC	1
CATAACTTACCTTCACACAC	1
GGACGCACCCCTGGATGAAA	1
TTCACTCCAGCTATCGATGG	1
GGCATGTAACCAAACGAGCG	1
AATTCCACCGATGGGGGAGA	1
CCACACCGTACCAGGAACGC	1
GCTAAAGCTTAAACCCTAGC	1
AGCCCGATGTATACCCTACG	1
ACCCCGCCTATCTTTGCCTA	1
TATAATACGCTGCTGAAAAC	1
AACTCACTCTCGCTACCATT	1
ATATGACGCTGTCCGTGTCC	1
TCCCACCGTGGTAATATCGG	1
TTTTATTCACTGCTAGGTGT	1
GCTGCAACCCAGTGCAGCTT	1
GGGGACCTTTCGCCTGATCT	1
ATTCCCACCTACAATTGATT	1
GTCATACGCAATTCTATAAG	1
AGCCTGTTGTTTAGAATACT	1
ATCCTTGTCCTGTCTCACCG	1
AACAACTAACCGACTCCCAC	1
GGCTACCAGCACATCGCCCG	1
ACGAAAACGTTAGAGAACCA	1
ATCGTACGTCCTCTCTTCCA	1
CACCACTCATGATAAAAAGT	1
TCTTATTACTGTACTACCAA	1
AGAGAAGTGTCGACCACCGA	1
TACGACGGAAAGCGGTGGAG	1
CTGTCGACGTTTACATTTAC	1
CGTTAAGCTATGCACAAACG	1
GAGCTCCGTAACGCTATTTA	1
AAGCCCGTAATCCTATTGGG	1
TGTGGGAGTCACCTAATGTT	1
GCCCCTCCCAGATACCCTGC	1
GAGAAATTATGTTGCCGTGC	1
ACCAAAATACCACCCACCGG	1
AACGCAGAAACGGAGGTTCG	1
GAACGAGTGTTTTCCGGTTA	1
TAGCGCACTCCAAGGGTCTA	1
ATCTACGCGTTCCGTGCATA	1
AGTACGACTGTTGTCTGCCC	1
CCTTAAGTCATCTACTTCGA	1
CTACACCACAACCTACCCGT	1
TTGTTACATAACAAAAGCTT	1
ATAAAGCAAGGGCATGCATA	1
TTACAAAGTGAACACGCTGT	1
GTGCAAGAAATTCACTTTAC	1
CTCAGGTATCGAAACGACGC	1
TGCAATCGCCCCAATGGCCA	1
GGGGGTCATGTATCAAACCA	1
TCTCCCTGTGTGCTTCAAAC	1
AAGAAATCGTAAACACTCTC	1
CCCACCTTGAATTCCTGTTG	1
TTGTTCCCGCACTAACTATA	1
GAAACGTTAAGAAAGAAGAG	1
TTCAAAAATGGGTAGTGAGG	1
GTCTTGCCTGGGGCACTTTT	1
GTTACGTTGTTACTTTGCAT	1
TGACGATGAAACCGCAGGCT	1
CCCAATACCACCTCGTGCCA	1
AGTGCCCCCTGACTGATTCA	1
GCCTTCAACTCCCGGCCCAC	1
ACACTTCGTGAGCCTAGAAC	1
AAAGGGAGAATATTAGGTAC	1
TACAAAGACGAAGTAACGAC	1
CGTCAGAATGTAGGTCAAAC	1
TTGCTATGCGCACGAGACTG	1
ATACGGCTTAGCGCGCAAAT	1
CTCTCGATTAAAACGATAGC	1
TACCGACTATAAGTGATTCA	1
TCGGGGACATTACTGTACAG	1
TAAGAACTCTTGCCGTTACT	1
ACTCCTCGTATCAATGCCGC	1
TCATAGTAAATCCGTCATCA	1
TTACTTTAGCTGACGTCGAC	1
GATGTTCTTGGAGACTTCGG	1
AGGGTCGACTATTAAGCACA	1
ATGGCAACGACGTTTTGACC	1
GCTTCTCACCCGATACCTAC	1
CACGAACTGTGAGGGAAAGA	1
AAATAAATTCAGTTGTTCAG	1
ACCCTACGTGGAATTCACGC	1
ATAGGTGAGCTGAACACAAC	1
CCAAGTAACCACTAAAATGA	1
GCAATCTGATGACCGTTATT	1
TGTTGCTATGCCTCACAGTG	1
GTTCCAATGGTTTTTTTATC	1
ACACAATGCACTCTTTTTGG	1
GTGATGTTTGCGGCGAAAAT	1
ACATTGATACCACGCCACAA	1
AACACTGTAGATTGCCAAAA	1
TACTTCCAAGAGGGAATATG	1
ACCGGACAAGGACCCAACCT	1
TGCTGATTTAATAAAGATAA	1
AACTTGCTGAAGTGGGCGTC	1
TTGACGTGCTAAGACGCATA	1
CCAGAAATGGCAACACTGGC	1
ACCTTGAACAACTGTAGTCA	1
CTACAACCGCACAGGGTTTA	1
ACCCCTAATCCCCAAATAAG	1
AAAAACCACAAAACGCAACT	1
TCTACACATCACGGGCATAA	1
TTTTTAGTGTGAGCGAACTC	1
CCTCGTGAACATATCAGCTC	1
CTTACCTTATCACAAACATC	1
ATCAGCCCGTCCCAAAAGTG	1
ACCGACTGGAGATATCGGTC	1
CCATTCAGCTACAAGTGCTA	1
TTATACACACTGTTCCCCAA	1
AACCCTTCATTAATGTCTTC	1
CATCCACACACAAAATTACG	1
CCACGCTCTTCTGTATATCG	1
AACTATGGCTCCCGTCACGA	1
TCATCATACTTGGGGGGAAT	1
GGCACAATTACTATAATTCA	1
TTTCTCAAGTTTGTTTTCCG	1
GTGTATACATGTTATGGAAT	1
AAACTTGTGCGCGACCTTTT	1
TACACACCCGTTTCATCTAA	1
ATGAGTAAGGTTGAAAGGTC	1
AAACTACACACATATCACCG	1
TGAAAAGTTCAAGTAAAGCC	1
AAGGCATTCGCTGTATAAAA	1
GATCGCCTTGCACAAACGAT	1
ACGAAACGTCGTAGAAAATA	1
TAAGTTATGCGAACGTTATC	1
GCAAAGAACTTGAGTATTCT	1
CACATTTAACTTCCAGCTCT	1
AACGGGACACGCCCGCCTAC	1
CGTGGATGAATGAATGTCTC	1
AACCTACATACAAATAATGG	1
GCCTGCATAAAGGGATGAAG	1
GCAAAACTACAATTCCATCA	1
CCATAACTTCCATCCCAAAC	1
ACCCATGTGCCAAGGCCAGC	1
GGGGAGAACCGTGTAGTACA	1
AACAATACACTAAACTAACG	1
TAGAATGGCCTGGCTTACCC	1
GAGCATTGGATCGATTAACC	1
CACACCGGACTTTACACTAT	1
TTCATATAGGGAGTGAACAG	1
CCCACCTAGCGAAAAGGTTA	1
TTTGAAACCCCATGTAATTC	1
CCACAAATACCACCACCCAA	1
AATGATGCACAGTCATACCA	1
CTGAAAGCCTTACTATGCAC	1
GTGCACAAAGGGACTAAGAT	1
ACCCTAGGTTATTTGTAACT	1
AACCAGAGCATACCCCATTT	1
GGAACAGTAAGACACTGCAT	1
TGATTAAAAAGTACATAAGA	1
AACTACACACCACAACAGTA	1
ATATAGATACCCTGGATCGG	1
AGAAGCTTATATGTACCAAG	1
AAAATAAGTGGTTTTTCGCA	1
CAATTTATTTTAGTAGCTGG	1
ATCGATATGGTTAAAGTCGT	1
TCATCGTTAGGCACGGCGTA	1
TTCTCGATCTTGTGTATAGT	1
CGGCACTGTTGGTTCTGTTC	1
ACTCGACGGGGTACCTCTCA	1
TTGTTCTACTAATTTACAAC	1
TCCTTATTTCTCTATTGTAA	1
ATAAAATCTGGAAGTAATAA	1
AAATATACGATTTTTATTAA	1
AGATCACCAACGGCCATATC	1
AGGGGACAACATAATTTCAC	1
ACGTACGCCAAACTACTACT	1
CGGAACAAAACTAGACCAAA	1
ATGTGAAGCCGGTGTAACGT	1
CGAATGCCACACATTGTGCA	1
CTTTATCCGCCCAAACAGTA	1
TAGTTGTGCCGTCGTTTAAG	1
CCTAAAAAAGTCGTACGAGC	1
CGGGAAAACCCGTAATAAGT	1
CTTATTTCGTTCCCTCTAGC	1
TCAGAGTAGACTTTTTTATA	1
ACCGCTGCAACATTCTCCCC	1
AATCAACATCTAAACCAACC	1
TTACCCTGTACTCAGCCAAC	1
TTACGTTCACCCCTGCATGT	1
AATGAGAGAGGACCGCTGCT	1
CAAGCCTGTGAGACACACTC	1
CCTGAATGTAGATCACGAAT	1
TCGCCGTACTTAGACTGAGT	1
AGTTGACCCAGGACAAGTAG	1
AGACCGGTGTGAATTGGCGT	1
GGCACATTTGGATCCGAGAT	1
CGACGCCGACTTTTCAGTGA	1
GCCACACCAAAACATACACC	1
TAACATTATCAGTTCATACT	1
TTTCGAGTAAAACATTGAAT	1
GCCTAAAACCTTCCAAGGTG	1
AAATAATTCTCCGACACACC	1
CCAGTAGTGAACAAAAACCG	1
ATATTACCGCGCGTATCCAA	1
ACCCACCTGCCCTAGCACGT	1
CACGACATGCCAGAATACCG	1
GATCCGTCGTATAGTGCTCC	1
AACGCAGTCGCTACCTAGAA	1
TACCCAAGCCATAGAACCCA	1
TGGTCGCGATAAGTTGGCTA	1
CCTCTGCACTTATCATTCGG	1
GTGCTCTAAAAGCGCTCAAT	1
GCCTAGTGCGATACCGCAGG	1
TAGCACATAAAACCAGTTAC	1
TTTGCACAGAGCGGTCATAA	1
AGAATTTATTACGAAGACTA	1
ACATTGCAACTGCCCTTGCG	1
GCAAAACCCCCGCAAACCGC	1
TTCTCAAGAGCAGTCAGAAG	1
ATGTCCCTCCACTCCCCGCA	1
TACGACGCGGACAGCGTCCT	1
ATAATATCCGTTAGCTTGAT	1
CCCGAGATCTTTCCCTCCCG	1
CACCGGTTTTACATTGGGGT	1
TAGTAGCCCGTGGAACCAGA	1
TTCTGTCGCATGTATCACTT	1
ACCTCCCTGCAGTCCTTTCC	1
GCGGATCTGCGAGACCCGGA	1
CCACCCCCCCCGAAACCAAT	1
TTGTTTTATATCTAATCGAT	1
GCCGCTTTATCAAGAGGAAT	1
CACTCCTGTGCGGTGCGCTT	1
CAACTGACCATAGGCATCAT	1
CGGACTACAACATCCGATAC	1
AGCCTTTATTAATGAGTAGA	1
GTATGAGACGACAATAGCGG	1
GGATATGAAATGAAATAAGA	1
GCGGTATGTTCGCTCTTTGT	1
AACCCTGAATTCCACAGACA	1
TCCCCATCCCGCGTGCCACG	1
CCTGTTAGGCTACCCGAAAC	1
CGCGCGATACGTAATTATGC	1
TTCGCATGCTAACTTTACGA	1
CAGCACAGAACGAAAGCGCT	1
GATGTGGTACAAGAACACCA	1
CTATTGGCACATCATACCAA	1
TTAATCGTGAGCCGGTGTGC	1
GAAACGAAGAAGATAAACGT	1
TATGATTACGGCATACTTAA	1
GCAACCAGACTTGAATAAAC	1
GGCACCTCTATGACCAATTT	1
ACCCTAAATCCCTTGTACAA	1
GCCTCGCCCCGAACCACAAC	1
TAGCGTAAAGCTGATGAAAG	1
CTGCACATTGTGCACAGCAA	1
ACCGGAAAAGGTGTGAATCT	1
CCACTCTTATGTAAACATAG	1
CGTATCCCTACCACTTCCCC	1
ACATGTAACGACTTAAAATG	1
TCACACCACCCACGTCCCAT	1
CAAGACGACAAAGTGCACCC	1
CGTTGATAATAAAACAGTGC	1
AGTGCGCTTACCCCTTCTCT	1
CAATAAGGATAATTCATATT	1
CTGTGGGCAAATACCGTGGC	1
CTCAGGGAGTTCGTTACAGT	1
TTAGCCCAACAATCCCCATC	1
TTGTTGTTACTAGATTTGGC	1
CCAGCAGCCCCCCCTCTACA	1
AAACAGGCCTTCTTCCGCCC	1
ACAGAACATTTTCACAGGCG	1
CCAGTGCAACACCGCTTTAG	1
ATATGCGTTCTGAATAGACT	1
CGACACTATTATAACGCTAA	1
AACTGCACCTTGTCAAGAGG	1
ATACTTCTGGACTCATCCCC	1
ACAGTGCAGATAAATGACGC	1
CCCGAACGCAACAAAATATC	1
ACATAGAACTAGTGCGTATG	1
TTCACCAAATCCGAGTATAT	1
CTAATGGCAACCCCCGAGTC	1
GGCATGACATCCACAGTCAC	1
ACGAATGCGGTGACGAAGAC	1
CACGTCCCCTCCCGCGACAC	1
TATAAACGTTCATGCAGATA	1
AGCTATCACTCATCACTCAC	1
ACTTACGCGTGTCTCCATCC	1
GACCTACGAGGCACCACACA	1
AGCAAAACGTCGCATCAGCG	1
ACACAACGAATTAGACCCAT	1
TGTGCGAGTAATTTCCCTAT	1
ATGTTCCAGTCTCTCCCCCC	1
AGACATCTTTCCGCGTCCCA	1
GTAGATGGCGTAACCAAACT	1
GATTGGCGTAAAATGCTGGC	1
ACCCCCAGCCACAATGCTCA	1
TGTTAAACATTCCCCTCCTG	1
TCTTATGCAAATTACCCTAC	1
TTTCAAGGAACAACTTCAGA	1
ATTTGCGACTATATTTAAGA	1
TCCGAGTCTCTCCGCTGGTT	1
AACAATTGTTGAGCGCCCAA	1
GAATTAGATTAATAAGTAAG	1
GTACGGCGATCTATTGACCT	1
GCCGACACCCTATCCAGTAC	1
CACTTGCGTTATACGTCGTA	1
GCACTTTTCACACAATCGAT	1
CCATTCCAACAGTGTGGAAA	1
ACCACCGGCTTTTTTCCAGA	1
CCGTGGGTAGATGACCAAGA	1
CAAGCGCGCGTATTGGGGTG	1
GAAGGATCTAGCCACCGACA	1
GTGGAAAGTAACTCGCGCTC	1
AACCAGGCCTAACTGCACTT	1
GATTAACGATTAACATCACT	1
CGGAAATGGCCCACCAGTTA	1
TTTAGATGAAAAGCTATCGT	1
AGATTCTCTCGAACCAATGT	1
CATCCCAATTTACCAGCACT	1
ACAAACTCTCGCTATGTTAC	1
CGTCTCGCGCTCCCCCTACA	1
TTAACCTTACTTTTCAGAGT	1
CCGAATTGCTGACCATGCGA	1
GTGTCGACTACAGAATTGCT	1
TATAAAAAAGCCAAACGGAA	1
TTAAACAACTTGCAGTTGCC	1
ATCTATCCCATCCCCATAGA	1
ACGCTTTTAGGTTCGAGATT	1
TAACACGACATACTAGGTAA	1
TGCGCATAACCATGCCGGTA	1
ACGCGCAACATGCATATACA	1
CTATACGTTCTACTTTTTTC	1
ATCGCAATTATTGTTACACA	1
TAACACACCCGACTCCCATA	1
TCGGAACACGCCCGACACGA	1
TAGGATAATAATTAAATAGG	1
TTACCCTCCCCCCCCTACTC	1
CTGGAAAATAGACATTCGAA	1
GCTCTTTCCCCTTACCCACG	1
TCTCTAAAATCGTACGAGAA	1
AAAGATAAATACAGTGGACT	1
ACTCCGAGACAGAGGGAAGG	1
TCGTGATAATGTATACGAGA	1
ATCAACGGTCAGAGACAGCC	1
TGTAACCTTGCATTCCATTC	1
ATCCCATGAAAATGGTAACG	1
CGCTCTCTGACCCGTCTTTC	1
AGCATTCCAATGTAGTGGCC	1
ATACAAGAACGCATTTACGG	1
CTTCTACCTATCGGGACAAC	1
AAACCGTGCCGTATCTGCTG	1
TACAATTTTTAGTATTACTC	1
TTGTTACATGCTTGAAGTTT	1
CTCTCGCGTAGCCACTTAAT	1
TAAGCCACTAATTGGCGGAC	1
AAAGCCCACCAGCTAATAAG	1
CAATCTATAGTGATCTTTCC	1
TGTGCACTGACATTCCCCTT	1
AAAGCTAGCCCCGCAAGAGC	1
GGCCGATGGCAGGGTGAAAT	1
TACCGACACCTGCACGATGT	1
CCTTTGACCCCGCTCTAAAT	1
GCTTACCAGTAGGTACAGTT	1
AGGGTCTAGGCAAATGTCTT	1
ATACGGCGCCGCAGTACCAC	1
ATCGATGACGCTTACTATTC	1
TAGACAGATAACGACATTGC	1
AAGCGACGAATAAAACCAAA	1
AGAAAAGAACAAGAAAAGAT	1
ACGATACGGTAGGGTGATAA	1
GAATAATGGGAAAAGAACGC	1
GCTAGTTTACCGCGCATATT	1
TTAAACCTTAGTTAATACAG	1
AGTGGTTCCTTGGGCTTACT	1
AAGGAAGGAAAATGGGCCTA	1
CTTTTATTACCATCCTGACT	1
GCAGAAATGCGCAACCAAAC	1
ATCTCGTTTATGCCGACCCT	1
CTGAAACAAACATAACTACG	1
TATTGCTCCATACCCAACCA	1
TCAAAACATGGCACAGTACC	1
GCACCACTCTATGGTCACTA	1
ACTAAGGCTAAATAACAGCT	1
CTGCACGCCTCCTAAATAGT	1
TTCGCCCTAAAACTTGAAAT	1
ATTGCTTCATCCCAATCACA	1
TAGCGTACCGCCCCGATCGC	1
GATTAACGCTGTGATACGGT	1
GTTAGTTTATGACCCTAGGT	1
CTAATTCACCGTTAACCTGT	1
TTAGAAAGCCAATTACAAAA	1
CACATGTGAGTAACTAAAGT	1
CTTGCACCTACTTCATTAGT	1
ATGTAATATTAACTGAACTG	1
CATACATGGCTGTATGCAAA	1
CCGAGAACAGTAAAGTGGCT	1
TTCTCCAACGCCTTGCAACA	1
ATCGCCGCAACCATTGTAGC	1
TCTTTGGCGGCGCTGATTAG	1
ATTCGAATTATGCTAGCTGA	1
TGCACCTCCCACTCGCAAGC	1
TAAGACTAATAGGTGATACC	1
AAAAATATCCTTCGCAGCTA	1
ACGTAACCGTTAGAACGCTC	1
AGTCTGGCTTAGCTCAGTCA	1
ATGCTTCATTAGCACAAAAC	1
ACTTGCTCCTGTGAATGATC	1
GTTTACACTATAAAATGGAA	1
TTTACGTTTCCATTACATTC	1
ACAGCTTTGTATAGGCCGAG	1
TGAAGCTAATAATGAAGTTC	1
AGCCTATCAGGTCCGTAGGC	1
AATAAGGTTAAGTTAAAAGG	1
AGTACAAACCCAATGCACAC	1
AGTCATATGCTTAAAGAATA	1
AGGATCGGACCCTTATGTTA	1
GAATACTCCCCCATGCTAAG	1
TAACCCCCACTACTCCCTCC	1
GCACTTACCCACAGCGCACA	1
ACAGTGGGAGGTATGCACAA	1
GCCCCATTCCTACCAATGTC	1
GCTGCACAAGCCCTTCCTAC	1
CTCAACAAGATAGATGCGTA	1
TGGCACCCCGCTACTCGAAA	1
AGACAAAAACCGTCCTAAAA	1
CCGATACAGATAACCTACCA	1
ACCCACAATTCACGCTCACC	1
GCAACACTTCTTATTAGCGT	1
AACCAAACCGCTAATACCCC	1
GTTTGCGAAAAACAACGAAC	1
ACGGTGGTGATATGAGTTGA	1
CCAGAACTGGAGGAGAGTAG	1
AGCCTCATAACGGGTCTTGA	1
TTTTTATTCTTCGTGCGTTA	1
ACCCTCCCAAGACCCAAGAA	1
ATATTGATTAACAAATAAAA	1
CCTCTACCCTCACCAACTAC	1
CGAGATCTGGCAACCACCCG	1
CCTTGAAGTTTGAACGCCTG	1
CCCTCTCCATAGCTGATGCC	1
CCAAAACGCAGAATTTTAAC	1
CACGCAATAACATGAGCCAC	1
TCACGCTATTCGGACTCAAA	1
AATAAAACTTAATGAACGAT	1
ACTTAACGCATTTCTTCGTG	1
TAGACTGCCCATATGCGGTC	1
GGCATATAAACGAACTTACT	1
TGAAAAAAAAAAGACACACG	1
ACCGGTCTCCTAGCCAACTT	1
GCGAATGCAAAGCATATTTG	1
CAGCACGTATGCAGCGTACG	1
GACTGTGCGCCAATTTGAAG	1
CGCCAAGGGGTCCCGCATTG	1
ATCCAAATTAGTAGTGTTCA	1
TGGTATCCGCGCTTTCGTTG	1
AGACCATTATGTATCAACGC	1
GCAGAACCAATACAGACGGC	1
ATTTCCCCCTTAACTGCGGC	1
TCAGGACCCAAGGCTATGCC	1
ATCGCACACTTCCGATTATC	1
ATAATGCTCCCATATCTGAG	1
GTATGAAGCTTTCCCTTCCG	1
TGCTGAGCGCACTCGCGTCA	1
CAGTCAACGCTCTCATCTGA	1
TAAGTCTAAGCCTAACTCTT	1
CGTACATGCCTAGGTGTGAG	1
GCTGCACCCATCCAATGTCA	1
CACTATGCGCAAATATATAT	1
TTGACTGGGGAGGCGCGCCC	1
ATCGTCCTCAAAAGAAAAAA	1
TTACTACAGGACTTGACAAC	1
GCGATATGCTCTCCACCTAA	1
TTACCTGAAAAGAAAATTTG	1
GTGGTTCCCCCCCGTATCAA	1
GACTAAACCCCAAGACCATT	1
AGAAAAAAGAGAATAGACGA	1
CGTGCACTAGAATTATCCCT	1
TGCTTCTTATCCCAGCCATG	1
GTAACTTAGATAATTAAGGC	1
ATTTAAAGATAGTCACACAC	1
CCATCCCGACCCACCACAAC	1
CACCCGGAACTCTTTTAAAC	1
AAAAGGAAATTTGCGTCCTG	1
AACAGACATACGCAACCTAC	1
CGAGCACTGCCCTAGATAGA	1
CCTGTCGTGTCCGTATATTC	1
CTTAGGGATCCGAATAAAAA	1
ATGCCATTTTTGCTTCACTG	1
AAAATACCATGACGCCTTTC	1
TAATGGTAACGGTTGATCAG	1
TGTCAAAGACAGAAAATCCG	1
GAAGTGTATTTGCGTGGGAG	1
TGTTCCTTCCCATAATCCCA	1
TTCAGAACTAGACTGCTTAG	1
CAAGAACAATGACGGGCGCA	1
ATGAGGTTCATCCCCGGACA	1
TAGCAGTTTAACTGCCTTTC	1
GGTTAACTCTTTGACGGGAA	1
AATTACCGCACAGTCGCGAT	1
CCACACGCTCACTTCGCCGT	1
ACACACCATCCCCCCACCCG	1
ACATATGCCTAAAACCAAGA	1
ACAAACCCCCTTTACATAAC	1
GGTAAGGATGACACCACTTG	1
AAACTATATATCCCTTCGAT	1
GCTACCTGCCGCAAGCCCGA	1
CAGTATTGTGTGAACAAAGA	1
TCTGACGTGTAAGCTGGCTA	1
AATTTATGGAGTGACCTCGT	1
TAGGGACTATACGTCAAAGA	1
TGAAATAGCAGACTCTGGCT	1
GGGCGCACCTCGCAACCCAA	1
TGAAATGATATTCCCAAAAT	1
CGTCATCCATTTCGGAGACC	1
GTGAATTAGACTTTCATTTT	1
TGTAGTGCCTTAAGACGTAT	1
AAAAAGCAACTCCTAAAGCT	1
GAGTACGTTGCAACATACTG	1
GGATGAAGATTGAACCACCT	1
CGCGTGCCCCGTCTGTTTTT	1
GCACCTTTACAGGGACAAAT	1
TCTGCCTATTAACTTGTTAA	1
GTTCTGGGAGTCGAATTAAC	1
CTTGCGTCCTCCTACGGCTA	1
TCGCAGTCTAATCTGGCACT	1
AATTCATAGCCACCGAGTGA	1
GCTTGTGTTTCGACCACACC	1
GTTTGTACACGACTCAATGT	1
TTATAACTAACTGTAGTATT	1
CCAAGGCCTAATGTAACTTG	1
CGGTCAAATGGTCTATGCCC	1
ATAGAAAATTGCCCTCCCCA	1
GTTGATGACAAAGGAGTGCT	1
GTCTTTCTTAGACCTGAAGA	1
TAAGTCGTCTAGTGGCCTCA	1
GCGTTCCCGCGATTGCACCC	1
ACGCCCTTATTCCCTGTTCA	1
GAAATAACATAGAGGCGTTC	1
ACTCCACCCCTACCCCATTA	1
CACACTGCGAGCGTGCTCGT	1
GAAGCGCCACTAGCAAACCC	1
TGTTCTAATCTGCGATTACC	1
AGTACACTTAGCCGGACACC	1
ATATTAACGCCCGTCGCCAT	1
AATCCGCGCATTCTGAAGAT	1
AGCATTCGTCCTAACGCTAC	1
CAGATATCATAACCCGATTG	1
CAAATTGAGGTACTACACAA	1
AACACTAGTTGCAGGCGCAC	1
ACGCGCAGTTTTCCTCAATT	1
AGTTATGTCATGGAAACATA	1
TGAAAGACAACAACTATCAT	1
CGCAAAACCTACAGCAGCAC	1
AGCGCCTGTAACTAGATTGG	1
ATCATTGTACAAAAGTATCT	1
TCCACATTGCTCAAACGCCC	1
TATAAGTTCCCTTATTAAAC	1
CAAAATTGAGTTTCTAAATA	1
AGCTAATCCCGCCGTGGGAA	1
ATTGAAGATAAAGAGAGATA	1
TTCCGTTGACACGTCACTAG	1
CTAATTGAACCTTTATTTCG	1
CGGCTGAACGAGGTACAGAA	1
ATGCTAACCAACTTTGATAT	1
TGCTAAACTAGAATTGGGAC	1
TCCATACTGTCGTGGCCTGT	1
ATTTATAAACCCCCCCCTTC	1
CGAAAGCATACTCTATTTAA	1
CACTTAACCGCATTGGTCAA	1
CGAGACACAACGCATCCCTG	1
ACGGACATGATCTTATTGTT	1
TATAAACGGCGGACGCATTT	1
CTAGATCCCCCTACTCCCGA	1
ACCGAATCCAGCTCCCTTCG	1
ACCCGATACCAATGAAACAG	1
GAGGACTTAGTGGGTATTCG	1
CCACCAACACTGATTTAAAC	1
AAACGTTCGCAATGACTGTC	1
ATGCAGGACAGTTATAACAG	1
ACAGCACAAACGTCATTTGG	1
TAATACCGGCGTAAAGTTTC	1
TAAGTAGTGATCAAACGAAC	1
TGACATATGAGCGATAGTAC	1
AAGAACGCCACCAATATGAA	1
GTCTGTTGTGTGTGTGTTTC	1
TGATATGATTGAAAAACCTT	1
AGGAGAACCAGCACGAACTT	1
AATGAAAACCGGGTACCAAC	1
TATGTAAGTACGAGGTATTC	1
AATCAACATGTAAGCAAGTG	1
AGCGTGCCACACCAAGTGTC	1
TGGATAGTCACTGCTACCTC	1
AGCAGACACCGATCACCTGC	1
CCTACGCCATCCCCCCAAAG	1
TAACTTACTGTCGTGGCTTT	1
TTGGATCTTTGCCACGTTAC	1
CAAGACCCCGCCATCCAACA	1
AAACAGACTTGCGCGAAATG	1
TCATAGTTCAACGTTGAATG	1
TGGTAGATCCGACAGGCAAC	1
TTGTCCCTGAATGTCCCACC	1
GACTTTGCGACACCGCAGCT	1
CAAGTATTTATCTTGAACGA	1
GTTCTTCAAGGAGATGGGCT	1
GCGGTGTAACATTACTAAAA	1
CGCGAACCAAGGAGTGCCAT	1
AAACGTAGAACTGTGCGAAA	1
GACCGTAAAACATGTACAAC	1
CAGCGCCTCATCATGCAATG	1
AAAATGCGTCCACCTTTAAC	1
AATAGCAGTGCCTCAACGCA	1
AATTACTTTCTCTCTAATGT	1
CGAATGAATCGACGTGGCCA	1
AAAGTACTAGAAGGCTGTTC	1
CCTACTTAGTCACGACACGC	1
ACCGCGTTCCCCGCGAGTTC	1
ACAGCGGCCAAAGAACACTA	1
ATCCTCCTCCTGAACAACAC	1
GACGAATGAATAAGAGGCCC	1
AATATCAAGACCAAACCCCT	1
AACATCAAACGCCCGATTAT	1
CAACCCGATTGCATATTGTG	1
CACTAGGTCCGTTGCCGCCT	1
GAATTCCCTTGTTGTTACTT	1
GCAGAATTTTTATTTCTCTG	1
GGTGTAGACTTTAGTCCAAC	1
AGAATAGGCGCGGCATCCCT	1
ACTGTAGACGATTATCTCCC	1
GCGCTTTATGGAGATGAGCT	1
CACATTTCTCCAACTAGCAC	1
ACAGGAGTACGACCATATAC	1
ACTCCGATTCACCGTTAGCA	1
TCACTCCCTCTCACAAATCA	1
CTCCCCAAACCGTTGCCCAC	1
AGCAGTCGCGGTTAGACCAG	1
ATGCTAATTAAAAGCGAGGA	1
ACTGCCTAAAAGCCTTTGCT	1
TCGATATAAGCAGCTTAATG	1
AAACACGACCCCGCCCAGAT	1
GGTATAACTCAATTCGTAAT	1
CCCTCATGTAATATACCCGC	1
GCCTCAGATGTAAATGATAC	1
ATGCCTTTCGAAACCACGCA	1
CGAGCTCACTAAAAAGGTCC	1
TGCGAAGTTTCCGCGCATGT	1
CTGTCTCCTTTGCAGTAAAT	1
TTGCCCCCCAAGGCATCCGC	1
ACCTTACTACAGCTGGATGT	1
CTCCAGCCCCACGCCGCCAA	1
AGTAATTCCTTTGTTATCAA	1
ACATTAGCAGTCGATGATTC	1
ACATAAATCTCACCGCTAAT	1
TAAGTTCTGACCTTCCCTAA	1
ATCTACGACCGCTATATGAG	1
TGTACGTAAACGAAATTGAT	1
TCGAACCTCCCGAGCCCACA	1
AAAACACAGCCTGCATGAAC	1
CAAAAAAGAAACCATTGCCA	1
ATCTAACTATCACATAACAG	1
TGGCATGTGTGACCACAGCT	1
TATAAAAGGAGGAACTCAAG	1
CGACAGAACATACCCATGCA	1
TGAAAATAACAAAACCTGCG	1
CCCATTGGCTTAAACCCCGC	1
AAGCTTCCCACGCGGGTTAG	1
CCGTACGTAACGTGGGAGAT	1
CAAATTGACATAAGCACTAA	1
TGACTGGCACCCGCGGCCTG	1
CGCAAATGCCACGAGCGCAC	1
AATCACTCGAAACATACTAC	1
TTCTTGCTCGTTGTCTGACT	1
TGAAAAGAAGGAAGAGTAGC	1
AACTCCAAAGATTATGCTAC	1
CCCACCGCACATTGTTTGAA	1
ACACATTAGTTGGCACAAGA	1
ACTTAATTGATGTTCCCCCA	1
ATGAATGTTCGCTAGCAAAT	1
TCTGCTGGTGTGTCATGGTC	1
GGTTTGATTCGATGCAAAAG	1
AGCCTACATGCGCGGCTCTC	1
TACCGTTCTTACTAACCCAC	1
AGATACACGCCACACTGTAT	1
GGGGCTACAATTCAAGTCAT	1
CGCTTTACGCATTCAAATCC	1
TTTATAGTCCCCATTTCGTC	1
AAACATGATGTTTACTTGCT	1
AAATTCATTAACTCCCGGTG	1
GCCCCCCTCATTACATACAA	1
TAAAAGCCGGGACTGACAGC	1
AAATACCATCTATCTACGCA	1
TCCCGTTCCCCAGCACTACA	1
ATTTCAGAAGGCACGGCCAG	1
GCATGAGCTCGGATGTTCGG	1
GGTTCTATTCAAGGTGCAGG	1
CACCCAAAATACAGTGAACT	1
GATGTCACGTAATATACATC	1
TGATGGTCCTATATGTGTGC	1
ATTAGGGATTTGTACTTCTG	1
ACAGCCCATGTTCCAGGATC	1
CCGTTTATACAAATACGCTT	1
GATCTATGCACCTACCCTAG	1
TCCTACCTTCGTGGGGCAAG	1
GAGCCATGGTGGAGGTACCG	1
ACACGAACGTGACATATTAC	1
GCCCAATACCAGGCTTTATC	1
CGGAACAACAGGCGGGAGGT	1
GAGGCAAAACAAATCGATTT	1
CGCATTGTCAAAGTTTACCT	1
ATTGACTCGAACGTGCCCAG	1
ATGTATACGCTACACTATTT	1
AACCATCAGCCTTTAGCCAT	1
CAACATCTAACACCCATAAC	1
TCGGTACCATACAGCAGAGA	1
ACTCGAGTCTAATTGACGAT	1
CATAATTGTTACCCGTTGAG	1
ATCAATGAGCCGTTACCTAT	1
ACTCGTTTCACGTGTGTGAA	1
CTACAGTTTCTGCAGACAAT	1
CATTCCACGGCAAAAACATT	1
TCTAACACACGTATCACCAT	1
ACACAACATCCCTACCGCCG	1
AGGTAAACGCGTACAAAAGG	1
GTAAACTTCATGTAGCACTT	1
GGTGCCACGACTTCACATGC	1
AAAAAAAAAGGGTGCTTTAT	1
AAAAAAAATGCAACACCTTC	1
GGATGCTGCCTAGCGGCTTT	1
CACAGGCAGGAGCGCGGCAC	1
TCTATGTCATAAAATCCCGG	1
TTTTCACGAATTACGGAACC	1
GAATTCACAGTCAGTCAACA	1
ACGACAACTACCGGCGCTGT	1
GATGTTACGAGTCCCCAAAG	1
AGCACATTCCCCCCCGCGGT	1
ACTCGTACTCCATAAATATT	1
CAGCAAACCCCATTGAAAGC	1
GATCCTTTCACAGGGATCCA	1
GAGCGATGACACAATTGATA	1
CACTCAGAAACATCACAAGA	1
CGTAAGTCCATGCGTAACAT	1
AACACCCACTTTACTCCTGC	1
TACGAAAACTTTCACGGCAA	1
CGATATAAGAGGTGCAGCGT	1
GACTGTCTCCATATACATAC	1
CTAATCTACTGAACTTCGTA	1
ACGACTGCACCACCAAATAC	1
ATACAACGCGTGAACTACCC	1
ACAAGGAAAGGAGGGTTTAC	1
TTACGATGTTAGAACCAAAA	1
AGACCCAGCTCCCTGAATGT	1
AGGATAGGGAGAGCAAATGA	1
TTAGTCGCTAGTCATTCAGA	1
AATAATTTTAGGCCGGAAAT	1
TCCGATGCATGAAGGGATGT	1
TCCTGTCTATGCCTCTAATA	1
GCAGTTGGAAAGTTGTTGAG	1
AAATAGACACAAGCAGTGAA	1
TGTATAATTTCTGCGAGATG	1
ACACAAGTACCTAAAAAACA	1
ATTGGAGCCGAACCCGCTTA	1
ACCAGAGCGTACACCTTACG	1
TGGGTATTTTGCCCGCCCAC	1
ACTCGCTTGACGCAGTAATT	1
TTCAATATGACACTTTTTGA	1
AGCAAAAAATCAAAGCTTAT	1
GTGTCTGACATCACCCCCTG	1
CAGAATGAAACGGCTCAACC	1
AGGCGATTCGGTACGACCTG	1
CATATAAGACCCTTGGGAGT	1
AATTATAACAAGCATAGTAC	1
AGGCTAAACGGCATGCACCT	1
AGGGCACTGCTGGCAAAAAC	1
ATGTATCTTTCCCTTCAATG	1
AAAATAAAAATAATCAAAAC	1
CCACAAGAGCCATGCACACC	1
AAGTCATGTGATACAAGGAG	1
CAATGCAACGACTTATATGA	1
ACCCCTCACCCCAATGGAGA	1
TCCCAGCATTACGGTGATAT	1
TCGCTAAACATACATCAGGT	1
ACGTTGCGGCAACGCACGAA	1
GCTAGAAACCAGTTTGTTGT	1
GGTGGGAGGTGGAGTAAGGT	1
CCTCCGTCACCCCGGAGAAG	1
TCAAAATGTCCTAATACATC	1
AGGCCATGAACACGCCACCA	1
TCGGGTGTCGAAGGCGCACA	1
TAATTTCAATTAGATCGACT	1
ACGCATCACGCCCAGGAATA	1
AATACTTCTAGTCTGCCACA	1
TGAAACCTGGGATAACGCCG	1
GTTAAGAATAGGAAAATACT	1
CCGACCGCCCACAAAAAGAC	1
CTATATCCCCCAACGTGCTC	1
TGAGAGGTACGCGCCTGCGC	1
ACCTAACCACAAGGGATCAC	1
TGAAGGGACTGCGAAATTAG	1
GTTGTTGCTACACCTTAGCC	1
AAGGAAGCCATTCGCGTCAG	1
AAAAGAAGGTGGGTTAAATA	1
TTCAGCTAAACCCCTTACCC	1
CCTGTACACCTTCACACCTC	1
CCACAAGACCTTCCAGTCAA	1
AGTGGGCGTGAAAGGTAAAA	1
ACACTCATGAATAGCATACG	1
TTTCCTCGCACCCATATAAC	1
CTATACACCTCACGTAACAA	1
GTAACGCCACGTAAGTCAAA	1
CACCCTAATATGAACCAGTC	1
AAGTGGGTCGATCTGTGTCC	1
ATTGGAAGCGCGCACGGGAA	1
AAGATACATCTCAGCCATTT	1
ATATGCGTAATATAAAAAAC	1
TAGGGACAATTATGCACAAG	1
TTAATTGGTCGCGTAAGTAA	1
AAAGTTGCGATAGATGGGTC	1
GTTCAAGGGCCGGTGCAGAA	1
ACCTCGTCGGTACAAAATAA	1
GAACAAAGAATTGGATATTG	1
TACTGCTACTCTATCATTAT	1
AAACCCTTAACTCGAGTGTA	1
CATTCCTGGATTCATACTTT	1
CTCCTCCACACCCTTTCCCA	1
GCATACGGAACACGGTGGGC	1
GGGTCGTATTGATCGCGACC	1
ACACAGTAGTTTAGTCCGCA	1
AGAAATGAACCACTGCAGTC	1
ACAAACAGCACGCCATCTCC	1
CGATATGTTCTTCTTGCTGA	1
CTTTACCGTTATACAGGTCA	1
TAAGTTTGAAAGTCCAAATT	1
CACAACCTGTTTACTCGCTC	1
GGGCACCAGGAATACCCAGT	1
AGGCTCGCGAATGGCAACTA	1
AACGTAGAGAACATGGTGTC	1
CCTAACCCAAACGCTTCCAC	1
GAGGTCTTGATTGGGCACCC	1
ATAAAGTACGACGGGTTTGT	1
CTACTGAACAAATGAAGGAA	1
CCAAAACTGCCACACATACA	1
CAAAGTACCTAGTCCCTTTG	1
GGGCTAAATGAATGCATTGA	1
TACTCGTTGTGTCAGCAAAT	1
AGTCCCGGACAAACGAGCTA	1
CCCCCTTTGTAATTCTGTAT	1
ATTGATAGGAATTGAACCAC	1
ACAACGTTATTCATAAAAAG	1
ATAATCAAATCGGCATTAAT	1
GACAGACGAAGCGGATGTCA	1
CCTCGCCAGTTACCTTGCAC	1
AAAGCGTTTAGGAGCAGGTT	1
ACCGCCCTCTCCGGCATAAC	1
CAGGCACCTTTATTAGATTG	1
TTTTACCAATGACACGGCAC	1
ACACGTACACCCTCCCAGAC	1
CTCGCTACAAGTGAATTGTT	1
AATATGCACCACCCCCCAAA	1
GAATAACTACATGAGCGCTC	1
CACTTCAGCTCACTTCTCGA	1
AATGTTATTTTCCCGGTCTA	1
GATCTGCCTGCAGGACGAAT	1
TGATAGTAAAACAACACAGC	1
AGACCTTCCATCTGCCTTCC	1
CTGCATTGATAAAAACAATC	1
GCATTAGCCGTGATTATGAT	1
CTCTACTTAGATTCCCACTT	1
GCAATAGAGTCAACTGCTCT	1
ACCCACGGATAACAATTTTG	1
AAATGTCTAATGAGTATCGA	1
GAGATTGCACACTTGGTACA	1
GATAACAGTATAACTGCCTT	1
TGAACTTGAGCTTAAAGGTC	1
CGGTAGGACCCGGCTGAGAT	1
GTATCCCGAAACAAGCACTG	1
CGCCTCCATGAACACACCAC	1
TCAGGCTGTTGATTTGATCC	1
AAGCCGCAGGGCGGCGTTGC	1
TTGTATTAACGCCCTCCGAC	1
CAGAATAAGAATAAACTACA	1
CCCACCCCCATACCCCGTCG	1
TAAACTGCGGATAAGCGCTG	1
TCAAGAGATACAATGGTTCG	1
ATATATACTGAAAGCGCCCG	1
CGCGTCAGTATTCTGACTGA	1
ACTGTCCCATAAGGTTGCGC	1
ATGAATGAAATACCCTGTCG	1
TGACCATAGCCAACGGTTTT	1
AGAGAAAAGGGAAGCCTCGC	1
TAGTGAGGCTAAATATAAGT	1
CTATACGGCTTTGATAAATT	1
CCTGTCTATTACACGCACAG	1
CTCACTTGCTGCCCCGTACA	1
ACCGACTACCTAGGGGGAAA	1
GATAAATGAATAGTCACTAA	1
CTCCTACGCTGATTACAGCC	1
AACTGCGGAGTATGACCACT	1
CCGACTCCCCCATTCCCCAA	1
TAGAACTGGATTAGGTACAG	1
CTATGAACAGTAAGGTTACC	1
AGTTAAATCACACCGTACAG	1
CACCGATCCGCACCTAAGTA	1
ACTCGGCATTAAAACATAAC	1
GCCCAGAAGAAATATAAGAT	1
TTCGACGTTCATTCTTTGAT	1
CCTTTCTCACCTCTTCACTA	1
ATAGGCCATATCGTTGGACC	1
AGTGATGGGTCTTCTAACCT	1
TGCTGTCTGATGCATACGTG	1
CGAATAAAAGAACGTAAACT	1
CCCTCAACCAACAGCGACTA	1
GTCGTGGTATTGCGATGTGG	1
AGCTCCAAATCATATACAAG	1
TTCAGTTAACCATTCTAGTA	1
GGATAAAATCACAAGGAACG	1
ATCCGAACTAAGCCATGAAT	1
CTGCAATATACCGAAATTCC	1
TCCTAATTTGAGATACACGA	1
CACGTAAGCTACCCCTCAAA	1
AATGTTTTTTTTACGGGTTT	1
CCTCAGCGAACTCCTCGTAC	1
AAAGGAGCAGAATCGGCCTG	1
GTAACGGATACCAACAGAAG	1
CGCAGAGACCGAGATGAACC	1
GAAAAGTACCTGAAAATCCT	1
ACGAATTATGGTCGTCCCCA	1
CCAGTCGAAGTCTTTGCTAA	1
TGACCAGACAGAGGTACCCT	1
AGTTACTGTGCCATCTCCAT	1
ATTACAGCTGCAAAAGCCAC	1
TTCTATATTGCGGACCGTGA	1
TACAGCCGCCCACCACCCCG	1
CCCCGCGTCACATCTCAACC	1
TGCACCTAATTCAATCGCAC	1
TACCTCCCCCCTCCAACACT	1
ATAGTAATAAACCTTGAGTC	1
AGACATAGTGGGCGAGTTAG	1
CGCTCCTATTGAAGTAGAAC	1
CTCTCTCCACATGTCCATGC	1
ACCAAAAAGATATGACAGAC	1
GCAAAACTTGAACATAAGAA	1
TCAATGTGGGAGGCATATAA	1
ACTAGGAGGTATCTAAGTAG	1
CGACTCCAAACCCGTTTTGT	1
GGACCCTTAACAACTTCACC	1
TACCGCATCCTTGTTACCCC	1
CTCCGCTCTATTTATTATCG	1
AATAATTCTGCATTGTAGCT	1
TCACTCAAACCACGTGAAAT	1
ACTAATATAGTCTTTGTATT	1
ACCATATATACTAATCTCTC	1
ATGCATACGCCGAATTTAAC	1
AAGACGGTAACCTAGTTTGC	1
CCCTCTCGACTGACGAAGAC	1
AAACTTACAATGCCTAGTAT	1
TTAATCAGCAGCAAATGAGT	1
AAACGAAAAAAGCCTCGAGC	1
ACCTCACAAATTACAGCGAG	1
GGTCCGAAAATAGGCTCCGA	1
TCCATCCACACTCCACCCAC	1
GTGGATATTGATAATCCTTC	1
TGTTATTGTGCGCGCGCCCC	1
AGCTTATTGAAAAATTTCAC	1
AGAAACTACCACCTGACGTA	1
ACGGAATACGGGGGTGTGGA	1
CCCCCGCCCGCTGCGACAAT	1
GAATGCCTTCTATGTACTAG	1
AACTATTGAACTTGTCTACG	1
GCCGGGCAAAAATGCACAAC	1
TAACCAACCAGCCTCAGAGG	1
AAAGTTGCTTTGATGGTGGC	1
GAGGAGCCTGTTTTAATTTC	1
CCCGAACCACCACCCACCTA	1
GTTACGACATAAGCGCCTGG	1
ATCGACGTGCCACCCCTACT	1
AGTCATCTAGCTACCCAACC	1
CGAGTCAACCTGATTGAGGT	1
AAGTAGGCCGAGGCATTCGT	1
TCCTACGAAACGATATCGAG	1
AACACGATTGCTACTTCCCG	1
CCCATCCCGTCCACCCCCCA	1
TGGAAGGATTGGACCCATTT	1
CCGATCACTGTCCCAAGTTG	1
AAGGTCACGATTTCGAAATC	1
GCCTGGACATATGGCAACTC	1
TATTGCGGAATCCCAGATAA	1
ATCCTTAACACAACAGCATT	1
ACATTTTGCAAACACCAGGC	1
ACATATGATCGAATGAGTCT	1
ATAGCCCTGCGAAATGATCA	1
ACTCCCATTTGTCACTCCTT	1
GGAACACTCCCACCCCGTTG	1
TCATCGACGCTACTGGAACC	1
CCCGACACGTGAAACCAAAA	1
ATCAATTAAAAGGGGATGCA	1
GCGCAGAATAAAGTCCGTGA	1
ACCATGAACATGATGCTTAC	1
GTACGAGACGGTGTCTCCGT	1
TCAATCATCCTGATCCGCCG	1
ACCAAAGATAGCAAGTGTTC	1
AGGATATCGTAATGAACTAT	1
CAGGTCAGTCACTACTTTAC	1
TGAACTAAAAAATTGGGTAT	1
CAGGAAATGGTTACTAACAC	1
GCTGTATAGAGCGATGGAAT	1
TTTGAGTCCGTCCAATAGAA	1
ATCTGCCTAACGAGGAACTC	1
TGCGCACCACACGCCCATGC	1
TCACTCCTCACTAAAAAATC	1
ACAAGCTGTCACGGGTTCAC	1
CCGCAAGTGTTCTAGTCCAC	1
ATACAACACACCATGGCGCC	1
GCCACGATTACTCATCCACA	1
TGCGCCACTGTATCACAAGG	1
GCCAATTGTCGTACACCTCC	1
GTGTTGTCATTGTCCTGGTC	1
GCCACCACGACTAATCACTC	1
CTACCTTTCCCGCACACAAG	1
ACCGAGGTACATCCGCTCCT	1
CATCCCCTCTGCAAACCACC	1
CATATTGGCGCACGTAGGCA	1
GGTAGATAGTCGAATACAAT	1
CATCTCTCCCCCCAGTTTAA	1
TTATTCCCCGTATGTCCGTA	1
CTCGGTAACCATGCCGCACC	1
AGTCCAATCAAAACTCGCGT	1
TCCACCCATTCAGTCCTCAT	1
AAACCAATACTGCGATTAAG	1
CAACTGAAGTCACGCTAATC	1
TAATTCAGAACGTCACCAAC	1
CTAGATATTAATGCTTATAG	1
CTGAACCTCCGAATTCTTTC	1
AGCCGATAGGCAACTAAGCC	1
CGCTATCATACGTGACGGCT	1
CACGCGCCGATAGCAATAGA	1
AGTATTTATATGAATCTTTA	1
CAATTTACTAGCCCCGCGTT	1
GTAAATGCATACTAGCCTCC	1
TTATGACGGCCAAAGTGGTG	1
ATTACTGGGCTAGCCCTAAT	1
TTGTAAAAATCCGTCACAGG	1
CAAAACACCACATCTTGGCA	1
GAAACGAAAGCCCCAAAACT	1
ACGCTTGATACTGAGCGTCC	1
TCTTCACAGCGCTTTTCCAC	1
CATCTTAAAAGTATACCACT	1
GCAACATACGACGCTTTGAC	1
GTAATAAACGTTTTCAAACT	1
CGCGGCATGCTAAAGCAAAT	1
ACAAAGTAACCGTGGTGTAA	1
AAGCATTAAGAGGATTCAAG	1
TAACTAATGACTCGAGCACT	1
TAGTCCATAGGAATCCTTTC	1
TATTGCGCAGTGAAAGCACC	1
GACCGATAAACATCTACAAT	1
TATGCCACTGTTGGGGGTGT	1
AGAAAAAAAAGAGTAATGAA	1
TTATTGAGCTGTTCCTCCCC	1
CTAAATCTTCACGTTTACCA	1
CAAGGCGGAATCCATGCCTC	1
ACCTTATAAAATTTCCTGAT	1
GCGAATTCATCCCATTCAAC	1
GCTCCCGTGCCAAAAGTCAT	1
ATACGTCAACTACAGGAGGG	1
ATAAAAGGTGTAGACATCAC	1
ATCTGTATAACCATTAGTAC	1
GAAGCCAAGCCATGCTTAAC	1
TTACTTCAGTACCTCACAAC	1
CTACACGCACCTAAACCCTC	1
ACGAAGCACGTCTACTCATC	1
TTTATCCTCATCACCTTCAC	1
ACCCATATTAGAGAGAAAGG	1
AGACAGTCAACGGCATGGTC	1
GTAGACGCCGCGAAAGTAAC	1
TACGCTGGCATACAATAAAA	1
AATACTCCCGCGGGTGTACG	1
TGTTACCGGAAGTGTTTCTA	1
GTTTTCAGGCAACAACCTGA	1
GGTTATGATCAGTAGTACAA	1
CTTCAACCCATTCTATAAAC	1
GGTTCGCGTACCAGGAAAAT	1
AGGAGGGATTGAAACATCAG	1
ATTTGACAGGCAAATGATTT	1
TTAAAAACGACTGTACGCGA	1
AACAATCGGCCCCCTCCCTC	1
CCTTATTCTATGAGTATGAC	1
ATATTCTACCTTATTAACAA	1
ACTCGAGAACGTACACCTAT	1
CCTCCCACTCTTCCGTAATC	1
CCCTGCTCGACCGCACCATG	1
GCGGATTGACGCGACAAGTT	1
ACACAACATCCTATGTGGTA	1
AGCCCCCGATAATAAACAAG	1
CTCAAGTCATCATACACGGT	1
CATGGCTTAACCGACAAGCG	1
GTACGGACAGCTGCCTACGT	1
CATAGCATGCACAATGCTAC	1
CAGTGAAACAAACGCTGTTT	1
TCCCTCTGCTAAAAGCTATA	1
ATGTAAAAAGACAAATACCA	1
TCTCATGACTTACGCTGAAG	1
AGAACAACTCTTCTTACGAG	1
TTTCTATAACCGCTGTTCTT	1
TTCTTTAACTAATGGGAAAG	1
CTCGCGGATATCGAGGATCG	1
TCAGCTGTTCTACCCTCCAC	1
TGGTACCTGCAACAAACTTC	1
GGAGAAACACATGTTAAGAT	1
GATCGCCCACTTAAGCTTTG	1
ATGCAACATTACGACCGTGA	1
AAGACCTTTCCACATAAACC	1
TAGTAAAAGTCATTTATATA	1
TCACAATTCTCGTTCCCGTA	1
TCACTCTCACCCACCCAACG	1
GATTAAATCCGCCGTTAATC	1
AAGATCATCACTTTGCGATG	1
ATCCACTACAAGCTTTGACC	1
ACCGATGCAACACCTCAAAA	1
GCTGCAGCGGGGCTACTTTG	1
GTCCTGCCGAGCGCTGCCAA	1
TCATAGAACGAAACCTTGGC	1
ACTGTCAATATGTTTTGTAG	1
GATAGAGCCGCACGTGGTCA	1
AAAAAGAAACCACAATTTGC	1
GAGCCCAGTCTTTGTTAGGC	1
TATTTTTGGCCTCCGTGCCA	1
GATAAATTATATTAGACTAT	1
ACCGGCGACGATACCATCGT	1
CCCCGCGGAGTGCTCTGGTC	1
CTCATATCCGGACGCCAACC	1
TGCAGGCTCAGCGAGATCGA	1
TTACCTCAAAAGACCTCTAA	1
ACAACTTCTAAACAACCCAC	1
TAAATGAGTTAACGGTACAT	1
AGCTATAGTAATAATCACTC	1
TTCCTTTCCCCCCCCCCAGC	1
ACACACAGGTATTAGCCCCT	1
TCTTGAAAAATCATGTCACA	1
AACGTACCTGCTAGATACAC	1
TCTGACCAATAATGATCACA	1
ACGCTCATATTCTCTTTTGA	1
ACACTATTTACTGCTGTCAG	1
GAAAACCTTTGAATCAGACG	1
ACGATATCTCCCCTAGAAGA	1
ACCATATGGTCCCCAAAGGG	1
TGTATCTAGCTAGAAATATC	1
ACTTCTATGTTCCAGCATCT	1
TAATTCCCCGACCTCTTAAC	1
GTTGCTCCCGCGTTCTTATA	1
TGTAAACGAGAATATATAGT	1
ACCGGCATCTCCCACCTCGC	1
AGCGAAATTAAGCCGATGGT	1
AAGATATGAAACGTTGAAGT	1
GCTAAGACCAACCAATCACA	1
CAGGGCTTGAGTCCGCGGAC	1
ATTCACCCGTCGAGGAAGCG	1
GAAGATTCCAGCCATCCACG	1
CAACGCTCACCCCCTAACTC	1
AACGTGCACAACCACTATGC	1
TAAACGTAAACGTTTTTTGC	1
TATCTAAAAAGTAAAAAATA	1
ATGATTCTTGCGCAGGCAAC	1
CGTGAACGGGGGATGGTAAG	1
ACGCTGAGTCAATCGCACGA	1
GAGCAGGCTTAGAGCAACAT	1
GAATCAGAGCCGGATTACAT	1
GAAGTTTTAAGTGATCCAGC	1
AGCGGCCCAGTAACCACCTC	1
GATTCAAAAGAAAACGTTAC	1
AGTAAGATTTGGAGTTATCG	1
TACGTCACCGAGATTTGCAT	1
TGGAGCATCAATATCAATAC	1
TGTTGTTGCACAAGTCTCCA	1
GTCTTTAACCCTCCCTACCC	1
ACTGTCATTAATTAGGTGAC	1
GAATATCGAATGCTCCAGCA	1
GCCGACTCACTAGTAGCGCA	1
TGACTTTTGTTGAACGCGAA	1
ATTCGAAGCCGCATTAGCTA	1
ATTAACTGCACGTATTACAT	1
CTCACGAAAGTTCTAACACA	1
CACCATAACCACGACCAAAC	1
TGCCTTGTGGGAGAAAATCA	1
TTGGTTTTCCAAAGTCTGCT	1
TCACGTCAAATACCTTAATT	1
CCCTTTCCTGTCCTCGCCCA	1
ACATTTCCTACTCCATTAAC	1
TGTAGATTAGCCAGGACTAC	1
TTTTACCGAAAAGTTGATAA	1
CAAAGCTGCCCTATCAAGTA	1
GGGAACATCTGATGCGGCCA	1
CCCGATCATCACTCTTCAAC	1
TCTCAAACTACAACTTAAGC	1
CCACCATGTCAACTAATGCC	1
TCACACTGCCACCCACAAAC	1
AGTGCAAAGGCTTCATACCA	1
GCACTCCTCTCCAATCCCAA	1
GATGCATTGGCGTCAAATTC	1
GTGATGAACCCGCGGCTTAC	1
ATACATGCAACGCATGAATA	1
TCCAGGGCAACTATAGCCAA	1
GTACTTGTAATAAGAAATCT	1
ACCCTCCGAAACACGGTTTA	1
TGTAATGTGCATACATTCAT	1
CCAAAATCTTAAATCATCCC	1
AGAGAATATAGACACACTCG	1
ACACTGATACACGGAGGGCA	1
GCGGTCCTGTTTGCCCTGAC	1
TATCTCCCTTTGAGAGGACT	1
CATACTATGTCACTCGAACA	1
TAAGCAAGGTACGCAATGAT	1
ATGCGATAGTTCGCTACTGT	1
AACGGATGAGCAGGGGGTCT	1
ATAGACAAAGTTCAATTCCC	1
ACTAACAGTAGGCTTCGTAA	1
GGCGGTATGGAGCACTCTAA	1
CTTATCGTTAAGAAACGTGT	1
AACTACTTAACCCTTTCGAA	1
CGCGCAAAGTTGCCGTATAG	1
TATCTAAGCCGCAGGATCTA	1
GGATACCTCGAGAATCAACA	1
CATCCGTACCATCAACCCCG	1
ACTTAGCAATCGACAAAGTG	1
AGTGGAGAACCTAAAAACAA	1
CCGTCCTTACAGCAACGTAT	1
GCCTCCACTAAAAATGCAAT	1
AGAACTCATACCCAATACAA	1
AGAATAAGGAAACTCCCTCC	1
AACTACTGGCCAAGCGCCCG	1
TGTCTACAAGCCTCTCTGAC	1
GGGCAAATACGAGGAATTAT	1
AACTCTAAACCATGACCCAT	1
ATTCGAAATTGAATCTTTCC	1
GATGAACATAGATTAAGACT	1
AATCCACACTCTATCATCAA	1
AGATTATGTCTCTCACAGTT	1
AGACGAATAACTCCCTAAAT	1
CCTGTCCGTGGAAAGCTTTG	1
TTGTATAGCGAAGAACTGTA	1
TGAAAATTACTCCCTATGTA	1
TCATAAAAATGCCCCAAATA	1
CCGGTAAACGGTAGGCACAG	1
ATTGCACAGACCTATTTTTC	1
AGCCCCCTACTTACTAGGGG	1
TAAAAGAATATCTCTATGAA	1
ATTTGGCTGAATGATTCCGT	1
TATCTCCCTACAAACCAACA	1
TCTTAAACGTTTCACTCCTC	1
TAACATCGTTCGGGTCACAA	1
AACGGCTTAGAGTCTGAATT	1
AGACACTGTAGTGTGAAGAA	1
GAACCTTTGGGATCGCGATA	1
TACCTCATCACAATTGAAAA	1
GAGTTGCTAATCAGCTTGAT	1
TTAGCCAACTGCAAATCACT	1
CACCTGGCTCCCACCTGCAA	1
CATGGCAGTGAGTCCGGTGC	1
AGACGTATTTTCTGTCCAAT	1
CCACTTGATTGACCTCCCCA	1
TACAACTCCCGTAGGCAGCT	1
TTATCAACCATCCCAAATTT	1
GCTCCCACTAAACTCATAAC	1
AGTTCTCCAAAGACGTGAAA	1
GGAGCAATAATACCGCACCA	1
TGACGATACCTACGGATCCT	1
GAACACTGTATTCGAAAAGC	1
AGCAGGACGGCACGGTAGTC	1
GTAAAAGATGCTATCAAGGA	1
GCTCCCTTGCGCCGTATCTA	1
ATCTACGTCGCAAAAAACCA	1
CAAAATTGATTCACATGCCT	1
CGGTACAAAAACCGGAGTGA	1
TAGACGCAATGGCATGTAAT	1
TCAAAGGCGCTTCGCAAATG	1
TGCAAAATGTGCAGAGTCAA	1
CTGCAATTCTGAGCGGCGAC	1
AGGAAAATGTGGACAGCATA	1
ACCGAAGCCATAGTGTGATG	1
CGGATTTTTAATGTTAAGGT	1
AACACAGGCCTGGGTATTCC	1
TTCCATAGCATTGAAATAAA	1
ATGGTCATATCACACATAGA	1
CTGCATTTAATCAAATTGAT	1
GGTACGTTTAAATGCTAACA	1
TAATAGTTAGGCTTAAGCAG	1
GCCCCGCAAATTGTCCATAT	1
CAAATCCGCAGTAGGTAACA	1
ACAACTTCTCATGAAGAAAC	1
CCCTCCCTAAAACGCCCCGT	1
AAGGAATAAGAACTAAGTAT	1
AAGCCTTACAGCATAAACAA	1
AGCAGCGAAATCACACTCGA	1
TGGATTAAACACACCGTATA	1
TATTTTTAGCTTATTGTGCC	1
GCTCCGTCACGTAGACGTAA	1
GTTCACCTAGTTCTGACAGG	1
ACGTTCAATCTCGACCATCC	1
CAGAGCATCCATGAAAGCTG	1
CACGATCAATGCCAGCCCGC	1
TTCACTATGTTCTCCGTAAC	1
ACATAGGAGGTGTGGTGTTG	1
TCGTCGAATCACACACACAA	1
CATTCCCCGCGCCTACCACT	1
GGAAAATATCATGAATTCCA	1
CTGGAAAACGCTATGTCATC	1
CTTCCCCCATCTTCATACCC	1
GGTAACGCCCACTAAACATT	1
CTAGTATCTTCCCATTACTT	1
CTATTGCCGCCAGGCACGAT	1
CTACACTTTCCCCAGATGGA	1
ACCGATGAACACGCTCAAAA	1
TCCAACTATCCCAGACCAAG	1
ATTGAAGTGGCCAGGACGGA	1
ACCTCACCGAGACTCCAGTA	1
TGGCTTCTAAAAAGCTATGG	1
AAACTGGTTCGAACGAACAA	1
ACGGCTCCAGATAAAAGTAT	1
GATGCTACAGTATGAGACCT	1
CGCAGATATCGCCGTAACCA	1
GGTCAGGCACTCCGATAACT	1
TACTAAAACAAATCTACACT	1
GAATGCGAACCTTACAGCTC	1
GGTGTATTAACGAATCAATA	1
TGTCACAACCCTGACCTCAA	1
TGAAAGACATCCAAGTCGTG	1
TATAAAAAGGAAGAATTGAA	1
GCACTGTTAAGCGGGAGGAT	1
TCCTTTCCGTGGTCAAGAAA	1
ATCACCCCACACCTGCGTGG	1
AGTCAATCCCACACTAGCCA	1
ACACTACCATGGATCCGCCT	1
TGTGCAACGTTACTAGCCCG	1
ACATACCGAACCTCCAAAAA	1
TGCACATGTTCTACACCACT	1
GAATAGATCCACGCTTGACC	1
ATCTATGCCAGTGAAACCAA	1
ATAAGCGTACTAAACTGCTA	1
TAACTACACATGAACTTCTA	1
TGCTGCACAGGAAAAATTCA	1
ATGAACGTCGACTGATGCGA	1
TTAGACAAAAATAGCCAAAC	1
AACCACAGTATAGACTATAT	1
CACCAGGTCACCGACTCCAC	1
ATAATTCAAGAGGTTCGGAT	1
ACCGACGCATAACTGCAAAC	1
AAGTTTGACCCTTAAAGGAC	1
AATTGAAAACATAACAGCTC	1
GCTGACACGCTTAGCACATA	1
ACTATTCGGCATCCACATCC	1
CTTGGCCGATGCTTTATTAA	1
CTTACACAACAGGATAATCG	1
CGTCGAATTGTTCGTTCATC	1
TCGTAATCAAACCGACAGGA	1
TATTTTGAGCAATGTATTAA	1
GTACTGGATACCGTCTCACC	1
ATAATTTAGTCAGATCTGTG	1
ATCGCCTTGTGAATGTAAGT	1
GAATCAAATTCCTCAGCAAA	1
ACCGCCGTAACCCATCCGGC	1
TCGGTCCAAATGTCATTAGG	1
AGCCAAAATATATACCCACC	1
GAGTTAACCGTAAGGCCAGC	1
CCCGAGACGAAACAGCCAAG	1
TGCGACCCCCGATAATGCAA	1
AATTATGTGAGGAGCGCTGC	1
ATTAGCCTAACTTTTACCCA	1
AATAATGTTGAATATAAAGG	1
TTAAAGATGAACTAGGAAAC	1
AGCAGAGCGTGCGAGGGCGG	1
GTGCACTTGAGCAATCAACC	1
AACGATTTACTAACCACCAA	1
GATCGATCGAGGTGTTCCAT	1
ACCGTACACATGTATAGATA	1
GATAAATCAACGTAGCGTAA	1
CCCATATTCGCGCACCAATC	1
ACGGTGCTCAGACCGTGATG	1
GGTCGCTTACAAGCCGGTTG	1
ACCCCCCAAAACTTTACCGC	1
AACACACGCAAACCACAAAT	1
AAGTGCTTGCTATTCGGTTG	1
ACATACGGAATTCGCGGGAC	1
CCAAAGACGGATTCAGGCCC	1
TCAGGATAAAGATAATACAA	1
AATGACAAAATATCAAAGCG	1
TGAAACGACGCGTCTTCGAG	1
ACTAGCTTTAACTTAATGAA	1
CTGTATCTAGGCGGTTTGTG	1
CCACCCTAGTCCGAGAGAAT	1
ATAGTTAGCCTTTCATGCCC	1
ACTTAAAATCACCGGAGAGA	1
AATCTATTCTGAGAAGGTAA	1
ACATTCACTAGGATTTCCAA	1
AAGGTACGCGTGCTTGGCTA	1
ATACAGCTCTAATTGCCTCC	1
TTTACGCTTTTTTTGCCCTT	1
AAGCACTGTTACAATATAAT	1
TCGCCGCATCCTCACAATCG	1
GTTTATGGACATACCCATAT	1
CGTGCGTTAAAATGTTAATG	1
TTGAGTACATCAGGCGTTGA	1
AAACATCACCCTTAAAATAG	1
TGGTTATCCCTCCTAACCCG	1
TCTATCTTCAACCACCGACG	1
AAATAAAAACACAGGTTACC	1
GTAAGCTTGCCTCGCTCCAA	1
ATTATCTGGTACATAAACAA	1
TGGGAGAACATGGGCTTGAA	1
CGATGCCCAAAGAAACAAGA	1
TCCCATAAGTTCCCCAAGCT	1
ATAGATTGGTCAAAGCCGAC	1
AACCTCACAATAGAGTTTCC	1
ACGCTTAAATTCATTACATG	1
TTAAAATTGTAATTGAGCGT	1
ACTCTCGAGGTGTCGTCATT	1
TCCAATGCCATCCCCGACTA	1
TTTAGCTGTCGCGTTGAGAA	1
AGAGACTGGCATGAACCCTT	1
ACCTCACTAAAGAACAAAAA	1
CTTACCGTGCATCGGCTACA	1
ACTGTGACACGCGTGAAATA	1
TAGGTTAGTCTTACATCCAG	1
ATCCTTAGAAATTCAGCCAA	1
ATATTCGTATCTTCCTAAAC	1
CCTGTCGCCGCATGCTAATG	1
AATCTAAAACCGTTATCATC	1
CGCCCGTGCACTGCAGAAAA	1
ACCCAGCCCCCCACTGCTAC	1
TACAGGATACTGTAATATGA	1
TTGGGAATCCGCACAAGCGA	1
GCTAGACGCAAGAGTCACGC	1
ACATGAGCTAAATAGCCTAA	1
GACCAACTGCCTTGGTGTAG	1
CAAGCCCGAGTATATTTATG	1
ACCTTCCATAGCCAATAAGT	1
CGATGGGAATTTCCAACCGT	1
TATGCCGCTCCTCATTCCGT	1
CCCTCCTAGTCTGGATCCCC	1
TTAATATCTTGCCTACCGTA	1
TCAAAAAAGGTAGTCAAACA	1
GCTTAGTCACGCACGGTGTC	1
AAAGCGTAGACTATCATTCC	1
AGTTGAGATTTCACATATGA	1
TCCACCCCCCCCTCTACTTT	1
TCTGACTATCTCGTGCTCTA	1
CAATGCAATACGCTGAAGGT	1
GCAGAAATGTTCTACACCAG	1
CAAAAATACTCAACGTAGCC	1
ACAAATATCCACAAGATACA	1
AATGCGATGTAGTGGAACAT	1
CTCGAGGAGCATGTAGTAGC	1
ACATAACCAGCGCTCCCGTA	1
CGCCGTGTTCTAGCCAAATC	1
AGCTGCAGCAGACCGGAAGC	1
AACGCTCAGGGATCCGATGG	1
AACTTAATCGTGCCCTTGCC	1
CATATCAGCCGCAAACTCCA	1
CTTGCCTGAGGCTAAAACCT	1
TTCCACTACTCGGTATGCTT	1
ATTATGAACCATAGTCAGGC	1
TCCGACATCCCCTACCCCCC	1
CTGTGTTAAGGGCCTTCACG	1
TCAAACCAAGATGGTGATTG	1
CAACTTGAACGCAAACTATT	1
TGGGCCGTTCCACACGTGAT	1
ACTGACATGCATACTGCACC	1
CGTGAATCGTGATACGCGGT	1
CTCTCGTTTATACACCAGCT	1
CCACGTTTAATGACCATCAT	1
GTCCCTCTCCTGTCCCATCA	1
ATACACCTCGAAGGCCCACG	1
AACCATGCTTCTATTCACCC	1
ACCGTACTCATTCACCACTG	1
CCCTTCTCTCAGTATATGCC	1
GATAAGATCCCTCGGGGGTT	1
CACCTCACGATACTATCCAC	1
TTAGAACGCTCAAGGACAGC	1
TAACAACTTCAGCACAAGCA	1
CAAAATTGCAAGGCACAAGA	1
TGTGGATAAGATAACGCAGC	1
TAGGAGCTAAGGTGGCCCCA	1
AGTGGTTGTATTCGTCGCGC	1
GTGGTGGGGGAGGGGAAAGA	1
GGGGCTGGGTGCTACATTCT	1
ATCTTAGTTCACGGGACAAC	1
TTGTCGCCACTTCTTGCACC	1
AGGCACAACTGAGCTCCCCA	1
CCCTAACCAATTTCCACCAA	1
TCCTAAGCCAGCGTCGATCT	1
CTCGACACGAATCTGGGAGT	1
CGAACCATCCTTCTATGCGT	1
CCTACAAAGGACACTGAAGC	1
ATAGCTTTCGTCAAAGAAAG	1
TAAACTAATATAATGCACTC	1
TCCTATGATGTGTTCACCAA	1
TCTAATGGGACGGGCAAATT	1
ATGATGGTCGACGTACACGC	1
GTACACCTAGACTCGTTATC	1
ACACGGGCCAACAAATATCT	1
AGAAAACAAAAAATTTTGGT	1
CGAACCGTACTTACCGTATT	1
CGCGGCCACGCCCTTCCTCG	1
AGGGTAATGGCCCACGAAAC	1
CACTGGATCCAAGACGAAAC	1
CCTCACTTACCGAGGTCATC	1
GAATAACAACAACCTCATGG	1
ATGATATGATTCTTAGAAGC	1
ACTTCGCCACTGTATTTAAA	1
GAGCTTATGCATCAAACACT	1
ACAATCTGAGTTACGTACTT	1
AGTCTGTCGTCGATATCTTG	1
CCACTTCCTCACCCGCTCTC	1
GTCTTCCGATGTGACCAATG	1
ATAGCTATGTCATAACCTTT	1
TATCTCGTGAGATTAAATGC	1
TGTACGACCGCTGACCTTTC	1
GGTACACGAGCAGAAGCTAG	1
ACAGGATCTCTGCGTGAAAT	1
TTTCCAGCTTTTCATCTGGG	1
ACAGAGCCCTTCCGCCACAG	1
ACAGGCTGTATGCCCCGACG	1
GATAGTGTCCAGGGTGAACC	1
GAGTTTAACCCAGCTGTTCG	1
ATATGATCACTCCGTCGTTT	1
CACGTAAATTATGTCCAGTG	1
TACGTGACAGTTACGGTTAT	1
CACTGGCCTGGCCGTGAGAA	1
TCATCAAATAGTGATCAACC	1
CCCGACCCACCTTATTTACG	1
TATGCTTATCTGACGCATTT	1
TCCATGGACCAACTACTCCA	1
TTCACAACGGGTGAGAGTTG	1
CGCCTCTCCTACCGATTAAC	1
ACGTGAGCTATCGTTTGTTT	1
AATACAATGTTTTAGGGCTT	1
CGAGTGAAGGTTGCAAAATT	1
GCTACTTGCACATTGCATTC	1
ACCGATACACTTATGCTGTA	1
GTATCGTATTTACCGCAGGA	1
ACCGTCCCTCGCAACCTATG	1
AATTATCAAACGCCACCGCA	1
CAGGTGACATTTAGTGAAAT	1
ACATAACGATGCTGAACTGT	1
ACATGTGAATCTGAAAGAAT	1
TCGCCAGCGACCAAGGGTCC	1
CTAAATATTATGAGTGATAA	1
AGTGAAGCATACTAATGTGC	1
TTAGATACACTGTCCCGCTC	1
GATAACCACTCGCCACGAAC	1
AAGACGTATCAAGAGTCAAC	1
TGCAACCAAGGTGGGAGACC	1
TCGTGGTTTACAATTTTGCG	1
TTAATAAAGCCACAACCTAT	1
CCATCACAACCGCACTGATT	1
CAGTAACTTGAAAGTTCGTA	1
AACTGTCGTGATATAAGAAT	1
CAAAAATGTGTGCAAGGAAG	1
TACACACTCTCATCTTATGT	1
GATATGCTCTACAAGCCTCG	1
ACCAGATAATCTATGCCTGT	1
GGAACCATGAGATGATGTTA	1
AACCCGCCCCCTGCCGCAAC	1
CCCATATTCTGAGGCTGGAT	1
AGATTACATTCATGTTAATT	1
ATAAATTACCCGTGGAAAGT	1
TTAATGACTCACTTTCCGCC	1
AAGCTCGGGTAACACCAAAA	1
TAATGGTGGTACAGGTATCC	1
GAAATTATTGTACGCAACCA	1
CCCTTCAGCCAACACAACCC	1
AGAAGGAAAACATGAAGTAA	1
GCACCCGAACCTAGCAGCCA	1
ACTGAACAAAGCAACGCTAC	1
CTGTACTCAACTCAGTCCCA	1
ATAATAAAACGAGACGAAAC	1
ACTCGTAAGCTTAACTACCC	1
GTTGATATTGACCTTAAACA	1
AACGAAAACGAACTCGAATA	1
GGCAGATGAAACAATGATAA	1
TTACACCGAGTACGTGAATC	1
TACCCTGCGATCTGTTCCTA	1
AGTCCCCTGTAGTGATCCGC	1
TCAAGCTTTCACTATAGCCG	1
TTTGCTCAAATTCTTCCGCG	1
CAAAACCCGTCCTTACCGAA	1
CGGGATTATTGCATTAAGTG	1
TTCACCCCCACGCTCTAAGG	1
CACGCCAGAATATCATTAAC	1
GCGCAAAAACGAAATTGCAT	1
AACAATCCTGTAAAATCATC	1
GCAATACTCACTAACCAACT	1
TTTCACCTGCGCACCTCTAC	1
TTACCTATGTCCATGAACAC	1
GACATTGGCCCACATTTCAG	1
ATTTCCCGTATTACATAACA	1
AGGCAAAACGCCACCACACA	1
AATTGGCGGCAGACAATTAT	1
ATTTACATAAAGTACTCAGT	1
CCTCAACTTTACCAAATGAA	1
TGACTAATGATATGTTATTC	1
AAAGGATCCACGCCCCGCAC	1
ACTCGCTATACCACCACTAA	1
ACACGCCCTACACCCTCATA	1
CAAAGTTTCTGCGCAAGGCC	1
CGCCACCCCCTCGAGGTTGT	1
ATAGCAACAAAAGTTGCTTG	1
TCCCAACATAAGCAGTGCAC	1
TTTGTCTTGAGTTCACGCCG	1
GCTGATAATTACCCCATAAT	1
TGGTCTAACTGGCACACCTA	1
TTATTGAACTATTTACCCCA	1
AAGTCAGGAGTGGGAGATGC	1
TCACAGACATTATGTCGCTC	1
ATGGTGTTTTGACTGGTTCG	1
CACCGTCACCCTCCCTATCC	1
TCGTAACAGTTGAGCTAAAA	1
CAGGGTTCTGCCTCTTCACG	1
CTCCCTGAATTGTGACATTG	1
CAAAAGCCCAAAAGCCAATC	1
GGATCCTGAACACTTTCCAG	1
TGATGAATCCCTCCATATTC	1
GTGCATACCTGAGAGAAAGA	1
ACGAAACGAAAGGGCCTCGG	1
ACAGCGCACAGTAAAGTGAT	1
TGTGTCCTTACAAGCCTTAA	1
CCCATAAATTTCGCCGAAAC	1
GTTAAATGCACATAAAATGA	1
TTCAGATACTCACACTATTG	1
ATGTCTTACACGTGTGATTC	1
GATACAAATAGAGGTTATAA	1
ACGGGACAGATGACATGCTC	1
CACCTACCCCGACGCACCTC	1
AACATTCTACATACCATCCT	1
ATCACGGAGCATCCCTTACC	1
AATAAGAAAATGACGTTCAT	1
GCCAGGATATTACGGTGCCG	1
GAGTTAAAAACTATCATTGG	1
CTAGCTGGTGTTCACTCTAC	1
CAACTTCAAAACTGGTGCAT	1
TTGCGAGACTGCGCCACCTC	1
TGCAACCATCCCTTCGGACC	1
CACGCCGCACCGCGACGAAC	1
AAGGCAACGGGGCTTTTAGC	1
TACGCATAAATACATTGACT	1
AACTCCACTTTTCGCGACCC	1
ATTGCATCATATACACACAT	1
GCCACCTCCAAAGAGACAAT	1
AAGGATAACGGCACCGCCCA	1
GAATAAAGTTGGATGTGCTA	1
ATGATTAAACAAAGTATAAG	1
GCACCATGCATCACACCCAG	1
GAGGACCGGTGCGACCAAAA	1
AATCACATAGTAAACACGGA	1
ATATTTAGCCGCAACACTAT	1
ATGTCCCCCAGTAACACCCT	1
ATGAGTGCCGTCGCGAGAAG	1
GTCCTATGAATATGAATCTT	1
GAAAAAACTTGAGCCTATTT	1
GGTCAACCACCAACAAAGAG	1
AAACGTTAACCCTCAGGCCA	1
AAAGACCAAATTATCTCGCA	1
AAGTTTAACTTTCCTAGAAA	1
TAATGTATAGTTAAATGGAA	1
AGCAGCGTGCTTGGCGGGCG	1
AGTTTAGAGCAAGTACACCT	1
CTCGCCAATGAGTGACGGAC	1
ATATAACCATGCCGCCACCC	1
CACTTAATACAGACCATTCC	1
AAAAATACCAACAAGCCCAC	1
TCATTTTCTTAGACTCTCAT	1
TGTGCCGCGGGGCACGAACG	1
GTCAGATGACGCTAACGGGA	1
TTGGTACCCGCCCGAATAGC	1
AGAACTAATTCATCCACGAT	1
TTACCTTCACCGACAACCTA	1
AGGGATAATGCTAGTCGCCA	1
GCGCAAAACATTCTTTCTAG	1
ATTTGGATAAGCCTTATAAA	1
TTACTCCTCCCAGAGATCAT	1
CCAAGGCGAGTCGCTACACG	1
ATCAACTGAACTCAAAAAAC	1
CCATCCACTTCCCAATAATC	1
ATTTGAGAGGTCTCACCTGT	1
CCAGCGTTACCAGTCCGATG	1
GTTCACAACAAACCTGTTTA	1
GACTCTCATAAGTAATTTAA	1
CTTCAGCCGTCAATCTTGAA	1
GAACACCTCTGGAATTATTC	1
AGTCTATCTGGAGTCGTATG	1
TCCGACTAAATACGATGCCC	1
ACCTTCGTGGCTACCCCACT	1
TCCGCGGTTGCCTTTACACA	1
ACCACCCGCTTACTCGCTGC	1
AAGCTTAACGACGCGATCAA	1
GTCACACAATGGCAATGAAA	1
AACCTCGTGACAAATAGCAA	1
CTAATCGAGAACGGCTTCTT	1
ATTCCACTCAAAAAGCCCCG	1
GGAGATCCTAAATTTAACGT	1
GCGATGTCAAAACCGTAGCC	1
ATATTTATGAAGTCGATGAT	1
AATAAACCTGTTTAGCATAC	1
GCAGAAACATGCAGAAACAT	1
CTTACTACACATTAGAACTG	1
TTTAAATTGCAGGGCGATAC	1
GTGATGTAGATAATGAAGGG	1
GTGCTTAAACGCACGACTTT	1
TAATCTTCAGAGGCACACGA	1
ACATATTTACTACAGTAATC	1
GGCCTTGATTATAGACAGGC	1
ACACGAACTCTTGATATCGA	1
CCGTCCGCGTTACCGCTAAA	1
CGGGAGGCGTGCCAAACACG	1
TTAATACGATATGACACTGA	1
TGCTGTAACGAGTGGACTCC	1
CAGGTTCTGAATGCTTATTA	1
GTGGCTAGCGCGTTATAAGC	1
TACTAAAGACTAACTTGATT	1
AATTCACCCATGAGTAAAAC	1
GGCTGGTCACTGTAAGTTTT	1
TGAAACGCCAGCCTACTGCT	1
TCAGGCTCGGGGGAACGATA	1
ATTGCTGGGTACTTGTCTCG	1
ACGCAAAGCCAAGATCCATA	1
CACCTTCCCTCCGCCGCGTA	1
TACACTCACCCATCCTGCGC	1
TTGAAGTAAACGATTACTCC	1
AGTCACCTCCCAAGGCCACA	1
TAGAATTTGCTTAGAAATGC	1
GCCTTCACACGTGCTTCCCC	1
GCCGCAGTCAGGAGCAGTCC	1
ACACGGTATTTGTATATGGA	1
GACTATGATCAGTATTGTCG	1
CCATGTTAGGGACCTGGCGT	1
TGGACCCAATCCGCTACTTT	1
CCACAGGCCGCTTGAACAGT	1
TTTAATCGCATTTTAATTGA	1
ACGCACGGTAGTGGCTATAG	1
CGGAACCGAGCTAAGTGCTA	1
GAATCACAACACATTACCGT	1
CAATTGCTACCCGACTTCTC	1
ACATGGAATACCTGTCAACG	1
TACACGCGCGCTAGGCAGTA	1
GGATCGAAGTGGCAGACCTT	1
AGAGAGCCTAGGCATCAAAA	1
TACCGCTCATGGCCTAGCAG	1
TAAATGGTACCTACCCCTCA	1
AGGCGACGTACCTCCGGTAT	1
TTTAAAAGAAAAATTGACTT	1
GTTATGCCCACACAGTATTC	1
CCTACTTGCTGTGCCTAACC	1
ATATAATCACCTCGTACAAA	1
GATTTCCACCATGTAAGTAC	1
ACACCCCACCATGCGGACGC	1
CTCTGAAGCACCGCCACCCG	1
TCGAATCTTATCTCTTCCAT	1
CATACTACTTGAACGCATCG	1
CTGAGACGCATACATGACCT	1
GCAAGCAGCAAAGGACCCGC	1
TGAATCCCAAGATCAAATGT	1
TAAACTATTATTCGCCAATG	1
TCCACGCTTGAACTTCTACG	1
CCTCTTTTTTACTTAAACCT	1
TTAAACGGCATGGTTAAGCG	1
TTTAAATTCCTTCTGGTATC	1
CTACACTACCTTCCATGTAA	1
CACGGCGTCATACATCCTGG	1
GAATCTCTTCGTGTGACCAC	1
ACCTAAAAGGCGATTAATAT	1
ATTCTTGCGTAAACCGTAAC	1
ACAGCTCGACCACCTCCAAA	1
AGCTCCACCCTACATAGAAT	1
CGCGCGCCTCCCCAACTTAC	1
ACTCTACTCCACTCACCGCC	1
AGGAAATACCTTAGAACGTC	1
AACCCCTCAGTAGAGTAGTA	1
TTAAAACACAGGTAACGCCA	1
TTTGAGAATAATACTCCTGG	1
ACAGGAGGGCTAGATTTTAT	1
TAACGCGTACAGGGGTTAAC	1
GTTCGACCCACCTTCATATT	1
CATACAAGGGTGTTATTATG	1
GAAAAAATCGGGCAATGTCA	1
GAATTACAATTCTAACACAT	1
TCTTTTGCGCATTTCTGAAT	1
TAACTATACGAAATGAATTG	1
AAATAACTATATCTCTCCAT	1
TCATGTGATACCCGATGCGG	1
GGGGCTCGCACTCCCCAATC	1
ACCCTACATACATGACCCTA	1
TTCCCTTCCACGGTTACATT	1
CGAGATGATATGAGGTCTTG	1
AACGTAAATGCCTAGCGAAG	1
TGACAAATGCAACAACCTCG	1
ATCCGTGGCGGTCCCGAACT	1
CAGATGGCATCTGCCCCCAC	1
ATTCTAACCTGACCAACCGC	1
AAGAAACCTTTTGTATGTCT	1
GCCCCATGCCAAAAAATGAC	1
TGCTGTAAGAAAAACATATT	1
ACGTAACTAACCGGACTCAA	1
CATGTTCCAATTAACCCCAG	1
ACCTTGGCTCATCATTTTCC	1
GGTGCTCCTTCCCAAGGAAC	1
AAACTAGCTGTGCAAAAGTC	1
TATGTCCTGCCGCCCCGGTC	1
ATTGTGTGAGACTAGTATTC	1
GCATACCTTCTACCCAACAA	1
TTCTACTGTCCCCTTCCTTC	1
ATTCCAAAACTACCCCATTT	1
AACAAGATAACACTACTTAG	1
ATAAGCCTAAATTATAAGCA	1
TAACGCACGTCACTAGCAAG	1
GGTCCCAACAGTGTTGGTGA	1
CCCCATATCATTAAGCCGTC	1
ATTTACAACGACGTGTACAA	1
AGTCTAAAACCATCCCTAAC	1
TCACGGCCGGCAAACTTCTA	1
GTAGTACTTATAAAAGGAAG	1
AAGTGAGATTAGAGCGGTGC	1
GCTCAGGGAACCCTACCCCA	1
CATGCAAAACGCTCCTATCT	1
TGTTATCACTCGATGACTTA	1
GTGCCAATACACATACTACT	1
GCTAGATAAGACTTACACGC	1
ATCCTCTCTCTGAATTGTCC	1
CGTTTTATACAATAATACTC	1
GAGTACAAGGCTTCAATGAA	1
GTAACAGGGTACGCGACCGC	1
TTTCATACAGAAGCCCATTA	1
GAAGAGGGTAAAAAGCGGGG	1
TGACGCGGCTCTACTCCCCC	1
GGATAACAGGAGATGAGTAG	1
ATTGACTACTGCCTGTTACT	1
GCATGATTCTTTGTGACCCA	1
GTGTCAAGAATCGTCGAAGT	1
CAGAACACACGATATTTAAA	1
CAAAATAGAGAGTTCGCCTG	1
TGAGCATTCCAGAAGTACGC	1
GCTGTAGCTTGCTTTAGCAT	1
GGGGTTTCATGACCGTAGCT	1
TAACACTATGAGAGCGTTGC	1
CATATATCGTCATATCAACG	1
ACACCCCCACTTTTCCAACT	1
AATGAAAACCCAACCACCAG	1
TACGAAAATCGCCTAAAATA	1
GGCGTAATCCTCGCCGCGTG	1
CATAAGAATTTTAGCCTTTG	1
AGAATCACTTTGTGACCCAC	1
ACAGCAACACGTCGCAACTG	1
GAACACGGCGAATACCACCT	1
GCATACTAAGGCGCCGCTCC	1
TATACGCCGCATAAGATTGT	1
GAAATCAATGTGCGTATATG	1
GAACAAATTCTACACTATTC	1
TCCCCATCTCCCACAGTACA	1
TCCCCTCGCAAGCAGTAGAT	1
TCAGCTAAGATATGATCAAG	1
TTTTCTTAATCAACATATAA	1
AGAACACCACAAGCTTTTGT	1
TTATGAGTTAAGGATAGCGA	1
CAGGGGATCCGGCCATCTTA	1
GTGGCTGAACCACGAGAAGC	1
AAAAGGCCACAATGACGAGG	1
AGAGACATGCAACAACTCCC	1
ATACCAGTCACTGGGTGCAC	1
ATTGTGAGGCCCTGTCGGTT	1
AAATGCTACCCTATCGTCAT	1
CCATCAAGAAGCAACTGTGC	1
ACGGACCTATTTATGATCTC	1
AAGTGTTGAAAATAAAGCAC	1
GTAAGCAAACAAGCTGTATA	1
CTATTCTGAGCCGAGCGTCC	1
TATTATCGCGAACAAATTAG	1
TCATTAACCTTTTGAATCAG	1
AGCTAGGCTAGTATTCAAGT	1
ATTTTGCTTATTGAAACACC	1
GGCTAAAATAAGTATTGGCC	1
TACGTGCTACAAATCCCCAG	1
AACTAAGGGGGAAGGTATAG	1
CAAACAACCGTACATCTCCT	1
AAGCAAAGCTTGAGGGCGGA	1
CTAACATGACCCCTGCCAAA	1
TGCATGCTAGAAACAATGAA	1
GAGGGTGAGTGTAAGATGTC	1
GAACGTACGACGGCACCAGT	1
GCGCGTTAAACGATATAGTT	1
GAGCCGTTTTTGGATAGGAT	1
ATACCAGTTCCAGCTCCACC	1
ACCGAACTAACGCGACCTCA	1
ACAGAACAGATTCAACAATC	1
CATTGGCCAATTTATTACAA	1
TGATAAACATCGATTAAGTA	1
TTTAAAGCCGTGCTATCGAA	1
TGCACTCTCTTAAAACGAAT	1
ACCTCGAGGAAAAATACAAG	1
CCATTCTTCCTAAGTCCGTA	1
TACAACCCGTGGCGTTACTC	1
TGGTCATTTACATGGATCTG	1
AATTGTTCGGTTGGATACTA	1
GAACAGAGTGCATTTTAGAA	1
CGTAGATGGCTGAATCACCG	1
CACCGAAACCGCCGAAGAGG	1
ATCTTACCACCCCCTCCATC	1
TTTAAGCTGAGACTTATCGC	1
TTACAACTCATCCAAACACA	1
CTGGTTATTGTCTCTAAAAG	1
TTAATTTAATCTGCGTCTAG	1
TGCTCCTTTCTCTGTCGATA	1
CCTTTACTCTTATCCACGTG	1
TGATCCCACCAAACTAACGC	1
TGGCATACGGCGGAACGACT	1
AGCTATGATTTTGCCTGAGA	1
ATAGAATTCTAGTACAGCGA	1
AGATACGTTGAAGCGACAAA	1
ATAGAGCTTTAACCCCGGAT	1
GGCGACCATACCTTAAACAC	1
CCCCATCCCTTACCATACCC	1
AAGACCTCAACCCCCAAACA	1
ACCTAACTCACAACTCTCCA	1
ACCTGTCTACGCTTCCTCAC	1
GCGTGTCCCACGCCGAGACT	1
CCCTTGCTCGACTAAACTAT	1
TTACAGTTGTGGCTTCAAAA	1
TGATCCACGACCCCTCTTAA	1
CCCAGCTGGGCAATTTACTT	1
CTAGTGACGCCGCGGCTATG	1
CAGACTATAATTGGTTAACA	1
GTGTCGGATATAAAATTAAG	1
AAAGATGTATGAGCACATAA	1
CCAAACTCACCGAGCTATAG	1
TACACTCTGTATCCATACCT	1
CTGCAGTCCAACCTTCACAG	1
GAGTTTACCCCAGAAAAGAA	1
AACGGTCCAGCAAGCTAGGC	1
CGATGGAGAGATTAGCCACA	1
GTTAATATGGTTCAAGAAAC	1
TTGCTAACACTGAACCTACA	1
ACTACTCCTACGTTTAGAGT	1
CCCGGAGTCACTATACCTAC	1
ACACAAAAGGCCGTTTACCC	1
CTCAGATGCTCGGTAAATAG	1
GACTACATTCTTTGTTATTT	1
AAAGAAAACTCCACATCAGG	1
TAGATTCCAAGACAGCAAAG	1
TATATGCGTCCACCTCCTCC	1
AACATGCGCTTGCGCCGGAG	1
CCGGAATTCCTCACGCTTCC	1
GATGCCCAGTGGCGTGCTAT	1
TGACACTATGTGAGGCTCTC	1
TGCTAAACCAGGAAGGCCCA	1
GTGCTGAGTTTCAACCTTCA	1
TGTAACAGCCCGTAACGCCA	1
AAGCAGTCCGCGACTCAGAG	1
AATAGGTCTGGCCCCTAGCT	1
ATATAGGTAGAATCCCGATC	1
ATCCTTTTGACTCGGTACTT	1
AATGCTTAGTGCACGCGTGC	1
CTCGCCGTGACACAGTCATC	1
ACCAGCATGTAAACCCTTGT	1
CAAGAAAGCAGGGGCTATAA	1
ACTCATGTGTTGAGACTGAA	1
GCTTACCCTTAAACTTGTCA	1
AAAGTAGTGAGTAGCGGAGT	1
TGGCAATTCTAGTACCCAAT	1
TTTTCAGCCGCTATCTTGCC	1
CGAAACCGCTAACAGCCTCC	1
TTAACTGCCTGCAAATCATT	1
ATTGCGGAATTTTATGTATC	1
TCTTTTTACCGGTCCAGGTG	1
GCCCCTTGAAACCGGATCGG	1
TAAAACTTTAAAAAATTTCC	1
ACAACCAGCCAGTAATGAGC	1
CTTTGTTAAGGCAAGACTGA	1
GAGTGTCCTAGTGCAGCTGG	1
AGCACGAGGGATTATATCAT	1
ATCGACATTACACGCGAGTG	1
TTGAATTGGTACCTCATGCC	1
TTCCCCCTCGAGTACGTCTG	1
TGATCCTCATTCAAACTGGG	1
ATCAGACCATTACAATAAGG	1
CGATGAATATTCTCCACTTC	1
TAAACCGTATACCTTACAAA	1
AAGCGTGTGCTAACAGATCA	1
GCAATAGTTCCCGTGATGAC	1
GCAGCAACACTGTCCATATT	1
TTAGATAAGTCCTTTTTCAA	1
GTACAAAACAGCAAGAAACC	1
TAACAACAGAAATATAGTAC	1
CATCGTTACACCTTACGTTT	1
GGACCGTTGCGCACAAATCA	1
GCGGTTACGCTACACGCATG	1
TGATTTACACAGGTGATTCT	1
TATCCATCGCATACTTCATG	1
AACACTGCCTACTTACGGAC	1
ACAATTTTAGTGCGCGTATG	1
AAATCCATTAGGCTACTTCG	1
TTCCTAGCAACCCCACATCT	1
TAAGACCTAGCGACGCTCCC	1
ATGTTGGAACGGATCACGAA	1
CTACAGTGCAAGCTTCAGCA	1
AGCGGTACCAGCACCAACAA	1
ACCCTAACGAGAAATTCATG	1
ACAACGTATCAGCGCGAACC	1
AGGCTCTAGAGCTAGGTGAA	1
GGTTATAGCGTTTACTCCCT	1
TTATACGACACAACAGGAGC	1
GGTTGGACTCAATACTTGCA	1
CTTATGTGCTGACAAACCAC	1
CAAATAAGAGGAATACAAGA	1
TTGAATTGCGACCACGACGA	1
CTAGTTGGTGTTTCGCGATG	1
AACACTTCGCATGGTTGGCT	1
TTTTTTCAACATATCCTTGT	1
GGTGCAGTTCCTTCGAAGTA	1
TAGCCATCATGCTTGAAACA	1
ATCGCTCTTAACCTTACCCG	1
CCCCTGCCCCTAACCCCTGC	1
AATGTAACCACTTATCTCTT	1
TGTGACTTTTGCTCCTGGAA	1
ACACTGGTTATTGGTACCTT	1
CTGAATCGGACCACGCGTTG	1
TTCCCAAGTATTAATAACCC	1
AAGCGCACCTTACACTCCAC	1
ACCGCCACCATATTTTCGAT	1
ATCAATAAAGGCTCCTGGCC	1
CGGTATACTTTGAGTGGACG	1
CTTGGAACCTGAGACGACTC	1
CTCGATAATAGACGCGCAAC	1
CCTGTTGGCCGAGGGGGTGC	1
GCTTAATATTTTTTCCCTTT	1
TACTTTGCTTTTCCCTGCGA	1
TGTACAGTAGAACCAGAAAC	1
AGAATCGCCGGCACAAAATC	1
GCAACTTTGCCTGACGGGCA	1
AAACACTCCTACAGTATTAT	1
TCATAGTATTACGACCGAGT	1
GGGCAGTATCCTGCCTCACG	1
CAAGCCGAATAATTGAAGGT	1
GTATAACTCAACACTGCACA	1
GCAGTCGTAATGAAGGATTT	1
ATTAACCATCAACGTACAAC	1
ACCACCCCGCCTACACACTG	1
CCAGAAAAGTTGCGAAGGAG	1
CGTAGAATAACCTCTGGCGT	1
CGACTTAATAATTCTCCGTA	1
GTAACTTATCACGTACTTAA	1
AGTAGTGATGAATGTAATAA	1
CCGGCCACCCGAGCCCGCAG	1
TCTGACTAATTGTTCCTGCC	1
CTGGAACCCGATGAAATGAC	1
CAAAACCCCACTGATCTTTC	1
AGTAGGCTAACTCGGTTGCA	1
ACAAAATCCCTCACATGTCC	1
GAGCTCAACATCTGAGAGCC	1
CAATACACGCAAGAACCGCC	1
GGACACTACAGACAGAATAC	1
TAACAGATTTCCCGGACACT	1
CCGGTCTAATAAGGCGATTT	1
ACGGAGGACATGAAACCACG	1
TTATATATGCTCCTATGTAT	1
AATAATTTGGGTGTGCCGGT	1
TTTTCAACTCATTAAAGCTA	1
AACAAGACTTAAGGCACGTC	1
CGATTAGTTAGTCCCACCAC	1
GCGGTACTATACGCTACAAA	1
ATAAATTAAACACCCGACAA	1
CGCTTGGAGAAATATTGCAC	1
GATATAACTAAAGCGCCCGC	1
AGCGGGCGACATGATCCTAG	1
CCACCTCTTGTATACCGGTC	1
TAACAGGTAACACCGCAGCA	1
AAAATAAACATTGACTACAT	1
TCTCGAGGCATCTCCACGAA	1
CTAACGGGGAGGATGGACGC	1
CAGGCAAACAAAACATTCTA	1
CTATAACGACAGTAATCCAG	1
GGACGATCGTAGAACGTGCC	1
ATTAGCATGGCTTCGCAGCA	1
TGAAAATGCAAATAAGAACA	1
ACCAATTTGATCTAATGTGA	1
TAGAAGCAGGCGTTTCAACC	1
TGGCTCCGTAAGTTAAAACT	1
CCTCAAGGTCGCAGCAAACT	1
GCAACTATGGTTTGGTTGTG	1
AATCATGAGAATATAACCAA	1
AACATACTAACATATATGGC	1
TAACCCATTGGGGACAAAAT	1
GAACAAAGAATGTATATAGT	1
TTTGCCCTTGTTGCTATAGA	1
TGAGGCAGAAAGTTAAGGGC	1
ACTACTAAAAACTTGATGCC	1
TCTCGCTTTTCTTAGCCTCC	1
TTTCACAGCGATACCCCTGG	1
ATAACACACAACAGTCCCCA	1
CTAACGATAACGGACAGCAA	1
AAGGAAGGGACAAGAGGAAA	1
GGGTGACAATGTACTCATAT	1
CTATAATCCACCCTACCATG	1
TGATATGTCGTTTCAGCGCG	1
ACTAGAGTCACTACATAATG	1
GGGAACATCTGGCTATAGTT	1
TAAACATACATCAGATTTGT	1
AAGTGAGTGCGTGATCTTCC	1
CTAACCATGGTAAAAGAAAC	1
AACCCTCTTTTGACTATTTC	1
CCGGTCTGCGTGACTACCAG	1
GGGAAATATAAGGTTGAGAG	1
TCTAAAGTTCAAGTAATGCC	1
AGGAAACATCAGCAACCGCT	1
ACCTCCCTACTAGTAACAAC	1
ATTGTTCTACTTCGCTTAAC	1
TGTTCTCCTCCGTCTTATTG	1
TAGAACAGCAATGTGCTCAA	1
GGAAATGGGAGCACATATAG	1
CTGCATGCACACTACAACCG	1
TACGTATGAAAGCACAGATC	1
AACTGGATAAAGTAGGATTC	1
TCGGAATCCACACTTGCGTG	1
CACGACCACGCGAATCTAAC	1
ACATTAGAGCGGAGTATAGG	1
TTCAGAGACGTAACACCAGC	1
AACTAAGACGTGACTTAACT	1
AGTGTTAAATAGCGTGGTAA	1
TGTTACGCATATGCGGGTCG	1
AATTATGTAGGACTTAACCT	1
TGCATAATACAGCCACTGTT	1
AGCATAGGTCTAGTCAAAGA	1
CACGCGCGCGCCATTACGGT	1
ACGCACTTACATCACAACAT	1
GACTTCTCGATTAGCGATAT	1
AGGCATTTCTATTTAGCCAA	1
TGCTGTCCCTTCTTTATAAG	1
CTTACCGTGTAGTTAATAAG	1
GCGCTCTTTCCCTGTGTTTG	1
CAACTCACGTACTTGATAAT	1
ACCTAAGTATATGAAAGAAA	1
TATGAGGAATTCAGGATCAT	1
AGAAATACCCTATAACTCCG	1
TCCCCGTACACAAAATAGCG	1
CAACTAATATACCGCGAAGG	1
AAATCCGCAAACCAACCTTG	1
AAACAGAAGGCACATTATTC	1
GCAATAACGATTTTACCGAC	1
GGCGTCAATGTTATTACGGG	1
ATTTAGAGTTTAGGGGATTA	1
GTGTCACAGCACTGGAGATA	1
AATCGGAACGTTAATTGCCT	1
CGTTAAACTAGAATCTTAAC	1
GTAGACTTATTTAGTCACAA	1
TCCTAGATATGAAAAAGTAC	1
CGAATCGATTGCTACGCTAC	1
ATGTATACAGTTACTACAAA	1
TGTTCACTATAGCATTACAC	1
TAGTGACTGGACGATCACTC	1
AAGGAGAATTAGTTGATTAC	1
GGAACAATACCGAGCAAACA	1
CAGCTCTCGTTCGAGTCGAC	1
AGCTGAATTCAACTGTACCC	1
AAGACAAAAATACCGGGCAT	1
ACCACCCTCGCCCCGCGCCA	1
TAAGTTGCAACAGGAACGGA	1
ATACTATACGCACACGGTAG	1
AGAAAAACAGGTCTAGTGAA	1
GAAGGCAAATAGACAAGTGC	1
AAGCAAGGAGAGCCCTCCAT	1
ATGATCATAAGATCTGGGGC	1
ACTCGCCACGGATGCAGCTG	1
CACATACACGTACCTAAATA	1
GAGAAAACAAAATGTAAGGT	1
GTTCTCAAAGCGTACCCGTC	1
ACGTAAGACCTGACACACAG	1
AGCACCTCACAGAGACATGG	1
ATCCACACCTTCGCCAATAT	1
GATCTTCGACTCAGCCCTCG	1
AGCCGCCTCCAGGCAAGATG	1
CGCCCTTTCTACTTGATATG	1
ATCTTACCCTAACAAGGAAA	1
AACCTATGTGACACCACACT	1
ACCCGCGCCACCATTTTGAC	1
TTAATCTGAATCAATGTACG	1
TCACTGCTAATGTACGCGAA	1
GTTCTTGCCTATATAAGGTA	1
ACCATGCTCCAATACCCAAA	1
AACGGCCTCTCCCTCGCACC	1
TTGGACATCTAAAGGTATAC	1
ACTTCAGTAAGCATTTCTGT	1
AACCTACCCGTATCTTTTGC	1
CCCTGTATGCGTGAATTGGA	1
CGACCCCTAGATAGCCACAC	1
TTATAGTTGTGTCTGCTTGC	1
ACGTAAGCGCGTTAGCCTGG	1
AACATAACATCCGCATTTCC	1
ATTGGCTGAGAGGTTCTTGC	1
GGGAAAGTGTGGAAAATCAA	1
TTAAATCGTCGTGACAGGTT	1
ATATTAGCAGTAAGAACCAA	1
CTGGACGCGAACGTGGCTTA	1
CGATTTATTCCCACCGCACA	1
TCCCAATCCACCCCCGCCAC	1
TGACTAATTAATGTGAACGT	1
GACGATGAACACCTTAACGC	1
GAGAACATCACTCATTAGGA	1
GTCACGAACTTGGTAATTCA	1
GATCATTCCACATAAAATCA	1
GCCAGGCAAGGGTTATCAAA	1
CGATTGCTATAAACTTCTCT	1
ATTACCCGTATAGTAATTAC	1
AATCGTGAGATCTATAGATC	1
ACCGATTCCCGAAGATAAAG	1
ATACCGGTGGAGTCCGCTGA	1
GCCATACCCCCTCACGCCCG	1
TATTACGTTACCAGGGACAC	1
ATCCCTTTCGCCCTGCACGA	1
TCTTTTTCAATCACTGCGTT	1
ATATCAGCTCAGGGCTTTTT	1
CCAAACTTGTTAGCTAGTAC	1
GATACTAGAATTACCAGCGT	1
GGCTTCCGTTGACAGTTAGC	1
GCTCGATGCTGTCGCCGCCG	1
TTACCCACAACTCAGGGGCG	1
ACACCAATTGTTGTTTAGCT	1
GATACTATCTTAAACCTATA	1
CACTGCTGAAACCTCCACAA	1
GTATACCAAAGTAATGCCTC	1
CTACAAATTGCACTATCAGA	1
ATCTACTGTCTACCCGCGCT	1
ACGACCTTGGACTAGAGACA	1
AGTTGTGTTTTCTATTGTCC	1
TTGCGCATTCTAAAATCCGA	1
TGTCGATAGGATCAAGGGGC	1
TACTACTGCCGAATCATAAC	1
TTATTTATGAGCAGTAGTGA	1
TAGCGTAGTACATAAAATAA	1
TTTAAGGTGAAGTGTAATAG	1
CAACGAATCACCGATTCCCT	1
CGTTTGCATCCTTCGTTCCG	1
CCGTTACGCTGCTGGGCTAT	1
ATACGGGGGGTGATCCACGG	1
GTCCACTTTACGAATAGAAT	1
CGGCACTATACTAGCGCAGT	1
ATGCCGAATCCTCTTACCAC	1
AGACTAACTGGAAACCGCAA	1
ACTCATGACATACTATTTAG	1
TCTACTTCGCCCCACTGAAT	1
GCGGACTAAAGCGCACTCTT	1
TACAACCTGTCTTAAATTGT	1
GCGATCCTGCGCGCCTATAT	1
ATCCCGTGTCAACCTCCCTT	1
ACAGCAGTTCGACCACCCCA	1
GTCGTTACGGTAAGATTCGG	1
AAAATACCGAAAATCACACA	1
AACAAACCCGTATAGTACGC	1
TGGGGTACCGTAGGGAAATA	1
GCTACTATAAGACTAGTCTG	1
ACCACACGATCCCATTGTGA	1
TGTGGGCGTCAGAACTTTAC	1
AGGTACCGCCAATTGCGTAG	1
TCCTAACATGCCTGTACAGA	1
CTAAAAATCGCCTCTTGTCA	1
GGCTTTAATCGATATGATGC	1
AAATGCAGATAAGCCATCTC	1
GAAGCCACGCTAGCTCCCTC	1
ACACTGCACCGTCCCACCGT	1
TAATAAAGAAGGTTGATAGC	1
CGAAATGCTCAAACCACGCC	1
TAGGCAAAAACGAACAAAGT	1
AACTGTTACGGTATTACTAA	1
CGGCTCAAGAGTGTTCCATT	1
AGGTTCCTCTCGACTGTGAC	1
ACGGACTCTTCAACCAGCCG	1
GCGAAATATCAAACTTCTCT	1
GACAGTGTTCACGTAAAAAT	1
AGCCCTGCACAGCCATAAAC	1
GATGAAGTTTTAGGAGGATC	1
CAAAAGAACGGGACCTACGA	1
CGCTGCTTATGAAGGTGAAT	1
TGGGCACACCATGGTTACCG	1
GCCCATCCCTCCACTACGTC	1
GAAGGATGCGTATAAGCTTT	1
CTAACGTCACCTGCACGTAC	1
ACCAGTAAATCTGATAACAA	1
TTACGACGAAGACGGATTGC	1
GCACGGAACTTCAATTAGCA	1
GAAATAACCTCGTTAGACCC	1
CAACGGAATTAACAATACTC	1
ATCTTCCCATTTCACCCAAT	1
AGAATGCACATCTCCCGTTC	1
ACAAGGGCAATCGTGTCAAT	1
CTCCCTCTCTCCATCAAGGA	1
ACTGTAAATACCTCCTATTG	1
AAACGGAATGAGGTACGGCG	1
TCTCACACCCCACTACTATC	1
TTATTTGCTCCACTCCATCG	1
CGCGATCCCCTATATTGTTG	1
CCTATGAGCATTGGGGGCAC	1
ATCCAAGAATAACGCTACTC	1
AAAGCTTTTTTGATGTAAGA	1
AAGGAAGGCACCTATGGTTG	1
ATCGCTCTAGCTCCAATTAA	1
AGCTGGAGACCGCAGGGGGT	1
ACATTGGCTTCCCACTACAT	1
ACACTTACACTTTCATGCGT	1
CACTGAAGTAGGACCCAATT	1
TGAACCGAAACGCGGAAAAC	1
CGGCATGTTTCATGACTAAA	1
ACGCAAATGATACAAATAGC	1
CGCACTATTCGTTTGGTATG	1
CCCGAGTCCACCAGACACAC	1
AGTCACAATGCCAAAGTTTC	1
GATTTGTATCGCACTAAATC	1
AATGGTCTGGCTCAGCCCCA	1
AGCACATGGCGCGGCCAACG	1
CACAATTGGTAGGCAAGAGA	1
GGCAGACCACAGGTGAGTAG	1
GTCAATACAGATTTTTCGCC	1
TGATGACCGCCTGCTACAAG	1
AGTACACGACCATTCGATAC	1
CGCACGTAGACCGCATTACC	1
CTTTAGCTACACAATGTCCA	1
GCGAGTCTTAATTTCCCCAA	1
GCGCATACCCGAACCGAACA	1
ATAGAGACCTAATACCCAGT	1
TTTTCTACCAGCGAGATATT	1
CGATCCCCCCCTAACCCTCC	1
GAGGGCAATGCGACATCCAT	1
GGCATTCTCTTGGTCTTTTA	1
CAAGTATCTTGACTATGCGA	1
GAGTACTTATTGGTACAACC	1
CACAACCCACGCGCAATCCC	1
TTATTTCCAATGTATGATAA	1
AGCTCACTGTCACATGGAAC	1
GGCTCGAGGGCCAAACCTAC	1
TTTTGAGCCCAGCTGAATCT	1
CTATTACAAACGTAGACATT	1
TCTGATGAGGATCCCTATAC	1
TAATATTAAAGCAAGATGCA	1
TTCTTACTTATCAACCACAC	1
ATGTTGCCCGCGTACACATC	1
GAATCTTGAACACGCAGGTG	1
TTTAAATAAATGTGCTACCC	1
AGCACCCGAACTGCGAAGCA	1
ACAACTTCTTGCGGTGACAA	1
CTCTGATACGTAACGCTTCT	1
ACAGATCAAACGTATATGAT	1
TTCCAACCACACCTGACTGA	1
ACACATTACAACAGGTTCCC	1
GTCAAGGGTCGATAGCTCGG	1
CAGATACATCCAGAGTTGCG	1
ATCTATGTACTTGACTTTGA	1
GGCTCACTGATGTGCATCAG	1
TCCCCAACGACCCATTACTG	1
TACAGCATTTAAAGCAGCTA	1
TACACTTTGCAGCGCAAACT	1
AGCCCAGCCCCTAACTAAGT	1
AGGGTGCACGGGTTGGCTTC	1
AAATAGGGTGTTCAGTTTTG	1
GGTTATTGGTCAAGGTAACT	1
GATCCGTTGGTTCACATATA	1
CAATCAAAGAGCCAGGCTAC	1
ACCAACTTATTCAAATCCTA	1
ACATTTTTCTGTCCCCCGCC	1
ATATAGCTGCACACCTCCTT	1
GTTACCTACCACGTAGTAAG	1
TTCTTGTTCAATTACTGCAC	1
TCAATATTCGAGATTGCCCT	1
ATCTCATATTCTTCCGATGC	1
GCTAAATCTCCGCGCTTTCC	1
GCAGTTACCGTTATTGTGAC	1
CCGCACCGCAGCCTATTTCT	1
TGGGTATCTTCGTATGACCA	1
CACTACCTTAAATGTGCGTT	1
TATATGCACGTTATTCTGGA	1
CCACATCAACTACGCCTATC	1
ATTGCATCAACCCGATATCT	1
GCGGTAGCACCTAATGTGGT	1
CCCCGGAGCGAAAATTTCTG	1
CCAAATGTGCAAGCAGCCGG	1
AAACCCTCGAGAGTTGGAAT	1
TCTTGGCCCGACATGACGAT	1
CTACCACGTCCATGCCGTCA	1
AAAAAAAGAGAAGCATCTGT	1
ACCATTAGCTCAGTGTCTGT	1
GGTCAGTGCCTAAAGAGCGG	1
AATTGCTGTAGGGAGTACGG	1
CTGATATCACTACGCAACCC	1
CGGGCGTATAAGGGTTACCA	1
CAACGAAACGATGACACACG	1
GACATACCTAATCATGACAC	1
GGATACATACGGCTTCTGCA	1
GCAAGGGCGTCACCGACCGC	1
CACCCAAGTAGTCCAAGTCA	1
GATAAAACACCAATCTCTAC	1
TTTGTGTAGTACACTGTAAA	1
TATCATTCAAGCTACCCGAT	1
CTCTTGTTTTGATGATATTT	1
TGTAACTACAACTCCCACAG	1
CCACCTACATCATCAAAGTC	1
TCCTGTCTGTATGAGTCTAC	1
GTTGCAATTATTCCGCTCTG	1
TCCCATCCCCCCTACCCTCA	1
AAGTGATCTAGATCAAGAGC	1
CTCCGTAGACGCGTGCTAGA	1
GATCGGACAAGAACGAGAGC	1
AACTCATGCAAAAGCCGTTT	1
ACTTGTGTAAACGGCATCAC	1
CGGCTTAATTGCCTTTAAAA	1
GACGGACACGCGCTCCCGCA	1
GAGTTGAGCCATATTATTAG	1
CGAAAATGCACCGGGACGAA	1
CACATGTACACCCCCAGCAC	1
TGACACTCTTTGGTTATAAA	1
ATCCTCACTTATAATATCCC	1
GCAAACTCCCCTGCAAGAAA	1
AGCACAATGGGAAACGATTC	1
AACTAAACTTTGCAAACAGG	1
CCACCGTGATGCACCATAAG	1
AGCACTCTTCCTCGCAGTAC	1
TCACATCTGCAGCACTCCCA	1
TAAAGCAATCATCCTCTAGT	1
GCGCGAAAGGACCTTTCCAT	1
GCTACCCCTAGCACTCGTCG	1
TCCACATAGAGAATACAGGC	1
TCGTTTTTTGCTCTTAACCA	1
GATCCACGATTGGTTGGTGC	1
TCACATCACGGGACTTTTAC	1
CCCGCCTGGAGCGCGTACCC	1
ATATTGGATCACATATAAAT	1
GGAGTACCGGTACAAAGATT	1
CGATACTAATTACGCCAACA	1
CCCGTTAATCCCAACTCTTT	1
AGTAATAAGACGATGATATA	1
AATCTTACTTTCACTTCTTC	1
TCTGCTCTCTAGGCCGTTTC	1
TTCTTATATAGACCTATTAT	1
TGAGAACATGTGTCTACATT	1
GGAGTCAAGCTGTCAAATAG	1
AAAAGATTCCTATATTTCCA	1
AAGTTCTTCTTATGAGAGAA	1
GATATGCAACGATTTCACGG	1
GATATGAAAATAACTGACCC	1
AATGATAGAACAGAAGGACA	1
ACAGTACCCAACCGCTGGCC	1
CGTATTGTGGAATTTCAGGT	1
TGAGCATGTTTAACAGGATA	1
TACTCGACGTGACATCTCCT	1
AGCCCCAACTTTGAAAAGCC	1
TAACAGTCATATTCTACAGC	1
GCAAGTGACAGGATAGATTT	1
TTAATCCGCGCGTAGTAAGG	1
TCGCGCCTCTCCTCACTCTA	1
GAAATCCCTAGCGATTAATC	1
CTCCCGATCAAATTAGTACT	1
TATTCCACCAGCTGTAAAGC	1
ATATTTTCTGAAACACCCTG	1
ATTGACCTTTCCAGATAGAC	1
ATACATATAGGAAGCTCTGG	1
ACCTCGAGCACCCACACGAA	1
TAAATACGTTAACCAAGCAC	1
AGAGATGAAAAACGTAATTT	1
TAGCGTCCTGACGCAGCTGC	1
TTGTATTCGGTCCAGAACAG	1
TCCCGCGGAACCATATTTTT	1
GGCACTACTTGCCCGCAACT	1
TACATACTTGGTTTTAGGAG	1
CCCAACATAACGAGGACTGA	1
AGAGTACCGACAGTGGCGAT	1
TGAAATGAAATGCCTATAGA	1
TTATTTCCCGTAGCTTAAAC	1
AATATAAAGAGGAGGAAAAG	1
GGTGATTCCCCAAGGTAGAC	1
CCATAGTAGCAAGCTAATCG	1
ACTCAATACAGGTCCTCTCA	1
ATACACCAAGCCCCTTGGCC	1
TCAGTTTACGACTTAGAACT	1
CACATATGGATACTTTACCC	1
ATTGCCGCACATTACACAAA	1
CCCTCCTCTTGAACACCTCT	1
GCCCGCCTAGTTTCCCGATT	1
CGCCTCCCCCGAATTAATTC	1
TTACACCATGTTCCTAAATT	1
AGCGATTCCACACTTTATCT	1
ATATATGGTAATGATTTTGT	1
TACTAATTCACACCTTCAAC	1
GCATGTCCCACCCGATGCCG	1
TATCGCAAATAATGCACCGT	1
CCCTCATGAAACAAGCCACA	1
ATCGAGATGTCCTATAGCTA	1
GAGAACTGGGGCTCGACACT	1
CCCTTATCGCGCCAAGTGTG	1
GACAGCTGGTTTGTAAAGAC	1
AAAATTACGAAAACCTCTAT	1
ATAACGTATCCACCTCAGAG	1
ACAGTACGAGCACTACGACA	1
ACAGATACACATAGCGACCA	1
TATTAAATGCTAGCGGGACA	1
TCGGTCGATGCTAATAACTA	1
TGCCTTACTGTCTTCGGAAG	1
CTCAGGTAGCTTACGTTGTT	1
TTATGTGGGAGCTCCTGACT	1
AGAGCCTTAACCTTTACGGG	1
CCGCGCACCGTACAGATGTA	1
CAATCAAAAAACACTTTACT	1
GCACCCTTGCACACAAGAAG	1
AAGTGAGATACTAATCATTA	1
TGACTAGTTTTTATGATTTA	1
GTAGGAATGTCAACTACTAA	1
AATGAAACCATGCTTTAAAT	1
TCAGAGTAAGTTTGCCGCAC	1
AGTGTCAGGCAATCGAATTC	1
CCTCTGATCAAAGATGTACA	1
TAAAGTTTGATTTCTTACAG	1
TACACTGTACTATGCAACCC	1
TGCTAACACCTCACGTTTTA	1
TACACGATAACGTGGTGGAT	1
AGACAGTAAATGTTCCTTAA	1
TGGGCAAAAGTAGGCTAGCC	1
AGACGATCAATGTCCCAAAC	1
AAGGCTTACTTTTCTATATT	1
CTAATGGTTAATGTAGGACC	1
AGAGAGATTGTGGCAACACC	1
ACCCGTGAGGGATAAAAGAT	1
GTGACGAGAAAAAGAAACAG	1
CAAAGACATTAAAAAGCTTC	1
ATGACATTAAAAAAAACTAA	1
ACAATATCCCTATAATCAAT	1
TAACTGTGTCATATAACTGA	1
CAATACAGCATGTGATTTAT	1
GCATCCAATAAAGAGGGGGC	1
CGGGGATCCGAATCACCGGT	1
TCAGAACATCGCCAAGAACA	1
TAACCCAAGTAGCTTCCCCA	1
TCTCCAAGCGATGTATCTAA	1
GAAATGTCCACGTGATCCAC	1
AGGCAAGCCATGGTGTTTCC	1
GGACTTTAGAATTATGCATC	1
AGCGATTATTCCCGACCCGA	1
ATAACAATTTTATGCACGAC	1
ACCTGTTGCTCGTTGAATAT	1
CAGTAACATTCTTCCCCCAC	1
TCCTGTAGACCCTGAACTTA	1
GAGAGCAAGTGTCCTTCATA	1
CATAATGAAAGGGAGGCAGA	1
CATAATGTATACTCCAGCGG	1
TACCATCTACGAACGACACC	1
TTACGCTCCCCGCACAATGA	1
GCTTCTCGCCCTAGAGAACG	1
CGAAACGAATTGCACACCGC	1
TTGAGGAAGAGTGACCAAGA	1
TACAATTAACCATATGCGCC	1
GGAGTACCCTCGTCGCCAGC	1
ACAACCGGCCAAACCAATAG	1
ATTCCGACTATACCCAGCCG	1
TCACTACGCGCGAGAGAAAC	1
ACGTGAGCTGTAGCTTAAAT	1
CAGCAAAACAACTGTATGCA	1
TTATAGGTACAGAGTAGCTT	1
CGGCATAAAGGCCTTCCCAA	1
ACGCTCGGGCACATGAGACA	1
TCGAGTTATACCTTCCAACG	1
AGTATACGGCAACGCCAATA	1
ATGACCTTACGACCAACTCT	1
GGACGCAATCCTTTACGCGA	1
AAACTATAATGGGGTTCAGC	1
CCGTTGCCGCGCGAAAATCA	1
TTGCTATGTATGACTCCCCT	1
ACTAACCGAATCTAGTTTGA	1
GACCAGTGCTCGCGAAATTA	1
AATGATGCGGGAATAAATCG	1
CACACACAAATTTCATATGC	1
GTGACTCAGTATAACGGCTA	1
AATTAGTTCTCACGCTTAAC	1
GTATTTTCCGCGTGAAAAAT	1
AAATCACACGGCTACCTCGA	1
TCTACAGGAACAATACTGAA	1
AACCCCATAGTACTATAAAC	1
TAAGTCTATGAAAAAATCTA	1
AACCCATCCTTCTAGCCACC	1
ACCCTTAACATTGCCGTATC	1
CGGTATGATAACTACCAGAA	1
ACAGCACGGACCACAACCCT	1
CACCGCCAGTGTCCAACGAT	1
GTGATCCACCACGACGACTC	1
CCGCTCGGTACCACACTGTA	1
GAATATGGTGGTAGTGACGG	1
AACATTCCGTCCTTGACATA	1
AATAGTCCTAACATTAATAT	1
TTTAAGACAATGCACCTATT	1
CGAGAATAGATCTCGTGGAG	1
ATACACGGTAACAGACCAAA	1
CCTGCCGACTCACGGAGTCA	1
GATCATGCACAAATCCCTAC	1
AGGATACATTCAAAGACGCA	1
ACATTGCTAAGGACTCACTG	1
AAATATGGACACCGAACCGG	1
ATTAAATCCCAGTACTAATG	1
CACAAAGAAACTCCGGTAGG	1
AGGTACGCATACTTTCCCTA	1
GAACGCAACGACGATTAGAA	1
CTAAAGAGAATAGCGAACTG	1
ACGCAAATGTGTCCCGCTAC	1
CGGTACGTTATGCATGACCA	1
ACCGTGTTCCCGAAGCTTCC	1
CCCATCGTGCATGCACGTAA	1
TGAGGGAAGGGGACCTTGTG	1
GACGCCCTGAATCAAATCCA	1
TACCGAAGCAACCCGTCAAG	1
ACATTACTAAAAACGATAAG	1
CGCGCGTTAATTGCTACCCC	1
CGATCTCATTCATTCAAGCG	1
ATAAGTGTACTGGCTTAGTT	1
TATAGCAAGTGAAAAATTCA	1
CGCTCGACACACTCTTGCTC	1
TCCCTACGTAGCCTACCGCA	1
TCGTTGCCATATTCTCTTCC	1
GAGCTTCCCCCACAAATACC	1
CATACAAAGCGACCACTCTC	1
GAGTAAAGCCCATCAACACC	1
TGGCTGAACAAACAATGAAT	1
TGCATCCCCACTACCCGTCA	1
CTAGCGCGTTTAGAGAAAGC	1
TCCCGCTCCATCCATCCCCA	1
GCGACCATGTTATAGCCGGT	1
CACTAGCCCGCCTGCTCCCA	1
TCAGCATCCCGCCTACCGCC	1
TCAATTTAGCACCGTGTGGA	1
TTTTACCCCACCCCACTTCC	1
CGGGAACATATGAGATTAAA	1
TTTTATATTGCAAATACGTC	1
CGCCGCCCCCAGGTAACAAA	1
CAACAGCCACTTGACCGACG	1
GCATGGTGCCAGTGGCATTC	1
CTGTTTTTGAGCCCAATACC	1
TCCCATGTCCCTTTAACAAT	1
TCCAATAAATACCTAAGATC	1
CGAAGGGGTTCTAGCTCATA	1
GACGATTTTTGTCCTTTAAT	1
ACAACGGAGGGAAACTACAC	1
ATTGAGTAGCTAAGCTCCAT	1
TTTTAGAGCCTAGCCACAGT	1
TGGAATTTTTGGTTCTTACG	1
TCGTTACAGTGGGGCGTACA	1
TATATAGAGAGCGGCCTAAC	1
CAACGCGTACCCGTATTGAA	1
GGCTGCTCTAGTTAAAGGGT	1
GGGGTCCTAGCCATTTCCAA	1
AATAGGCCAGGGCTAGTCCC	1
CACTTTCCCGGTTCTCAAAA	1
GCCTTCTGCTGAATACCCTA	1
CACTCGACCATCAAACTCTC	1
TCTTGTCTCATCGCTAAACT	1
CACTATGGCTCTAGCTTACG	1
AGTATGTGCCACAGACGGCA	1
GTAGTATTACCCTCGTGCGT	1
GAACACCAATTTTAGTCCCT	1
AAGCTCAAACAATGAAGTGT	1
ACGTTATTATTAAATCCTCA	1
TAGCGCGATACTCTGCCTGG	1
AGTAACCATACTGATGCCGC	1
ACTTGCAAAAGAGACGCATC	1
TAGCAGCTTACTATTACCGT	1
TGGTAATAATTAAAGTAAAA	1
TACGGCCTAGACCTATCAAG	1
GCTAGGCCACCCCGTACGGT	1
ACCTGTGTCGATGCCTATAC	1
ATTCTATAGCATACGTGCAA	1
GCCCCTGTACACGGTTGAAT	1
CGAGGCGAAAACACAACACA	1
CACCCAAACCACACCTGCAC	1
CCAGCTCCCGGACCAAGTCC	1
GCAATTCGGAACACTGTTGT	1
AATTACAGCACCCGCAGCAC	1
GGACGCCGGATCGTGTCGTT	1
ACCAAAGTGAAACTCAAATT	1
CACAATCCACAGGTACACTG	1
GTGTGTATCCACATAAGCGT	1
CTACCGCATCTAAGTACTGT	1
ATTACCGCTGGGAATGACGT	1
CGCCGACATAATGAAAGTAG	1
GAAACCCTGAATTTGCTACG	1
CAGCAGTAGCTATAAAGGCC	1
AGCAACAGACGCCCTCTCCA	1
AACTTAGGTAAAACGGGAAT	1
TCCTTTGCTTTACGTTATAA	1
ACTATGCTATATTTCAGCGC	1
GGGTTCAACGGTTTTTAACG	1
AAGTCATCACCTGCTTTTGC	1
AAAACAAATCGTGCCTAAGA	1
ATCTAATTCTGTCGCATGAC	1
CATACCTAGATCTACAGAGA	1
AGACAGGTCCCAGGTGCAAA	1
TTTTATGACATACACCGAAA	1
ACTTTGCCTCTTATTTCGTA	1
AGCTTGATGACATACTACGC	1
CCGAGGACCACAGTAAGTCT	1
CTCTATACGCAACCGTACTA	1
GATTGACTTTATTCCTGACT	1
TGGTCTCGCCGACAACTGAA	1
AAAAACTAAATGAAATCAAG	1
CCGTCCCTGCAATCTTAATT	1
GAAATGGGAGTCCTTTTCAT	1
GAATATTTTGCAATTGCTTG	1
CAAGTGCGCACTTTATCCCC	1
TGAGCAATTTCCCATTAAGA	1
TCACACGCAAATCCCCCGCC	1
GCACACCGAGTCGCTCGCGC	1
ACGGGGGGTCCCGGTTTATA	1
CGTATGAGATAAACAAACCT	1
TTCTAAACTCTAGAGTCTTT	1
CGACGTTCGTCACCTCGGTA	1
GAAAAGACCACTAGGCGTTT	1
GTGGTGCGTAGACAATTTCT	1
CAGCACCACAGGCATTAAGT	1
GTAAATCGCATGAAGTGTTC	1
ACGCAACCTTTCCGTTGCAC	1
AGCACGGCTCAAACAATAAA	1
TCGTACTCCCTCGCTACACC	1
TCTACCATTTAACTCACTTA	1
CATCCTAAATACCACACTTT	1
GAAGAGGAAGGGGATACCTA	1
TGTATCTTTAAAAAATATTG	1
TTCACTGCACGTCTCACGTT	1
CCATATATATCCCACTTAAT	1
CAGCCACGAAGGAACCACCA	1
CAGAAAAACAAAGAAAATGC	1
AGTTGAACAACCTACAAACC	1
CCTTCAATTAATAGAGAATG	1
GCTGCCCATGGTGATGAAAG	1
AACGCGCTCATCCCGCTGAC	1
GGCAACGAATCCTATGTTGG	1
AATCGCATTAAGAACACATC	1
TAACACACAAACAGCTGCGA	1
TAGCGACTCATCTCAGAAGG	1
GACTACCGCGGAACTAGATG	1
TTGGGGTCAGGGGAGAAATA	1
GAAATTGCATTAACACGGGG	1
ATTGATAAGTAATCGAGCAC	1
ATTGTCGACATGTAGTGTGA	1
GATATCTCTTTGCTGCTTCT	1
TGTCAAAATTACCCCCGACG	1
GTAGAGTACCACCCGCTATA	1
CGAAGTGGTGAACCTCGTAT	1
CTTTAGTACCCATCTTATTC	1
CAATGCTTCATCGACTCACC	1
AACAAAGAGACAGCCTTGCT	1
CTCGTCCTATTCAAACCGCG	1
ACGATCCGCTCCATCCTGGC	1
CGAAACCTACTGAAAAAGAT	1
TGAAGATGAGGGAACCTTCC	1
ATTCTGCAATAAATTGCACA	1
AGTCCTTTAGAAGCTAATTG	1
AAAGCAAAATCCAAATTTTA	1
GAACTAATCCAGCCGCCATT	1
TGTCCTAGCGCGTTGGGCAA	1
CGAGACAGACGCTACCATAT	1
GGAGCAATAAATTTGCCCAA	1
AATAAATACGCCAACAACCC	1
TACGGACCTAACAACCCCTA	1
GCCGTCGGGCATCTGCCCTC	1
TTGAGGTGTAGCTTTCCTTG	1
AGGTGCAATCTCTGCGTTCC	1
GTTAAATTCTTCCCCTATCG	1
CCCACGCAACCACACCCTTT	1
TACCGTCCCAACCCGAAGAA	1
CCCCGAACGTAGCGAATATT	1
ATACGTCCGGCATCAGTGCT	1
TATTTTTGGGGGAGTCAACG	1
AATACATATAGGCAGAACTA	1
TCAAATCAACCTAAACCGAC	1
TATATGATATCGCACAGGCA	1
TGAAATATCCTTTAGACCGG	1
CTGATACCCCAATGTCCCCT	1
CTTACAAATACGCAAGACCC	1
TCCACAACAGCATTAAGAAC	1
CGGCACCAAGGCAGGTTTTC	1
CTTAGAATAAGTAAAGCACA	1
ACGGAAGCCCTTGATTCTCT	1
ACCAGTCAATACACTAACGC	1
GCTCAAGGATCTTATTTACA	1
AGTGGCGAGTGATACGTGTC	1
ACGCAACCTAGAGAAACATC	1
AGAGCCTCAGTCGCGACTAC	1
GTTCGATTTGTACTTACAAC	1
ATTAATTGTGTCTGCCGTAC	1
TTTTACCGGATATATAGAGC	1
CGGAAATATCAACTTCACTG	1
GCCCACGACCGACATGTGGC	1
AGTAAAATGACGTCAGCGTA	1
TCATGTCTGCATACTTATAG	1
ACTGCTTGAGACAAACAGCA	1
TATGTCGAGGTTTAGTCGTA	1
TTACAGATAAAAACATGCCT	1
ATCAACTCTTTTGGCGCAAC	1
TCGGATATTGCTGCGACCCC	1
CGATAAAGATAATCTCCCGG	1
ACACAAAACGTCCTGAAAAA	1
ATGTGACAGAAGCAGTAAAA	1
AGCATGATCGTGTGGCCTGA	1
CACAGAAGAGGAGTCGCACA	1
CAACAAATAGCCCAAATTTT	1
TCCAGTCCTACTCCCAGTTG	1
ATCCCCGTCATTACAACGGT	1
ACACCAATTGAATGGTTGCA	1
TTTAACTCAAGAAACGTTAT	1
AAATCGTGCCATTTCATTGG	1
AAGTCGAGTACGAAGGGATT	1
AGGGATTACGCCCTTAAACC	1
TTTAAATCCCATTCCATTTT	1
GAATAACCAGGTCTAAACTT	1
TACTAATACCAATTTGAGAA	1
CAACATACTGCCTCCCCGGC	1
ACCTTGAGTGCGGAGTTCAA	1
ACCAAACTCCCATCCCCACA	1
TTAGCGGTCTTTTAATACCT	1
TCACATGTTGGATGCATCAG	1
TATACATTCGTGCATTGCCA	1
GATAGAAGAGATCCTTTCAT	1
ACCATTGGGTACGACGCGTG	1
CCCATATCCTGCTCACATAC	1
GAATTGGGACTATGCGGCTA	1
CAAAAACACTTCAGACGTCG	1
CACCACCACCCTAGCGCCAG	1
TGAGTGCTCCATGTGTGATT	1
ACTCATGCGACTATACAAAA	1
TATCGAAGATCAGAAACCTC	1
CATATGGCCGTCACCACAGT	1
GAAAATACTGTCGTAAAAAC	1
ACCAAAAAAGTTCAATATAT	1
AAACGCCTGCCAATATATCA	1
ATCCGTTTTCCCCCCATCCA	1
GGGCAGTTAGCGCGAATATG	1
GCCACGCAATGTCACCGTGA	1
CGACACGCTCATTCCATGGA	1
TCACACGCGAACTAGCCGTC	1
TAGCGGCCTAAATCACTCAA	1
TCAATATATTGCTATGACTA	1
TCGGTCGTAGGTCCCTGGGC	1
AGCAATATAACCACCAACCC	1
GGTGCGCATGCGCGATGCTG	1
CACTCATGCCGTTTTTCTCC	1
GGCTCCAACCCTGGTGCACA	1
GCAAAGCCCCCACATCTACA	1
GTGACTCTATCCGCCTTTTA	1
ACCCCTTCCGCCCAACTACC	1
GCATGCGCGCAAGTAGAATC	1
ACACTGTCCAACCGATCCCT	1
TCAAAGAATAAAATAACTCT	1
AACAATCTAGATACCATCTC	1
TTAAGAACAGAGGTAAGGAG	1
CATGCCAAATGCAATCCCGT	1
AGTTGCCGAAGATGATCATG	1
CCTTCCTTAACCCTTATCTA	1
GTCCTGCGTTTTAGCTGGGC	1
TTTTTATTCTTATATTGCAA	1
CGCTCCGTTCATGTGTCCGC	1
ATAATTCTCCTCGGCGTGTT	1
TAAGTAAACCGTTTTCTTGG	1
CTACGGGACCACTAGCACCC	1
CCCCACCTCCCTCGGCACAG	1
AAAGGTTCCTTCCGTAACCT	1
TAATCACCGACACAAAATAA	1
TTGGATCGACCCTCGCATTA	1
TTAGCCATCGTCGCGGATGT	1
AAACTAACCAGCTGTGTGCA	1
GGAGTAATAAATGTACTTCG	1
GATCGCAGCTACTCGTAGTA	1
AAACAGCACGTCGCCGTCCG	1
ACCTGGTACATGCACCGTTG	1
TCTGTAAGACTATCGTTGAC	1
ATGCCTATGTTCTGATAATC	1
CTGACTAGGACGACCTCCGC	1
CCTGGAATTTCAACGACAGA	1
AAGACGAGCAGCCCTCTCAC	1
ATGTCAAAAAAAACTTTGGG	1
GCCGGTGGCGTAGGACAGCT	1
TCCATTCGTACATGCCCACT	1
TATCCAGCGCGGACGTTATT	1
GACCAACTTGATCCCACACG	1
TGCGCTTAAACGGGACATCA	1
GCTTAGGATACAGGATCATC	1
CCTACATTACTAACCTCCAC	1
AACGAACCTACACCTCCACT	1
GCAGCAATAAATGCCTGCTT	1
GGCTACCCACAGGTCCACAC	1
GAGAGAATTCATCTACAGCG	1
AGTCCTCAGCACTTTGTTGA	1
CCATCTCCCCGTGTCATCAA	1
CCGTTTGATCTCCCTTCCCC	1
AAACGATGAATTAATGTGGA	1
AAGGCAATTTCGACCATAAT	1
CCTGACGCTATGACCTACAC	1
ACAAAAGGAAAGTACATCAC	1
TAAGAGGCTTCGGCCGGCTT	1
ACCTATCAGACTTGATCTAA	1
ACCGATACGTCGGACCCACG	1
CTTCTCACTTGCCCCACTTC	1
AGGAATTTACGGTGTAAGAC	1
GTCCGTGGTATTACTCTTAC	1
TATAGCGCAATGCGCTGATT	1
GATCTAGGAACACCCGGATC	1
CACCTAATTTCTCTTACTTT	1
GCATCGACTGCACATCCCTA	1
TTAGCCGTCCTTACACCAGC	1
TTATCAGTAAGCCGACGCAA	1
ATTCGGCCAAATGTTAACCC	1
ACGTATATTTTCACCATAAA	1
ACGATAGTGCCTGACCACTA	1
AAGGATAAAAAGCATATGAC	1
TTGCCGTAAATCAACTCCTC	1
CTACCCCGCCCAAGCCCCCG	1
AGTCTTAAATACGTTTTTTG	1
ATGATTTTCCATTGTTCCTC	1
TACAACAGCCCCACACGCAC	1
GTTGCCTAGCCTAGGGACGG	1
AAATATCCGAATGCACCTAT	1
GATCAAGCAATATTGGAATC	1
TAAAAACGAGGTCCAAATCC	1
TTTCTGTGATGACGTCTCCC	1
GGCGATTGACTCTTAGATAC	1
ACCCCGGCGGTCCGAGCCAC	1
TCAGCCCTTGCCCAAGCAAC	1
AGTTCTGTGTACTCGTGCCA	1
GCCATGATAAAGTCAGTACC	1
ATGATTAAGCCGGTAAGCTT	1
AGAGCCTACCCGCCAGCTGA	1
ACATCAACTCTTATTTAAAA	1
TGAATAAGCCTGCGAATCAA	1
TATTGTTCGAGAGATAAGAT	1
CATCTACTCCCCTGACCGCG	1
GCCCCTCCCGTCACTTCCCA	1
CCTGTTCACCACCATTAACT	1
CGTAAACCAAACTCATAACC	1
AACACGCACCTCTCGCTTTT	1
TATGCATGATACCAATATAG	1
ACTTGAAAGCGAAGGCTGAA	1
AAACTAGAGCTCACACCGCC	1
AAATCAGCCTCGTAGTAAAG	1
CTTTATATGAAAGCAACCTC	1
AACTCCGACGAGTACGCTCC	1
GCGATAATCCATCACCATCA	1
CCTCAATCATGCTTCTCACC	1
ATCTAAACACATGTCAACTT	1
GTACAAAGTGACAAGGCCTG	1
CGTTTAAAGACGATATTGAA	1
CGAAGTGATGGAAGACATGA	1
CCCCAACAGTCCCAACTAAA	1
TATTGAAACGATAATAACAC	1
CCGAAAGGTTGAACGGGCAG	1
TGCGTGCGGCATCTAAGTGT	1
TAAGCGATACCACCAATGCC	1
CACCGACCTAAATGCCCTGG	1
ATCATATGTCTTGCTTGCAC	1
AGGCTCGCTAGATAGAACAA	1
CATTGGCAACAACTTGGCGA	1
AAATGATACTACCCTAAGAA	1
GATGAGAAAAGGTAGTCACA	1
TTCTTAGAACAACCTAATAC	1
AATCAAAGCCTGTAGCCTCA	1
GCAATTAACTTCGCCACGTA	1
TGAGTACCGAACACTCGCGA	1
TAAAATTCGAATTAGGCGAA	1
ACACTACCTTAACGTGCAGA	1
GTCGCGCTCAACACGTCCGC	1
TTCAACATACAGCAAACTCC	1
GGGAGCGACAATTCCCGTAT	1
TCTTCCCCTGGCGGATCCCA	1
CAGGGCTGTGCTTACATCTT	1
TTGAACTTAGGCAAGCAGGT	1
CGTTTTCGCCTATTACGCTC	1
AGTCCCCCTTGGATTATATC	1
GATAGCAGCAACACTCTAAA	1
ATTGCAACAACTCCGTCGTC	1
GAGAAAGCTATCTTCGAAGA	1
TCACCATATTAGCGTGTCAT	1
ATACGATAAAGGAAATTAAT	1
TGATAACACTTAGAATTAAA	1
ACAGACATAGTGCACACTTC	1
TGCGTGATGGATCCATCACC	1
AGCCCGAGACGGCTTCAAGG	1
TAATCGTAGCATGTATAAAT	1
CAGCTGTACGCACCCACAAA	1
TGAGTCCGCTCCAGTAATTA	1
AAACTTCCTTATTCAGAGGG	1
TTATGTTAAGTAGAGAGGCA	1
TTTCCCTTCCTAAACAATCG	1
ATATTTGATTGTATGTTTTT	1
TGGGACAAATCACGCTGTTG	1
GGTTAGGGACGACGGAACGT	1
ATGTCCATGTGTGTACCTCT	1
TATGAGCTGAAATACATGAG	1
CGCTTTGGATCTTTGGATCT	1
AATACCGCACGCTAGTGTTT	1
TATGCGAGTGTGGACTGGCG	1
CGAACTAAGGGGAAAATAAG	1
ATTACTGAAATGACACGCCC	1
GGACAAACGATACTGACCAC	1
AAATACAACGTAAAATGCGT	1
AGCTGACCCCTAGAAAATGA	1
AGTTATGGCTGAACATACCT	1
ACCCACCACTCCCACCACCG	1
GAACACTGGCGTAAAATGAA	1
AGATAGACATCAATCTTTAT	1
AAACCGCATGAAGTGTCGTC	1
AAACGTAATCGCCAGCCATC	1
ATCTAGTCCTGATGGGCGAA	1
ATGTAAAACTTAGAAGCCCA	1
TCTAGGTGTATGTTAGATTA	1
ATCTGTACATCCTCACTTAT	1
ACTCAGCACTTGTACGCTGC	1
ACCGCGCTATTAAATTTGTG	1
CAAGTTTCTTTTGTTAAGCG	1
GACATTACATAACTGGGAAT	1
GCGCCTCGGCGCTACCTACC	1
ACCTAGCACGAGCCAGTTAC	1
TGTAAGGAAGAAAACCCTAC	1
ACCTACCACGTGTCTACACC	1
TCGGTGATCACGATCCAACC	1
CATATTAGAAATTGGACGAT	1
CTAAACTTTCCACGCCACTC	1
TAGAACACCAAAACCCCACC	1
AAACTCACCCTGCCCTATTG	1
AAAAAATTATCCAATGGCTT	1
ATGGACTATTTCTGCACAAA	1
AGAATGTCCGGCATGACTGT	1
CAAAAATCAAGAACTACCTC	1
TCTACCCACCTACCGTCAAC	1
GGCCGGCACGCGAGTGCTTC	1
ATGTGTCTACCGGGGAGGTG	1
TGCACACAATAGAACCCAGG	1
TAAATGTAAAGAACTCACCG	1
AGGCGCCCGCCCTTGCCCAC	1
AGCGGTTTCGATATGCGAAC	1
CCGGTCCCTCTCCATAACAC	1
ACAAGCCCTGTACGCAGGGT	1
TGAGATATTAAAGACTACGA	1
TATTTACCCTGCTTTCTCCA	1
CTTCATTCCGCTTTTTTTTC	1
ACCCTAGCCCTGTGATAACA	1
TAGACTATGATAGAAACCAA	1
CACGTCTCCCTTCCGTATTA	1
TACATGATACATTGCCCCCT	1
AATACGCTGATATTCAACTG	1
GGTGCCGCACGCGTTACATA	1
AACCACCAGATATCTCCGTA	1
CACACCACACCTTGACGGAT	1
AGAAAATACACAAATGGAGT	1
AATCATAGAAAAATTGAATC	1
GAATACTGTAGCTACACGTG	1
AGAATTTAATCATTAATTCT	1
ACGGGTGGTGCCAGTCACTG	1
CACCGACGCAAGCTTACACT	1
TAAAGGTCGTTCCATGGTTT	1
AGACTACTAATTCGGATCCT	1
AATGAGTACAGCTACATTCA	1
CCTAGGACGTCCTTGAAAGT	1
ATAGTACTCACAGTCAACAT	1
ACGCGGCCTTTGTATGAACC	1
AGGGTACTTCATTAAAAGAC	1
TCATTTAGAACCGTTCGCCC	1
TAATGAACCTTAACTCCAGT	1
TAATGCCGCGCACGAAACCT	1
AATAACACCGCCTAAGACCG	1
GCGATCTGCCACCCCACCCA	1
ATGGCCTGCATACGTACGAA	1
ATGGCCAATAGCAACTTACC	1
CACGCTTTTCTACACCGAGC	1
GTTGGGAGTGGAATAAAGAC	1
AGATGCTAAGACTGGTAAAC	1
TCCGAAACGGACGTCAAAAG	1
TACATCTACAGTCCTCCTTA	1
GACATAACCAGACTTGATGA	1
GACATACAAGACACAGGCGC	1
GAGGGATTAACATGCTGGGT	1
CCCCTGGACCGCTCAAAACC	1
GGACCATAATAACCCTACTA	1
CTACACCGATATATGATAGT	1
ATGGCTGGGATAGTGTGCTT	1
CAAATACAAGTACCCCATTA	1
TCCACGCGTGATAGTATAGA	1
AGTCTCATGACGTAACTCTC	1
CTTTAAGTTGCATAGCGAAG	1
GCCCACATGAAACTACCGCG	1
TTGTACAACAGTTAAATCAC	1
CCTACCTAAAACTGTTCCAG	1
AGTAGGTGGAGTTCTCATAG	1
TCTACGTCCACTTACATATC	1
GATACCACTTACCCTCCCAC	1
ACGCACGCAAGTGAAACACA	1
AAACGATTCGAAATGGAGCC	1
ACAGAGGCTTGAAATGTCCA	1
ATCCTCGTCTCCACCTAAGC	1
ACGAAATGTCGCCTGCAGTT	1
GAGAACTCAAAAAGGTCCAG	1
CTTCACTAGCACTCTCTCCA	1
AGCAGCGCCCACGACCTTTC	1
ACTACCCATATGAAAAATGG	1
TCTTAATGACAACAGAATAC	1
ATGGCCCTCGATCCAGCGCC	1
GGCCACAGAACTATTCATTA	1
TGAATAAACCCACCGTAACC	1
ATTACAATCAACCCGCGCGT	1
ACAGCTATAAACTTCTACAC	1
CCAACCGGGAACCCCAATTC	1
AGCAACAACAACTCATGCCC	1
AAGCGAATTAGCCATTCTTG	1
CATGCTGTCTTCACTCGCCG	1
GCCTAGAAATGATACCAAAA	1
AGTTTGAGCGAGGAGACGGT	1
AACCGGATACATGAATACAC	1
GGCACCGAACCGCAACGTAG	1
CACCCCATTTCTGCCATCCC	1
CGACGTAATCGGCGACCCCA	1
CGGGTACGCGACGCCCTTTC	1
ACAAGTAATGATAAAAATCC	1
TCTAGCCGCGACCTTACCTC	1
TTAACGCAAGCATAATCAGA	1
AGCTCACACCTAGTTATACC	1
CTGCATCAAAAAGGCCGTGA	1
ATGCTACCGAGTTAACATAC	1
ATTCTAATTAGATCAAAACG	1
AGATCCAGATTTCCCAACAA	1
TCGCAGCTGGCTAGCCACCA	1
TACGTTACTGATGACAATCA	1
ACCGCTGTCGGAATCGCGCG	1
GACAGCACAACCGCAAATAC	1
TGACACTCTAAAATGGAACT	1
ACGCGAACATTAGTCGGCTA	1
CTCCGTACGACGAACCCTGC	1
CCCAACGCGCATCGTTTTAC	1
CGTGTTGGAACTCCGCTTCG	1
GAGTAGCCAAGTTCATAGGA	1
CTTTAATTCTAACACCACAC	1
CACCGCAACCCAGTCCGAGC	1
CATTCTATCCGGTTTGTATT	1
GTTTAGCCGGAGTACTTCCG	1
CGGCGCGCACTGAAAGAAGT	1
AGACCGTGCAGATAAACATT	1
TGAATACCACCCGAATAATA	1
AGGTTGCTAGGTTTTGTTTA	1
ATGCAATTGCAATGCAACAT	1
CGCTTCTTCTAAACTCCACG	1
ACCAACCCCATCTCCGCCCA	1
ACGAATGTACTAATTTCCCA	1
TCGACGCCCACACAGTATTC	1
ACGACCCATGAACATATACT	1
ACATGTAATAATTCGCTTTT	1
AAGAGAAAACCAAAGTGCGT	1
GTACTGTTCACATCGCTTAA	1
CCTCCACGCGTGACAACACT	1
CCTGCGCTTACAGCCACGCC	1
GCGATTTCCGATACTAGCCT	1
ATGCTGGAAGAGTAAATTGC	1
GTCCCCTCATGTGTGGCAAC	1
CCTTGAAATAACATGTACCT	1
AAAGTCTACAAAACCATCCC	1
GCTTTGCACTCTTGTAGCAA	1
ACGAAACCCACCTCATAGCG	1
AGACATTGATACTGAAATAC	1
GATGCATAATCCATGCACCC	1
AACCCCTACAAAGGAACGTG	1
GATTTTTTTTCAGTGTGCGC	1
TAACGATCTTTGCACAGCTC	1
CCAGCGGTTACATGCTCATC	1
TATCCACTCTTCCACTCTTC	1
AATGATAAAGGGACAAAAGC	1
GCGTAGATATGCAATCTTAA	1
AATTCAGCACATCCGCTGTA	1
GATCAGACTATACAGGACAT	1
AAGATGTTTCTCCCGACTTA	1
GAATTGGTTCAATGGCGTGA	1
TAGTATTCCAACCCACATAC	1
TCCTAACTGACAAATTCCTC	1
GCCCTGCGTCCCAAGCATTC	1
AGATGAACCATGAATTGAAG	1
GTAACCTATTAGAGTGCATT	1
TCCGCCTGTGGTCACCGCCC	1
CTGGTCTGGATTCCCGGTCT	1
ACCGACCTATCATTCCATTC	1
TCAAGATAAATGAAGGCCTC	1
CAAGATCCAAGATGTGGGCA	1
GGTCTTAGGAATGTTATCTC	1
TCGAGGACGACTATTGATGG	1
CACCCCGAACTACCTGTAGG	1
TCTCAATCTAATACCGCACC	1
ACTGAAAGATACTGGCGGAA	1
AATTTATGCCTTAGCATAAG	1
TAAGTAGAACAACCATTAAA	1
AGATTGAAGCGGCAATTTGA	1
CGCAGAAGCACGTATGGAAC	1
TGTACGATAAAAGATACATT	1
AAAGTGACACAACTCCCCAA	1
GCCTAAACAACGTACTAGCG	1
GGTATCCACATAGACGGAAG	1
ACTTGATCAAGAAACGTGTT	1
GAAGATTCGTTACCTGGCCC	1
AAATAGGCACTTCAAAGTGA	1
GATTGGGAGTGAAACCATAG	1
TGCTGAGTGTCCAAAATGCA	1
TTGAAGATTTAGGCTGAGTC	1
GCCTGAGAAATGGGGTAGAG	1
TAAAAGGCTTACATTTTCGG	1
TAATAATGAGCATGCGAATC	1
GAATCCTTCTATGGGACCAT	1
TTCCACCGCACTTAAGACAC	1
TGCCACGATGGAGTTTCGCC	1
CAATTAAAATCTTCCAGACG	1
CTTAGCTACAAGTCCCCTGG	1
ATGGAGTGCTAAATGTTGAA	1
TAACCCACCCTTTAATGTAA	1
CTACCTTGTGTGAAACGCTG	1
AATGTACAGCTTGTATTCTC	1
AGCAGGACTTCTGCGCCCCA	1
TACGTCTTTTATTGTATCGG	1
AATACTACCTTAATGTTGGG	1
ACGTATTCGTTGAAATTATG	1
CGGAATTAAGGTAAAATGAT	1
GTGCTTTAGCTGCAAAGAAC	1
GGATTCTCATACCCTCAGCC	1
TTACGTCATACATATTAAAT	1
TAATTCACAGTGCAAGTCGC	1
ATCAAAAGATCTGACTAATC	1
AGTCAAACCAAGACCATCTC	1
CACGACGACCAAACCATTCC	1
TTGAAAGGTTACCATCTGAC	1
GTAATTAATGGTTGTCAGCC	1
AGGATTTGGGGATGTAAGCA	1
CCACCCGACAGCCGCTTCTT	1
ACATTGCCTTCAATGGTAAT	1
GAGAGAATAATGCGAAAGAA	1
CCGAGTAGGCACCGTACATA	1
AGTGTGCACCCTTAATATAT	1
ACAAAAATGGGGCGACATTA	1
AAAGCCACGCACGCTCAGTC	1
CGACCCGACAAATTAGAGAC	1
CAGCTCTGACCTTCTAATTC	1
CAGTTGATTTGCTTTAATGC	1
ATGAGCTTGATATCGACGAA	1
CCATACTTACTAAATAAGGA	1
GCGCGAACTTGCCAAATTAT	1
TTCTTAATAACCGTACCATG	1
AGAACACACGTATCAATATA	1
TACCCATGAGTTCCCAGCAA	1
TGCTGCACCCGACCATTGAA	1
CCTTCCCTCCTCTATAGCAG	1
TTTCCTGTCGCACCTAGATA	1
ACTCGTGTGAACGCGCTTCT	1
CACAAAGATACCTCAAGTAC	1
AGTCGATGGTAGTAATTTAG	1
GTACACAATCCTTTACAATT	1
AATGCAATCAGGGTAGCTTC	1
GAATTGTGATAGAATTCAGC	1
ATCTGCATTCATATCTGACA	1
TCCCACCCGCAAAGCACACG	1
ACACCGAAAACACCCCCGTC	1
ACAGAGGTGACGAGCAATGA	1
AATGTCTGTCTCACGACTAC	1
GATGTTTTTTTGATGCCATG	1
TACATTACTAGAAACCTAAA	1
AACTATCAACTGCAATACGA	1
ATCACAACACCAAGCAGTAT	1
AACCGACGAACCTGCGACAA	1
ACTCAGATTCGACTCCCACC	1
CCGACGTAAACCCAACGAGG	1
ACGCTAGAACTGGTATTATC	1
AGTTGCCACCGACCCGAACC	1
CAGGACCACGTGATAGGTGC	1
TTCCTTTGCTTTCACATTCC	1
GAAGTTACAGTTAGCTGCCA	1
AATTATCGCGAGAGGAACCC	1
TTTAACGAACATTAGCTACA	1
ATGTAGGAAAAAAAACTTAA	1
ACTATTTGCACCACCATCAT	1
TAGGGATTTAGCAAGAAGGA	1
TCCCATTTGTGTATTTAAAG	1
TTCAGTACATAAGCGGCTAG	1
TCGTGCGCGCCAGACAACCG	1
ATTTTTTACGGGATACTACG	1
AAGAACTCCCTAACCCCCCA	1
CTTGCATATCAAAGCGACAG	1
CTATGTTCAACCCTATCCCA	1
TGCGGGATTCATTTACATAC	1
GTACCTTCTGAGTTACGCAA	1
ACCACTACGATCCAGCAAGA	1
GGCACAAATGGACCGTCTTT	1
CCAGCGCGCATCCCCCCACA	1
GACCACATACATTTATTCAC	1
GCTACTACCTCCCAATCCCC	1
TGACGTAAGAACACCCCGGG	1
ACCATTAAGTAATCACGTTC	1
ATTGGCTCCTATCATTTACA	1
TGTCCAATGTAAACTGTGCC	1
TCCCGCCCGTAATTACCCTA	1
TCATTAGGAACCCATCTATA	1
ACAAGATGAAATTCCCCCCA	1
AGTTGAGCTATAAGAATCAT	1
TTGTTTTAATGATGATCAAT	1
CTCCGCCCCCTCCGCATAAA	1
AACCATTAATGGTTCCGGGA	1
CAACAACAAACTCACAATCC	1
ATGCTACTACCGGCGCGACG	1
AACCAGGCCCACAAGAGTTG	1
CCGCTCCAAGTGTGCTCAAC	1
TGAAGAACAATAGAGAATCT	1
CGTTTTAGCACATACAGTGA	1
AAGCCAGGCGTGCGCACACA	1
TTGTCAATTATATTATGTTT	1
CCTGGCGTATAATCACTACT	1
TCCCTAAAAGGATCATTCCC	1
AAACCATGATACAGTATTAC	1
TCATAACTACCGAGCTACAA	1
ACACTCCAATTATGATAACG	1
GACGTGCCCTAACTCGAGAT	1
TTACTTTCACAACCAGATAT	1
ACACCGCGATTCCACTTATT	1
AACCAAACCACCATGTATCT	1
ACGTTGAGGATCTGACGTAG	1
GTCACCGCTACTATAGGGGA	1
CATGTTAAATACCGCTTACA	1
CCAAAAAACACACTTTTAGT	1
AGGATTTGTAATTATCACTC	1
TTGCCCCTCATTACCGACAC	1
GAGGGAGTTTAGAAGCGTTT	1
ATCTATCATCCTTGCGGGCG	1
TATTATTCCGAATGATGCAT	1
CCGTTATTACCCCGTGAAAA	1
ACCCAACTCTCATCGCAACA	1
GAAGCAATAATTCAGAGAAC	1
TCGGAATATATAAAGCAAGA	1
GCCTTCCCTCTTGGGGTTAA	1
GACTACTCCCACCGCGAAGC	1
TCGCTTGACTTAATGACCAG	1
AATCTATAACTGAAGATGCG	1
GAATTGATATAGACTCATCG	1
GATCCGTTCTGTTGCAATCG	1
ACATAAAAGCTTACTATGAC	1
ATAAACATTCTTTAGTAGCC	1
TATGAGTAGAGATTATCTGT	1
TACGACGGACTGATGAAGTG	1
AGATGGCGGTTATTGGGGTA	1
AATAGCGTGATTCATGCCAG	1
TATTTTACAGCCTTCACGCA	1
TACGAACAGATACTTTGACA	1
GACATCCCTGTGCAAGTTAA	1
TTGGACAATGTGCAATAGGT	1
GCGCTGCTATCAACTATAGA	1
GAGGCACGTTTTTGGTACAG	1
TTCAGCAGGCTTGCTACCAC	1
GATCACTAACAATATTGGTG	1
AAGACCATGACTTCTGAGGA	1
CTATGAAATTCCGTGATATC	1
ACGAGAAAAGAAACGTTGTA	1
TGTACATCCGGCATAACGCA	1
AGAGCCACTCCCATAGTCTC	1
ACGAACCTGTATCTACGTAC	1
GGTTGATCCTGTAGTGCCGT	1
TTGGGTAGAAAATTGAGACT	1
CTTCAATCAGTAATTTCGAT	1
GAAGCGCATTCACTATCCGA	1
AAAACAAGCCTACCTTACAT	1
ACGCTGCGGAGTAAATATCA	1
ACACGCGCTGCAGAACAGAG	1
TGTATAGACGAAGTGCGGCT	1
AGAGGGTGACAAAATAGAGA	1
TCCCCGTAACTCCGTGCTTG	1
CCATCCTATGCGATATTTTG	1
CTGGGCGTTAAACCATACTC	1
AAGATTGGAGTAGAAAATGG	1
ATCACGCTGATAATTTAAAC	1
GACTAGCCCACGCCATTTCT	1
CAGTGCTGCTACTCCGATGT	1
TAACAAGGCGGTGCCTCCCA	1
GTTTATTTGGCACCTAAGCT	1
CATTCTAAAGCTTATATGAC	1
TCCCCTGTATAACACATCAG	1
GTTCGCAACAATCCTATCTC	1
ACGACTTCAACGATCCCTCC	1
CGCAACACATTTCCCGAACT	1
AGTCAGATAAGTCACGATAC	1
CCATTCTGCACTATTCACGG	1
ACCCCTCCCCTTCCGTTCAT	1
TGGGTATGCGAGGCAGACTT	1
AACGATATCAGACATACCAA	1
TGTAACCCTATTATTTAACG	1
AAACACCATAACGTGCGATA	1
GAAAAGAACACAGAAGGCAC	1
TTGAACCGTACCGAAGTGTT	1
CTACTATTTCACTCTACCCC	1
AATAGAAAGAAGTCTGAATG	1
CCGCCCCGACTGCACGAAAT	1
CTGGACATTGCGGCGGACAC	1
TCAGACCAGTTAACATGAAG	1
CTTCCCGTTGGGGACTTAAA	1
TCATGTGAGCTCTAGATGCT	1
GACCACCCCTCCCCGTCTAC	1
AGATTTGATCTTCAGATCGA	1
CAACGCCAAAGACGTAATTC	1
ATTAGCGCCGAGCATATATA	1
AGACGAGAGTAACAACAAAG	1
ATTATTTAAGGGGAACACAC	1
CCGCCTCACCTATGCCACCT	1
CTTACACACCCCCAATTTCC	1
CCGAAGTGTACTAGCACCCG	1
ACAACACACGTAACACCTTG	1
ACTCCCTATTAAATTTGGTA	1
ACAGACCAATAGCCACCGCT	1
TTCGGTTCATTACTTATTGT	1
TACTTGCAGTTCATTTGAAC	1
TGCGACTAACCTAAAGTAGA	1
TGGTAGTTACAAGGAAGGAG	1
TGCACTACCACCACGCGTGG	1
TGCCCACCCCCGATGGTCAC	1
CGTGGCCATTTAGACACCCC	1
TACGGATAACCCTACTTAGG	1
ACAAAGGCACAGTGTCTGTA	1
GTAAATGGATACCTGTAACA	1
TCGCAGTCGTTGAGCAGGCT	1
TCAGCTCACATTCCCGCAAC	1
CCGTTTAAGGTCTTCTGGGC	1
TACGCTAACACCAGACCAAT	1
CGAACACCCCGCCACTCTGC	1
AGAAGTTTGCGCGCTCGGGA	1
CTAAAAACGAAGACCTTACA	1
TAATGGGGCATCCCAAGATC	1
AGTAGTGGGACAGATGACCA	1
CACGCCCTTCCATAAAAATC	1
TGATTTGCCACTCGCCAACA	1
TTGGAAGCTCCCCTGACCTT	1
TCCTTTAAACCGCCGTACGA	1
CTATGTATAGGTCTATAAAC	1
CTGATTTGTTGGACGGACCG	1
CGGAAACCGGAATAGCTTAA	1
TAAGACGGCACTGCCGTACA	1
TGCGAAATGAGAGCAACTGG	1
CGACCCTCCATAGCCATTCT	1
CTAGCTCGCACGGCCCTGCG	1
TGAGTCATTCCTTGGTCCTT	1
GCTGCCAGCCACACCTTCCC	1
ACCTCCACACGATGTAAAGG	1
AGATGTAGGACCCCTACTCA	1
TACACAACAATTTAAGGGGG	1
GAACTTCTCATGGGCTACTG	1
CCCTTACATTATATTCCTTT	1
AGACTATTAACATATACCTG	1
CACCTACTATCACTCAATTT	1
TTATATTAACAGCGCGATAA	1
TTACTTGAACATCGCTGCCG	1
AACACGAGGCGCAAGATGAC	1
TCGAATATCCCATTGCTAAA	1
ATCGATACACTTCTATACTA	1
ACGCAATAATCCCCATTCTG	1
CGATTGCTACTAACAGACCA	1
TAAACGAATGAACGGTAGCG	1
CTAAAACTACAACTTGAGCA	1
CATTCTTTACTCCTTCACAA	1
CCTTTCTTCGTCCAATACCG	1
TCGAATTAGTTATAGGCGCA	1
CTTTTGTGAATTTCCCTCTC	1
CCGCCGGCGCCGTTTAGTCG	1
ATCCCCTTCGAGAAACTCAA	1
AATCGTTCGCTTTAACACCA	1
CTGAAGAAGCCAAATAACTA	1
AGATAACACTCAAACTAACA	1
CCTAGGCAGGGTAACGTTTC	1
TGATCCTTTAAAGGTAGCTG	1
ACCCATAATGATCATTTGAA	1
CTTCTACCCCCTGCGACATA	1
GCGCGTTACGTGAGGCAACG	1
ACACCGTCACGCCCCACATC	1
TTCGTTTTCGGAGTGTCTGC	1
GTAGTGATTATTGGTTATAC	1
CCCTAACGCCTCTTGCAAAA	1
GCCTAGGACTCAGCTCACTT	1
GTTGTTGAAATTGCATGCAT	1
ACATGGCAGCTGAGCTGTCT	1
AGCAACTCATCAATAATGCC	1
TAAACCAAACTAGATCAACT	1
GCCACCAGGTGGGTACTTTC	1
TCGTTGTGACGACGATCTAG	1
ACACAATGGAAACCCCCCAA	1
CGTGCCGTTGCAAAACTTAC	1
CGGGCGTCCATACTCACGAG	1
CACGGATCCCACAACCCCGA	1
GCTCTAGCAATGAACGTTTT	1
AATTAGCTTAACCATAGGAC	1
ATAAGCACGTAGAGGAAACG	1
ACCTCACAACCGTAACAATC	1
ATATGACAACGCACCCTAAT	1
AGGGTTCACACTATTTCCGC	1
TCGCGTGGCTTTAATCCCTA	1
TTAAACCACACTACCAGGTA	1
CACTCGCTGTGGGAGGTCGG	1
TGCTCTTCTTCTCTAAAACC	1
ACCCACCGGACTATTTGCCT	1
TTACTTCACCCTCCGCCGCC	1
GCCCACCGATAGCTCCAACA	1
ACTTCAAGAAAATAAAAATC	1
CGTCAATTTAATTGCACCAG	1
GCAACACCCGACCCCGTCCT	1
AGAGTAAATGTCACGGACAC	1
GAAAGATAACAGCAAGACCT	1
TACCTCTGCTAGACTACGGC	1
TTGATATTAAAAATATACCA	1
CTACCTACTTGCCAAACGTC	1
CGCAAGGACGTCCCAAACCA	1
AACACTGGAATCATCACAAA	1
CGCAACACCGCGTACTGAAC	1
TTTCGTCTATCAACCAGCAT	1
AGCGTAAACAACCACGTAAC	1
CGCTGATACGCTGCTCCTTC	1
TGCAAGATACATCTCGCCCA	1
GAAAGCCGGCGCAAGTCATT	1
GCCATATTGCCACACCGAGT	1
ATATATCCACACTGCATACT	1
AACGGGGCGGGGGGAAACAT	1
AATGTAACAGGAGCACCACC	1
TTATTTGCGAATCCTTTTCT	1
AGGATGGCTCATTTCGCAAA	1
GTAATTTAAACTAGCTGACC	1
AGAATGATAACGTGCTCGCA	1
TTAGCGGTCAAACCTCCCTC	1
GCGGTAAGTAGAACCACAAT	1
CAGTTTTAATACGCACAGAC	1
TCGCACAAATGTTAATAGGT	1
AAAGTAATGGCATGTGCTAA	1
TGGAAGTATGGTGCACATCA	1
TACCAATAACTGAGGGGAAC	1
GCGCACTTCCGGCGGTGATT	1
TTGGTAAGCTCAATTGACCC	1
ACCCGAACCCAACATCTGCA	1
TAGGAACACAGTAATAAACA	1
GGAGATGGTTAAGGCAGGCC	1
GTAGTTTCAGAACAGCATGC	1
ACCACCTTTACCCTACAGAA	1
AACCATCGCAATTCCCTAAT	1
ACTTGAACTGCTACACTTGG	1
TACCTGGCAATGTCAAAGCT	1
GGTACGCGACCCCACGGAGA	1
TAGAAACACAAGCGGTTCGG	1
GTGATCTCAAGAGACCGATC	1
GGTGATACAAAAAGTGGCAC	1
TTATTAGAATTTATACGCCA	1
AAATTCCATACACACCCCCC	1
TTTAACTAAGAGTCCGAGTG	1
CACTGACCACGTAAACTAGC	1
AATTACCCTTGGCATTTCTA	1
CGTCTAGAGGGCTCGCTATG	1
GGTGAGGCGAGAACCCATAG	1
TCCCATCAGCGACAACCAAG	1
CAACCGTCTCGCGTATGAAA	1
CTGAGTACGCCCCGCACCGC	1
ATCCGACTTAACTCCGTTTA	1
TTCCAACGAGCCGCAAAGGA	1
AGCCATGCACGCTCCACACC	1
CCTTTTATTCGACACATCCA	1
GCCCAAAGACCCTTAACTAC	1
TACCTCGTTAGTATTACCCC	1
TATACCGTATTACTCCCAGA	1
AGACGAGGTGGAGGCATTGA	1
GTCCAATAACCGTCGTAGTT	1
CGTCGAACTCTATCACTCCC	1
TTTAAAATCAAAAATGGGCC	1
GTTTGTATTCACCCCTATTA	1
AATCCAATGTCCGACCATAC	1
GCAGCTTAAAATTTTATAAT	1
ACCTAATCCGAACCTCTCGT	1
CCCATATAGACGCCCGAGAC	1
GACTAAAGACCTAATATTCG	1
ACATTATGTAAAAAGGAACC	1
ATATACGCGCGGGAGGGTAA	1
CACCTCACCGGCTGCCCCTG	1
TACGTTCCTCCCCCCTGTAC	1
TAAAAACATGCCTACCGCGC	1
AGGCGAATCCGTAAGTATAG	1
GCTGTAGTGATTGTCCGGAA	1
TACCGCCCCCCCAGGCTTCC	1
ATGTTACCCCGTCAGAATTA	1
AAATTAATATGATCTGAACA	1
GAATTTAGCTCTTCCCCCAA	1
GCACTCTGGTAACATGCCCT	1
ACCAGGACCGTTAACCCCAC	1
AGCCTAACGCATTACAAGAC	1
ATCTAAGGAAGAGTATCGGC	1
CTGATCATCGAGGTTTTCCT	1
ATCCCCTTTACAAGGTCAAA	1
AAGGGACTGTGGATACGATG	1
CTCAAGAATTCGCTCTTTTC	1
TTAGTGATACTGCTTCCCTT	1
GAAAAGCCTAATACTTTTAT	1
AGAAATGCGGCCACTCAGTA	1
AACCAGATACCTAGGCTATA	1
ATCTCCCAACTTCCTCCATT	1
AGCTACGAAATGAAGCAATC	1
ACTTTCGCAAATATGATGTT	1
GGTGCAAATGCACTAGCAGA	1
TTGGAAGTGAACTCTCCTCC	1
AACGAAAAACTTAAACTAGA	1
CTATGGAGAGATAACGTTTA	1
ACCACTCGCCATATCTAGTA	1
GAGCATACACTAGGCTCACA	1
TAAGCAGAATAGAGAAATAG	1
AATTGCAGCATCTTCACCAT	1
ATTAAAACCCCCTCGCTACA	1
ATTTGTCGAAGAACAGCCTT	1
AAGAGTTTCCTGTGGTGGCG	1
CATCTAAGTAAAGCGCTGTG	1
GATTACCCGACGGTGACAAG	1
AAACGCCGACTAACCCTACG	1
CTCTCAACACCGAATGACGA	1
TCAATGAACATATTTAGGGA	1
CACTAAGGAGTACTGGCTGA	1
AAGGGTTTAGCACTTCCCCC	1
TTTCGCAGCAATCATAACAC	1
TTCGGATAGGATGTCATTGA	1
CTGCAATGAAGAGAGTGGCC	1
ACTGGACGAAAAACCATTTT	1
AGAAATTAAACATTTTGCCA	1
ATACCCAGAGGTCCCCTAGT	1
GATGATGAATGCAATGCGAG	1
CAAGAAAACTATACATATTC	1
TTAAACATTTGCGGACTATA	1
CTACTGCACAAGACTATTGG	1
TTGCATTTCCCAACGACACA	1
TCACTGTAACCTGACTAAAA	1
TGAAATTTCACTTATTCGAT	1
CCCATTGGGCCTGTGACTTA	1
GTTATGGCAACAGTTCCATG	1
CACCACCCTCCGATCCCGAA	1
TAGTCCCTAAGCCACCTTTG	1
TTATGATCGAACTTGATTAA	1
AGCCGGTATACCAGTAACCT	1
GCAGCGGGCGAATAAGAGGA	1
AAGGCTTCTCTTACCTTGTC	1
GATTAAAACATTTGTAGCTA	1
CCTAAACTACGCGCTGCTTC	1
ACCCTACGCCCTGTCCTAGC	1
TTCAATGTGTGGAGTAGAGT	1
AGGCGAAGATACAACTCCTC	1
CATAACCCCATAGACCATGG	1
GCGCCCTCCTTCCAAACCAC	1
GACCAATGTTCTTAATCTCC	1
AATCGTCAGGGAACTCTGCC	1
TAATATTTGGCGTTTAGCGA	1
AGGTGCAGCATTATCATTAA	1
GACCAACTACAGTCCACTCA	1
GCCGCACGACTTGGCTCGAT	1
ACCATTACTCGCTCAGCTCG	1
ATGAGACTTGAGATGATTTA	1
ACGACTTCGACATGGTAAAT	1
GCTACACGCATGATAAATAC	1
AGCAACTGCTTTGATTATAC	1
TTCTGGTGTCAAAACACTGA	1
TAGGCTTAACCTCACTCGAA	1
AATCTTCAAGTCCCGACTAT	1
CACGCTCCCACCTTGCAAAC	1
AGGCCCACCCTCCGCACCCT	1
ACCATTTCACCGCATTATTG	1
AAACCTCCCCAAATCCACCA	1
GAAATACCAGCAAGCCGTAA	1
TATACTAAACTCCAGAGTAT	1
ACAGTTCATACCCCTGCAAT	1
CTCACAATATACATCCCCAA	1
TAATTCCCTGCCTATTAACG	1
TGTGACTTTCCTGTCCTGCG	1
AATGTTTGAACCCTTTCATA	1
ACACACCGTGCCATCACACT	1
TGAGAGTTAGTGTCAATAGT	1
ACGGCTACCTTCAACCTTAC	1
ACACCCACCGGCCCGCCCGC	1
CAAAGTCCATTTGACACATC	1
GTTCAGTAACGGTTATTTGG	1
TCGGTGCAACATACCCCGCA	1
ACTGCTGCTTAGCCGCCGGC	1
CTTGGGTTAGTAACTGTGAC	1
AATGTTACAACAAATAATCT	1
GACTTTTAAGCTACTACTAT	1
TCACGCACCCTAACACAAAT	1
AAATGCACGTGGAAAATTAA	1
TCTTCCGCCAAACATCTCTA	1
GAATTATACGTGACATAACG	1
AAAATGAATAGGTACGGAAA	1
TAGTCACTGGATGGTGGCCT	1
CCGGATTGTCTTGCCGCCCC	1
GGAAATTCCCTCCACTGCCC	1
GTTCTCCCCCTAGAAAAAAA	1
GAACCATATCGATTCGCATG	1
GCACAGGTTTGCCACTGTAA	1
GAACTTTCGCAGGAGTTAGC	1
TAAAGTGGGGGAATGGCGAC	1
ATACCGAACCATCTACCTTC	1
GTAAAATAGATTACTGAAGC	1
CTAAGGACAACATGGAAGTC	1
TAACGAATGATCCTTATTAT	1
ATTACCGCGGATGTTGCCAC	1
ACGTTCCCTTGCAGCTTCAG	1
TTATTGTCCGAGCAACGCCG	1
GCCTATCAAAATCAACTGGA	1
TTTCTACCACAGCCACCACC	1
CAGAGAATGCATAGCGACAA	1
ACCCAACCCAACGTTCCAAG	1
GATACGTGTCGTTCTATGTT	1
CAACCCTAGTAGACAAGAGA	1
AACACCAAGTATCACTCACT	1
ATTAACCTAGTCCATGTAGA	1
ACGTTACCGAAGCCGTACCC	1
CGGCGCTGTTGCCAACGAAC	1
TCACTCACCTAGAGACCAGG	1
TGGACATTAAATTCGCCGCT	1
CACGGCTCATTCGCTTCACC	1
CAGCACTTACCGCACTCGCA	1
ATTGGTTATGTTGACTACCA	1
TCAGGTTAATACAAGGACCA	1
GGAGCCCAGGTTCATTGCAT	1
GCATCATGACAATCACCCGC	1
CAGTGATTAAGGTTCTCGTC	1
TGCCCCCCATGTGTAAAAAC	1
GTATCAGCGTAGCATACGTA	1
CTCATCCGCAGCATTAAAGC	1
CATGTTACCACCAAATGTCA	1
TTAACTTTTGACTAGAATCA	1
AATTTTTTCGCCCAAAACTG	1
TTGTTAAAGTAACGACACAT	1
TGCAACAAGATAATTAATTG	1
TTGGTCAGATTAGAAACCCT	1
AAACCCAAAGGCACCTACCA	1
GTTAGTAACTATACTTTTAC	1
GGGAGATAATATACCAGCAC	1
CTGCGCGACCGTGCAACTAC	1
CGAGGTAACTGCGCTGTACG	1
AGACCTATACCCACTTTAAC	1
CATGACCGAATAATTAACAT	1
GTGGTCCGTCCACATTAGCC	1
GGATTTAGAATACAAATCTA	1
ACGTTATTAGCCTGACCATA	1
ATGGAATACAAAGATTTAGC	1
AGCTCCGAGGCTTGCTCAAC	1
CAGGAAATAGTAGCACGTGA	1
AGAGCCGCTCTCATAAGTAC	1
ACCTTTTGTACAGGTCCTAA	1
CCGATACACGCTCATTCCAA	1
ACAGTATGAGTTGGATCTCG	1
GATTGGTGAGTGAGCTTGCT	1
AAGGACCAGGTACATTACTC	1
TACAAATATACAGCGTATCC	1
TACATTTTGTATGGGACTAA	1
CCAATGGGAATGTCCACTGT	1
GGTTAAATAAATAGGCAGCT	1
TACAGATGGCATTCATCTAG	1
TAGACACGAGATCCATCCTC	1
AATCGATATAGGCGTATTGC	1
CGTGTTTAAATACTGACGTA	1
ATTAACTAGCACGACCCTCT	1
CTCTGTATCGCTACAGCGGC	1
TTCATCCTATGCGTTAAACG	1
TGCGATCCTCGCACGAATGC	1
AAACGCGTGCGAGGAGGAGA	1
GCTTCACTCGCTACTATGAC	1
AAACTTACTCCCTTTCAGCA	1
GAGCTCTGCGGCTATACACA	1
TGGTGACGCAGGCCCTCACC	1
ACGGCTACAGCAGGGCAAGC	1
TCTGATAAGTCAAAAAACGC	1
ACATCGAGTCGATTGCGACT	1
CATGCATGTACCCAATAAAT	1
CACAACCTACACTGCACTAG	1
AATGAATATCAAGTAAGTAA	1
GGTCCTAGTTAATGCTTTAC	1
AGCAAAAGCCCAGCGCAGGT	1
AATATCTCTTAATGCGATGT	1
CACGCAGGTTGAAGATGAGC	1
TCTTCCAGCTATCAGATGCG	1
ATGAGTTACACATAAACTCA	1
GAAGTACTGCCATGCTTGCG	1
ACTATCATAACGTGTAGAGA	1
AAATAACGTTAGCCGTTGGG	1
GGCACAAGACCCGAGCCGGT	1
GTTTAATCCCCAATGAGCGG	1
ACAGTACAAATATAGGATGT	1
AAAAATTGGCGCCCCAACGC	1
ACACCACGCCACCCTGTAAG	1
GCCGGTCCCTAGGTGGTAAG	1
TTAACCACGCACCCGCACCT	1
TGGGCGGTGCATCAAGTGGT	1
AATTCACGGAAAATGACCCG	1
ATGAATGACAAATCTGGTGT	1
CTAGGCTACCCCAAACTAAC	1
ACAGTGCCCAACAACAGTTA	1
TTCTCTAGTGTAATAGTATG	1
TAAATATAAGCCACGCGACA	1
TTAATAACCAATCCTTTATA	1
CCAACACGACCACCATATGT	1
CACTAGGACACTGATTGATC	1
TCTAGGGGTAAAAAGGTACT	1
CTACTGACGGGTAACCGCTA	1
GGCACTCCTTGTCATTTCAC	1
ACAACTGGAGGTCTAGCTGC	1
GCAAATCTACGAGCGACAAC	1
TTATAAAAACTTTACACCGC	1
TCAAAAAAACATAGATCCCA	1
CATCTCCCCAAAAAGTATCC	1
GCACGGTATTAGCCCAGGTA	1
AAATAAGAGGTGATATTTTG	1
CACCACATGACGCACTTAAG	1
CCCACATCTTAGACTCTATA	1
CGTGATACGACTATTCCCGG	1
TCAAGTTACTCCGATGCGCC	1
CCTTCAGCCGATGTCCGAAC	1
AACAGAACCGGGAACCGTAT	1
ACAGACAGTCCTAGATACAG	1
AAAAATAGTCTGCATTATTT	1
TAATAACCTTCCAAAACATC	1
TCAGTCTTCGGCTAGAATCC	1
TCTCGTGATTTAAGTAACTT	1
CAACATTGGAGGTCTAAATG	1
AAAAGAAGATACCGCTAGAC	1
ATGGGTACATCGCTTGGTTG	1
ACTAACAAAAAATCTTGTAT	1
AACCTAGACCCGTTACATCG	1
CGAATAATGGACACTGGGTG	1
CCCTAAAATGGTCTGCGCGA	1
TGTAAACGATGACACATGGA	1
ACATACACCAGCCCTTCACT	1
TACGAACGGCTGCTACGACG	1
AAATTCCGACGCTGCTCCTG	1
GGGTGAACAACGGTTGTCGT	1
GTGCGGTGCGCACTCTTTTC	1
AAACATCCCACGTTACATAG	1
GAATCAGTTCTGAGAGTGGG	1
AGCTTTTCCCTACACTCTTC	1
ACATAGTCGTAGGGAAACCA	1
GGCGAGCATCATGTGCCAAC	1
TCTACTTCCACGTCATCGAC	1
CCGATATCAACAAACACCAC	1
CAGAAGTCTTTACCGACAGC	1
GCATCCACTCCCTGATTCAA	1
ACGGATTCATCTGAAGCCTA	1
GCCTCAATGAGTCTTATGAC	1
AACACACTGAACCAACTCAC	1
TCTCACGCTCCCTACATTCT	1
GGCGACATGGTAACTTAGAC	1
TTGCCAGTAATAACCTGGAC	1
TGATGACCTATGCCCCCGAC	1
CCTATATCCCGACATCCGTA	1
CTCTGGTTACTCGTCTTATT	1
TACCTTATGTCCGTGGCCCG	1
ACTGGATGGCTGCCCAATTA	1
GCCTGTGCATCGGAATCGGA	1
CAGGCAGCTACGATACATTG	1
TAGAACATGTGCAAGCTAGA	1
ACTGTAAAACATTCCGCGTT	1
CTGGAAATTAAATGCTAATC	1
CCAGCAAGGGCACACTGGAG	1
ACCTGAAACGAAACCTCCAA	1
CGAAGAAAACAGCGGAACGA	1
CCATCCCTAACAGTTAAAAC	1
TTACAATGGAAACCGCTGAT	1
GTCTGTAGAATGGAACTCAT	1
AAAAACCAAGCGAAATTATG	1
TCCCGTAGTGTATGTCCCGC	1
AAGAGGCATGCAGGCCACAA	1
CCAGATGCGTAATAGATCCA	1
TAGATATATTTATCCGAGGA	1
AGCGGAGTAGAACTTGATAC	1
CCTCAAACTAAAACCAAACG	1
GGCGGCGCCAGCTCGTGAAA	1
GGACGACTGCTTCTATCTCA	1
ATAAACGCAGAATGCTAGCT	1
TAAAGATTATAGACCTTTAC	1
CGCGCTGTACGACACCTAGT	1
CTCCTACACGGCAAAACTTT	1
CCCCCACCCCGACCATCCAC	1
GAACACGCCCCACCACACCA	1
GAAATACGGACGCCAAAGCG	1
CCGTCGTGGAAAATCCCGCA	1
CTAAGCCGCAACCAAGCCTC	1
TAGAGCACAACGATGAGCAA	1
GTATGCCCCTGTCTCAGCCC	1
ACATAACCTAAACTCTTACC	1
GTGCTCAAAACTATGGCCCG	1
GCAAACATATAGAGATATAT	1
AGGAGGAGGGATGGAGGGAA	1
CTGCGGATACTTAACTTAAA	1
AAGCGGTCGTCAGATTAAAC	1
ACGCTTATCCCTACATCCGT	1
CACCGAGCTAAAATTCACGT	1
CTACCTATCTGCCTCACGAT	1
CTGAGAAAAACACTCCGATC	1
CGCCCCAAGTTTTTCCTTCG	1
CTGACATAATGTCGCACCGT	1
GTGATCTTCCTCTAACCGAA	1
ATTCGATCTAGCAACTTACT	1
AGGCTGCAGTAAAGAACCTA	1
GTATGTTTCAGTAGCGACTA	1
AATTCCATAAATTAACACGC	1
GACACTAACGTCATCATCAG	1
GAATAACCTACACACTCTGC	1
AACAAGTATTGAGATTGTAA	1
ATCATGAAAGAATATATATA	1
TGCTTAACGGACATAATTTC	1
GGCATCACGCAGGAGCCTAG	1
AGCACGTTAACGACGTCCGC	1
CCAGCTTACAGCGTAATCCT	1
ACACTCATCCCACCCTCGAC	1
ATTTGATATTAGATAAAACC	1
GAAAAGGGCACTCATCACTG	1
CAATTTAAACATTAGAGTGA	1
AACTTACTACACCCTACATA	1
AAAGGCAAAGCAGGAGAAGA	1
ACTTAACGCTAACACTCAGT	1
AACCGTATCATGTAAGATTG	1
TCAGGGACGGCAGCATTGCC	1
TTTTTGTTATGTCTTTCTAG	1
TTACACATAGACAAAACGAT	1
GAAGGCTTATCTCCATAACA	1
GTCGCAAAGAATGACAATGT	1
ACTTTCATACTCATACCAAC	1
CACTTGTTCAGAACCGGTGA	1
AGGTACGCGTGATGCTAGGA	1
GGAGACAAAATTAATCGTGC	1
ATTGTCTCGGCGCACCGCAC	1
AGAATTCGAAACTCTCACCC	1
AGCTACAAAATGTGCTTAAA	1
GATGACTGCTCCATCAGAAC	1
TCCCAGACTCCCGCACTACA	1
TTTTGCCTTGGATACCGAAC	1
TCGTGGGGTACGAGGCGTAA	1
TACTATTGAATAAATTGCTG	1
GCTCATATTTTAGACCCACT	1
AAACGCAATCCTCGCAACAC	1
ACAGACCGCTTAAGCACGCT	1
AGCACGATGCAGCGGCACCC	1
TATGAAGCCGTTACCCGGTC	1
AGCGATGTCAATACTCTCCC	1
AGCCATAGGTGCGGCACTTC	1
TTACCTTCACGTCTTCCTTC	1
TTATTGAGTCGCGTCATTGG	1
TTAACCACTACACTACTACA	1
AACGGTACGCGAAAAGTGCC	1
AATTAAACCCTTGGCGATCC	1
CCCCACCTCCCACGGCACCC	1
AAGAACCTAGATTGTTTATA	1
TATACAACTGGGACTGTTGT	1
TACGTGAATCCGCCCGGCGG	1
GATAAGTGTCGGTACCGAGC	1
TCTCGCTGATAGGAGCTTTA	1
ACATCGAGACAAAAACTGCA	1
TCGCTAAATAGAGGCCCGGT	1
TCATCAACACTCCTAGGAGG	1
CTAGGATGTTTGTACCACCT	1
CTACATCTGCTTCCAGCTCT	1
GGAAAAATGCTTTGTCCCGA	1
TACGAGGAACCTGATAACTA	1
TGAAAGAAACATTTTCCTTT	1
ACCTCAAACCCATAGGGGAT	1
TCATATACTAGATAAGATTT	1
CCTTTCCAGGTTCCCCCACG	1
AGACGAGGATCAGGTTTTCC	1
ATTTCGATATGGAAATTACG	1
TCTGTGTCACTTATTTTAAC	1
ACTCATAGAAAAAAACAGTC	1
TCAATGGGGGATTTGAGTCA	1
TTATACTCCTTGTCTCCCTC	1
AGTTACCGTGAATTGAACCA	1
TCCCAAAGAGTTTCACGTTA	1
CCTTACGATCCTCACCTCTA	1
ACGTCCTTTCGTTTGACATA	1
ATATGAGAATCCCCGTACAC	1
GGTTAATTTATTTATAATAA	1
ACAAGAAACATTAACCTGGC	1
CCCTACGTCCATCTTTGTTT	1
ATCCTTGCTACATTAAGTCC	1
ACAAGCGGTTTTAAGTGTGT	1
AAACTCCAACACGCTTTAAA	1
CTAGGTAGCAAGCTCTAATG	1
AAAAAATATTGGCTTACACC	1
ACTTCCTATCAGAGGAAACA	1
GGTGCACTAAAGTGGCCCAT	1
AGCGCAACGGCCGCCGCGTC	1
GCCGTGAGTACGACATAACC	1
AGGTGTTAACGTATGTGTTG	1
CCTCGCGGTTAATATCAATT	1
TAGGCAGGACATATATGTGG	1
TCCTGCCACACACGCCATTG	1
GAGAGAAACTCTTACCCGTT	1
TCCAACGCCTCCCTGCAACC	1
AGACGCAGAGAGAGTCTACA	1
AACTATAATTGACAACGCAC	1
TTACCACCTCAGATTGCCTT	1
GCAATTCTTATCTAAAATAC	1
TCTTATCACCATTATACTCC	1
ACAACTACACCTGGCCCCTA	1
TCTCTATAGCAATGTCTACG	1
TAACACAGGCAAGTACACTC	1
ATGACACTCGACACCACCCC	1
GTCTGCTGCGATGTGTTAGG	1
CCCAACTACTAACCAAGCGC	1
ACCGCCCTGTTTCCCAAAAG	1
CTTGCTTGGCTCTGCCTACC	1
ACTTATGATAGCTGAAATTT	1
GCCCATTAAGCGTACCCAAC	1
CCGCGTAGGCAATAGGCCCC	1
AGGTGTATGAAACCGGGGTG	1
TACATCAAGTTTCACAGCTT	1
GCTAGTTCAAAGCAGTTAAC	1
GAAGACAAGCGACGGTGGGA	1
TTATGGCACACGAAGTGCAG	1
AACGCGGGGGATCCACCACA	1
CTACACCGCGGGTCAGGTGC	1
TCCCGTGCAAGATGCACGCC	1
ACACGTCAACTCAACTGTAT	1
CACTCATCCAAATATCCCCC	1
ACGCCAACTGTGTCGAAAGG	1
CTACCACGACGTATGCGCAA	1
CGTTGTCATAATGTAAGAAT	1
GGACTTAAATAACTAGTGTT	1
CGCGTTCAAATAAAGGATCA	1
CAAATGCTCCTCCACCTGAA	1
TTCATGCCTGTCCAACTCAA	1
TGGGGCCGTGTGAAACTGAT	1
ACACGCATCCCATGGCTCAG	1
TCCTATAGTCTACTTCCCCA	1
TCTAATGGATGAATTGACCA	1
TAACAATTTATGTAACGCCT	1
CATACGCCCTCCCACTACCC	1
GCAAATTGGTACCTGGAAAG	1
ATTGCAAGACAATTATGCTA	1
GTCAGTTGGAAGGTTCCAAG	1
GAAAACAGACGTCCAAAACT	1
CGTAGTCGCCGCACCCCCCA	1
AACTGAATGTTGCCTGCCTA	1
ACTGGAGCTTTGGACTCTAA	1
AGAGATGGAAGTAACTGTGA	1
AACATGACCCATTGTGTTGC	1
AGTGGCGTGTGTTCCATTTC	1
AACGGCACAAATCCGCTGCG	1
AGAATATGACGCCAAGAGGA	1
CGTATGACGCTTAGATGAAC	1
TAGATCAGGAGCTAAAACAG	1
AAATACTCTACCATTGGTCC	1
AAAAGGTAACGAAATATTTC	1
AGGGAGCTTAAGCCTTTATA	1
AAGTCCATAGCAGGCAATTC	1
ATGAAAGGTCCCTAGTAGAT	1
AGAAGAAAAATCATAAAAGA	1
GTAAACGACTTTCGATTTCC	1
GAACATGTGTATCGCTATAA	1
CCGCAGTTACGAGACATCTC	1
TTAGAGGACGATTCGGGGCT	1
ATTGACCTTTGTACGCCTGG	1
ATTTTTATAATTGGAAACGT	1
CGACATTACCGACTGTTCCA	1
CAGTGTCGCTAACGTTTGAG	1
TGAATCATAGGTAAAAAACC	1
CACATCCGTGCTACATCCAC	1
TCGACACGAACCCCATTCAT	1
AAGCAAGGACCATATTGCCA	1
ACCTACCTTGCAGCACCCAT	1
TACGAGACAGGTACCCATGG	1
ATTTAGTGTTTCCAAGCACA	1
CTTTACGCATCGTCCGCCTA	1
GCATTGTTCGATGCAGGCTG	1
TGGACACGAGGACGAACGAA	1
AGGGAGAATCCATGGGAAAA	1
TGGGATCCAGATCGACCTAT	1
AACTTGTTGGATATTTTATA	1
CAAGGCATTTTACACCATAA	1
GCGTTACAGAATATCTAATT	1
TCCGATGCATTATGGGTGGC	1
TTTTGCGCAGGGTTGCCTTA	1
TAGAGGAGAAGGTGCGGATA	1
CGATGCTGAACGAACGGTTC	1
CAGACTTCATACCCCCCGCC	1
AACGATCACGGCTTCAACCC	1
CATGCTAGTTTTACTATTGA	1
CACCCCCCAAGCGCATAATC	1
CAGGTAGTTAACTTGACTTT	1
AAAACACAGCATGTTTACTA	1
TACAACGTCCCCAAATCCAA	1
ATTGTATGTCTAGGGCTCAC	1
ATAGGCCTAACTAACCGAAT	1
GACGACGAGTGAGTTAATAA	1
AGCCCTCCCACCGTGACACC	1
CCAGGCTCACACTATCCTGC	1
TCGTCCGTTCCTCTGATCCA	1
AGCGCTGCGAACCACACACA	1
CACAGCCCCACAAATCCAGC	1
GAAAAAAGCACCCAACCGGT	1
GACGGATTTATTGTAGTTGC	1
AGTCGAAACCAGCACAAATT	1
GTTAGACAATACAGATGGAC	1
CCTAGCCTTAATCCCTACCA	1
GAGAAAAACATACATCAGAT	1
GTAAATAGAACTCTGCAGCC	1
ACCACCTTTTCTAGTTCCGT	1
CAACCTGACAAAAAGAAAGC	1
AACAAATCCAAACCCCCCCT	1
ATCCCTGCCAGCCATAGACC	1
TAATCCGAATTTCGAACTTA	1
AACATTAACACGTCGACGCA	1
AGTACACCACATTGCAAACA	1
GCCTGGGTGGTCCTGACACT	1
ATTACCACCTTCTTCATCCC	1
GTGCTGTAGCATTTGACAGT	1
AGGCATCCCAAAGTGCTGAC	1
AATTATAGACCTGATAGGTA	1
TATGAGAAACAATCCCCATT	1
AGTTTGTCTTGTCCGTGCTT	1
CCTTAACCAAGGGGTCAGTG	1
TGAATCAGTCGTCCCAAACC	1
CTCTCGTACATGACAAAAGC	1
ACAATCCAAACAGCAGTAGT	1
ATCTCCCCTTGAACTGCTAA	1
AGATCGTTTATAGCCAAGCA	1
CGAATCACAGCTTAGAAGGC	1
AGGTGGAGCGAATCTCCAAC	1
GGCCTAATTTCAACACAAGT	1
TGTGACAAACTATTCAACAA	1
GAAATAGAGAATTACTACAG	1
ACGGAGTGGCCACGACCGAG	1
AATCTTAACAAAGCTCTAAA	1
ATTATACCGCACCGCACAAT	1
TGGACAGACGGTCAGAGTAT	1
TAAGCAAAAGGCACTCTATT	1
AAATTAACTGAATGTATACA	1
CGTCGAGCATCAGGTGTGAA	1
CGGAGCTACATAAGATAAAA	1
TAATTCTCACATCTCACATT	1
AGGCAATTGCTATTATCGTA	1
GGCCATGCCTGCAGGATGCG	1
CCAATGCGTATTGCTACCAC	1
TATAAAAGAAAAATGAGTGA	1
CCCAACCGCACTCATGTAAC	1
ACATTGACGCATGCACGCTG	1
GGACTTCCAGTAGTCGAAAT	1
ACCCCCCTTCGCACTTAAGT	1
TAGATCTCACACCTGTGCCC	1
GCTAGAGGTGGAACCGCCCC	1
AAGCGTCAGCCTTAATCTAC	1
TTCGGAACACAGCGATATGC	1
ATGGGAGCGAAGTGCTCCGA	1
GCTAAACTTCCCGCTGATTT	1
ATTACATTTCGTTATACTTT	1
TGATACACTCCAACCTATCC	1
ACCGTGCTGCGACACACCCC	1
TTCTCAATTCTTGACGCTTT	1
AAGGCTTTACGCTTGCCCAA	1
CTCATGTGAAATAATCACTA	1
TTAGAGTAGTAGTCACATAG	1
ATCCGCACGTTGACGAGAGG	1
CACCCGCCGCAATCATTAGT	1
TGCATGAATATATTGACCTG	1
GCAATCCCCTACTCGTTATC	1
CATTAAAAGGGGACACAGCA	1
AAACAGATGTAACAAAAAAC	1
ACGAACACGTCTCGACATCC	1
ATGAGACCAAGAGCCAGTGA	1
AAACTCCACGTAGGGACTGA	1
ATTAGCATTCCTGTCCCGAA	1
TGCTGCTAGCATAACCAATC	1
TGAAGGCACATATATTCACT	1
GCGCACGCCACCGGGTTGTA	1
GTATATTGATTGTGCCCCTA	1
TGTCTGATTGCTTTCGGTTC	1
CAATAACTAGTCCCCCCAAT	1
GGCGAAACTGCTTAACGTAA	1
AGAAGCTATCCTGTGTGGCA	1
ATGCGCTAAAATGTATTCAT	1
CAGAACGCTTTCTATACAAC	1
TTGCCGAACTAGATCTAAAT	1
AAAAGAAAAAACCTCCTCAT	1
GCCTTTAACGTCATTCTTAT	1
GCTTAAAATAGTTAAAGCTA	1
ACCCAAACGGGTCGTGATAA	1
CTCAGCCTCAAACTCCGATC	1
ATGGGCACATGGAGATCCGA	1
CATTTGGAGTCATCTAGAGC	1
TTGCCTTGAGTAACGAACCA	1
TACATGGTAGGCAATATTGG	1
GCTCCATTACACAACCTGAT	1
GATAAAGTTCCAACCATTAT	1
AATAGTATCTTTTGTATCTG	1
TGCCCTTGTCTGATAATCTG	1
ATAATTAATTGAACCGAACC	1
TTAACCTGCTGCGACCCGGT	1
CCGCACACCCTCGTAGACCC	1
TTGTAATAAAAGATTGTTGG	1
TACTTGCGTACGAACGAGTT	1
CAATGCTTGACCCCCAGCCA	1
AGGACAAAACCGAGTCCAAG	1
AAATTACAGCGTTGGCCCTT	1
TAAGAAAAAACCAGGATGTC	1
TTGAAAGCGACAGCTGGACA	1
ATTAGTGACCTGTCCAAAGG	1
TTGGAAACTGGACATTCAAA	1
TCAGTATACTTAAAACACCT	1
ACTTCTCAGTATAAATACAA	1
TCAAAAAAAGAGCAACTTCT	1
ACAACCTTAGCAGTTTTAAG	1
TCGCACTGGGAACCAACTGC	1
CGCATTCCGTTATAAGCTCT	1
GCCGCGCGGCCACACCTAGT	1
ATTGCTAGTGTTCGGTAATG	1
TGCGATATATGTACTGATTT	1
GGATTACAACCACCCTTGAC	1
TGGTGGTGCGTGAGATCGGT	1
CGGTGGCCTCACCCCATAAA	1
ACGTCTGAGCAGAACACCTT	1
AATCGCCGAATGGACACATG	1
GGCTTCTGGATAGAGCGTTT	1
ATTGCGCATGTCAAACTTAA	1
GATCAACGTGCAACGTACAA	1
AGGCGCTAGTTGCCTGCGCG	1
TTGGGTAGTAATGACAAAGG	1
ACACTAACGGTACCTAATTG	1
ATCCCCCTAGACAAGAGTAA	1
AACCTACTACCGCCAGTAAC	1
TATTGAAGGAAAGCGACCAC	1
AGTCCACCTGCAGTAACCGC	1
ACCTGAGGAATTTGTTGAGA	1
TATGACCTCCTTTAGCATGC	1
TTAAACAAGTGTGGTCATGA	1
ACTGGGCATGTCCGACTATA	1
TGGCCGGGAAATAGAGCAAG	1
TATATACCTATATATGAACC	1
ATAGGACCACAGGAGAAGCC	1
GTACTGTTTTCCCAGCCGCA	1
CAAGGTATCCTCGAACTTAC	1
CCGGGCCCCTGCTAATTCAC	1
GCTAGATAACGTCTAACGAA	1
TAGCTTTTACAGATTACCGC	1
ACCTTTGAAGCCTAACAGCA	1
CAAACCATATGTACTGGAAA	1
AAATGCCACTCAAGACCATC	1
ATAAAACGAGTCCAAGTCGC	1
CTGTCTTTAAAACATTCTCG	1
GGACTCATAACCGATGCTGC	1
AGCCTTTCTAGATTTGATTA	1
CTCACCCGTGTGACGCCTAC	1
ACCTCATAGATCCCCTAGTT	1
AGTACTCTCAGTTCTCCCCC	1
CAGAATGAACCGAAAAAATG	1
ATCAGCTACGTACATCCCCG	1
ATTATTTACATTTATGAGCA	1
ACGAACAATGTCTTCCCCCA	1
GGAGATGAAGAGATGCTGAA	1
TACGCCTCACGAAAACGTTG	1
TCGCATGCAAACACCCCTAC	1
ATTTAGCAAGTACACCAATA	1
GAACCGAAATGATACCATGA	1
TTTACCGCCCCGTTATTTAA	1
TTGACAGGCACTTACTTGTA	1
AATCCACCAATTGTTTGTCA	1
AACAATGAAGGATTTCACCA	1
CAACAACGTAACACGCGTAC	1
AGCGAGAGGTCCCCCTGAGA	1
CTCTCCTGAGGAGACGCGTA	1
TGGTTTATAGAAGAACATTA	1
CGTTCTCCTGCCCAGCAATG	1
ACGGTCACCTGAATGGGGAG	1
ACAGATCTCAAAACTGCCCC	1
AATACGAATAGTGAACGACT	1
AACTTACCCATCGCACATTT	1
GAGTAAGTTCAGGTTGGCCA	1
CAAGCGTTACGTTAGACCCC	1
TAAAAAAAAGAATCTGATAA	1
TAAAAGCCAACCATTTGATA	1
TTGTAGGACCTTTAATTGGA	1
CATGAATTGTCTTGATACTC	1
AAATCAAACAATGCTGCGTT	1
AACACGGACAGACTGCTAAA	1
CGTACAGGCCTTTCTCACAA	1
ATCTCATTCATATCTCAACG	1
AACTAGCCTTCACCGTTGGA	1
TTTGCTCACAACGGTCTATC	1
CAAGCTTGTAATTGGTTCAA	1
TAGCATTGGCTGGTTTAACC	1
TTGTGCACAATAGCCCAAAA	1
TTTTGGCTTCGACAACCCTC	1
ATACGTCGATAACTAAACGT	1
AACCGGCACCGGGCACTACA	1
ACAGTTCTTTATGGGTAGTG	1
CGAAACTCCGCATACGACAT	1
GCTACAAAGGTCGAAGAACA	1
ACTGCATCCGTGATCAATAT	1
CTCATGGCACCCACACTCAA	1
ATAAGTAATAAACTCGTTAC	1
AACGCTTTAAAATGAGCCTT	1
CCCTTGACCGTCCTTTTACC	1
TTTGCAACGCTATGCAGTTA	1
TGAGCAGACGCTTTCCACTC	1
GAGGTATGAGACGAGAGCGA	1
CAGCAGATAAAACCTCCACT	1
ACGAACAGTTAAACAGGTAC	1
CCTACATACCCCCTAGATAA	1
GAATAAGCCTTATTATGATC	1
ATTTAGCTGCTTTACTAAAC	1
AACAGCGGGTAGCTTAATTC	1
ATTGTATACTCCCCCACGCA	1
ATGAGGACTCGTCATGTGTT	1
CCTTGAGTTAATTGTACGGA	1
CACAAGGCGCGAAACGCTAT	1
GGCTAGACCATGCTGAATGA	1
ACGTTCGAAATTTTAGGCAC	1
ATGGACATCCTTGCTTTCTT	1
AAGACACTGCGAGATTCCCA	1
CTCCTTCCAAACCCTAAAAA	1
AACAGGACATAATTAGGGGT	1
ATGCACTAGTCTATCCCATG	1
TGCTCCGCGAGGTCGAGCTC	1
GTATAACGACAAAATTTCGA	1
TTCCTGGATGAGTGATCGTT	1
CCCCTACCCCCCAGCTCCCC	1
GGTAAAAATCATCGCTCTTT	1
CCGTCTTGCTATCATTCTGA	1
TAACCAGCACTAGAGTACAG	1
AAAGGATGCCGAGGATAAAC	1
CCGAGCTACAATCTTCTACC	1
GGTGCGCGAACAACATAGAT	1
AACAGGCTGAGGAGTTTCTT	1
GTCAAAGTGTGAAAGTGATT	1
ATTGTCGCGTACCACCGAAA	1
GACGCTTTAAACTGTCTAAT	1
CGAGGTTGAATTGGAGCTTG	1
GATAAAGATGGCTCCATATA	1
TAATAATGTCCTCATATCAC	1
CGTACGCACCGCTTAAGGGG	1
CTTTGCGCAGCGATAAAAAA	1
TTATATAAAAGGGCCTTTGA	1
TCCTTTAATGAAATATTAGC	1
TAGGCTGTGGAGAGGAAAGA	1
CCACGAAGAAATGACCTCAT	1
ATGAGATAGATTCTGCAGGT	1
AGCTGGCATACCACAACCGT	1
ATTTCAATACATATTACAAA	1
ATTGAGAAGTTCGGAAATGA	1
AGTCACAATGTATATTCTAC	1
CGGGCGCATGAACACCGAGT	1
ACGAGTGATGAATCCGCTTA	1
TCGCGGACGGTCTCTTTTCA	1
GGTTTTTCCAACTTAAAAGT	1
TGATATGCGTTTAAGACAAA	1
AATATGTCATCCCGACACTG	1
GAAAGGATAACATAGGGCAC	1
AAGCCTTGAATCCATAAAAA	1
TCTCGTGCCACCCGGCCTCC	1
TAAATAGTTCCGTTGTCTAA	1
ATTAACATAGACGATTTAAG	1
TTAACTTGTATATGTAGCAT	1
ACACTGGCACACCAAGATCA	1
CTGTTATCACGTGACAACGT	1
GATGTAAGGATTATCCATAC	1
CACTACTGCCCACACTTCGC	1
AAATGGCGGATCAGTACCAC	1
CCCCAACACATGTAACCGAC	1
TTTGTTTGTAATTTATAATT	1
GTCTAATCGCGAGGCGTACC	1
AAAGCTCTCCACCTAAAAAC	1
ACGCGGATACGATTGGCTGT	1
GTTTATTTGTCGATTTATCT	1
CCACCTCTCCTCGCCATAAT	1
TAAAACTCATTTAGATGCCC	1
ACAAAAGATCTAGCCCTCAT	1
CTAGTCTATATAATCCCCCA	1
AGTTGATATATGGGTCAATG	1
CCCAGCTTCTTTGTGTAGGC	1
AACCCGGACATGCCACCCTT	1
CGCGCCAAGTCGATTGTTTA	1
ATTTACAGTCCCGAGAGCAC	1
CAGCTGGGACACCGTACAGG	1
TTTGTCTTGGTAGCACTTTA	1
AAACCACACTAACAGACGCC	1
TTGATGGATCTTCAATACAA	1
GGCTCTAATGAATGCGGGTC	1
TCTGCGGTCGCACAGGTTAA	1
CTAAGCCCGCGTGCCCTCTC	1
ACTTATTTACGACTTCAATA	1
TACCCCTTCAAATGGAAAGA	1
TTCCCGAGGATGTCCTCCTG	1
TAGAGTTCAAGAGTGAGATT	1
ACACGTTAATAACCAAATGC	1
ATTCCCGTGTAACCTCGAAT	1
CGTAGCCCGAAGTCTAAAAG	1
AAGAAACGCTACATACGGCC	1
ACGATGACCAGAAACACAAA	1
TCTTGGTCCACCACTTCAAC	1
TCAGGTAAATTAGGCACAAT	1
GATCTAAAGAACTTTACAAC	1
CTAAATCCAGATACAGTACA	1
AGGGGGTGGAATAGTCCTGC	1
AAGGATCCAAAGCTCCCATA	1
AGGGTACGTACGATAACTAT	1
TTTCAGTTTAACGGATAGTC	1
AAACATTTTCCGTCTTATCC	1
AAGGATCCTTACGTAATTCC	1
AGGACTTCCACCGCCACACG	1
TCGCTGCATTATTAGTGTAC	1
GCCCGAAGGGCCGGAACGCG	1
TCCAAATATGCACAGTATCA	1
GAGATACCACTGAGAGATAT	1
ATGCGCCTCCGTCGGGATTA	1
GAAGATCAGAAGATGCAAGC	1
ATTAAAAAATGCACTGTCTC	1
TCTTTTCCTCTACATCACTC	1
TTGCATCGCGCGAATTAGGT	1
GAACTGAAGATAATATTGCT	1
TCGTTAACTGACGCTACCTT	1
ATAAAATGAAAGGGAATTGC	1
CCATGGTAAATGTGATCTCA	1
ATCACTCATAACGTACATCG	1
TTCTTACTCGGAGACATAGC	1
GAAAATTTTAGCCTGACCTA	1
GGGCTCCCCCTGTTCTTTTA	1
GGTCACACTTGAATGTTGCT	1
CCTCAGTGTTACAATCCCGT	1
CCACAATGCGTCAGCAAAGA	1
TAGCCGAAAATACAACCACT	1
AATGCAAAACGTCGGTGATC	1
ACCATGTTACTAATGACACC	1
CAAAATATACTGCCAGGAAA	1
GCAATAACGGGTGGCAGCCT	1
CTTTTCCTACCGGAGTAAGG	1
TCAACATACCTATTAGCAGT	1
ACTGCAAAAGTTATCTTGCC	1
ACCGATTGCTCCCGCATCAT	1
TGAGGACGACTAAAGGTTAG	1
CTACGAACACTGTGGTCATT	1
CAGGTAGGCATAGACTGAGC	1
AAAACGTCACAGCTCTTGAT	1
TTACCTCGTCGCCTTCTATA	1
AGCCGTGTGATCATTTTTGA	1
CGTAAAGGTACGATGTGTGC	1
CCTAGACGTCCCGGGATACA	1
TCGAACTTACTTGTGCACGA	1
GTCCAACGTATACAATTGAG	1
CGGTGAGCGGACTAGAGCTC	1
AAGATAACTGTGCGACACAT	1
TCAACTGGCCCAGTACCTTT	1
TGGTTACTCACAAATACGAT	1
TCTTTAGAGCATACCTTAAG	1
TTATAATCAGGCGAAGCGCT	1
CCCCGTCAGCCCAACCGCCA	1
TTTTTCATTTACACATCCTT	1
CACGCCAACACAAATAACGC	1
TCCTATACCTGCGGATCCAA	1
GTTAGAATGTAGCATTACCC	1
ACAGAGCCTAACCCCCATCG	1
AGTTCTCACTCACGGGTTCC	1
TTGAGCTATTCCATCGTCAG	1
CCCACCCCTAGTAACCCCCA	1
GTCCAAAGTGAAGAAAGGCG	1
CATGTTTTATAATTCGATAC	1
TAAAAACCACACCCCCTACA	1
TTAAGACGCAAACGACTCGT	1
ATGTCACAACAAGTTAAATA	1
TGCGGATAGTGATGGTAGAA	1
TGTGACAGGGCATATGAAAT	1
TGATAGGTTAGAATTGGTAA	1
CCCGACACCAAGTTCCGCCC	1
ACTATTCTTATGCCAAGTTA	1
ACGAATCTAATTGTATATTT	1
GAACACAATACACAGTTTGA	1
AAGGTAGTGCTTTGTATCCT	1
GAAAGATAAAAAAGGAGAGA	1
AGTTTCACGCCCGGTGATTA	1
TAAGAAGAACATACCGCATA	1
TCACCTACCCGGTACCAAAC	1
TTGCTTCACACTCCAGCAGA	1
ATCGACAACATCTAGGTGTG	1
ACCTGCCCAAAACCTAAAAC	1
GTTCTGCGGGCTGCCAACCC	1
GCCACACTTTCAAGCCCTCA	1
ACCAGTGGAAGCAAGCCTAA	1
AGGTTATGCTGGGACAAAGA	1
CTATTAAATCCGCCTTTCAA	1
GCCACACAGACTAAATTGGC	1
AGATTGATATGCAAGATGCT	1
TAATCGATTTACGACACCTA	1
TCATGATTGATCATTTCCCT	1
AATCATGAGAAAATGAGCAC	1
CCCCGTACCCTCTATCATCT	1
ACTCGATGCCTACAACCTTC	1
CATAGAAGAACATGCGCATA	1
GACCCCGTAAAGTTGGGAAA	1
GGCGTGGCAGGCGATACGGT	1
TTGAGTTCTCCACTATTATT	1
CCTACAGGCTAGAGATCCCC	1
TAGAGCCGCATGACCCTCCC	1
CTTAAGCACTAAACCGAACG	1
GGCTGCAATATGCCATCAAA	1
CATTTGGCAGAGACAAGTCA	1
CGCATGCTACTTTAGACGTT	1
TGCAAATAAATCATACCAGT	1
TGCATCACCAGGGAATCGGT	1
ACGTGATTAGTGCAACCAAG	1
TGAAAAAGTGGACCACATCG	1
GCGGCGAAGTCGCGGCACCT	1
TCCAACCAACCCCCCACACA	1
AAACCAGTACAGACAGCCGT	1
GCATTCCTTAACGACGGCCA	1
TAACATCCGCACACCCCACC	1
CGCACTCGCACGAGTCATGT	1
ACCGGATCTGAACGGCTGGA	1
CACAAAAGATGCTATAGTTA	1
AAGTGATTGCCACAAAGTGT	1
ACAGTTGACCTTCACTCTTA	1
CAATGACATCCAGGGTGGAC	1
AAAACATGAGGCGGTGAAAG	1
CAGGTTCGTGCAGATACCAG	1
ATAAAACGAATCCGACCTCC	1
CAATTTGCTATTCCGGCCCA	1
CTAATCCTTTAAGAAATGCA	1
GAAACCCTCATACCTACTAC	1
CTCTGGGGCAGCTCTATAAA	1
CAAGAAAAGATATGGGGGCT	1
ATAGAAAAACACCAACGTGC	1
TAATGAGGATTGTATCAACA	1
ACATTTTCTTCAGCACAATC	1
TACGAACTAGAATAAATGGC	1
GCTATGCTCTGGATTTAAAA	1
TCACGCGGGCGCTGAAGTTG	1
TCATGGTCGGCGTATCTGCA	1
AATTCCCCCCCCACAGCCCC	1
GTCGGGGAATATAATCGAAC	1
TCAAGCGTTTACCTGATTCC	1
ACGGGTATTGTTGGAGTTCC	1
TTGAAACCGCAAACTCACAG	1
CGAGCGCCCCCACTTGATCT	1
TCAATGGTTTTCCGATTTCC	1
AGGCAGGCACTTTTGTGAGG	1
GGTCCAAATGAACATCTAGT	1
GAAACGCGCTGAAAGCGGGC	1
TTGTCTGTTACTTAAAGATC	1
TCAGCGTAACACAGCAACCG	1
GTGCGAACTCTACTGTCACT	1
TGTTTAAGTTTAAGAGTACA	1
TTAACGCAACCAAGAGAGTT	1
TTTTAGATATACCAATTGTT	1
ATTTCTCTCTGAATCAAACA	1
TCCCTCCCCACTTGTATTAC	1
ACTGATCTGGGTAGACATTG	1
AATCCGATATTTCCGTGGAC	1
GACGGCCGGAGAATGCAAAG	1
GGGTTAGCAATACCATGTAA	1
CCTTATGATTTTATGAGAGG	1
CGACACTTCACCCGCCGGTC	1
TACAATAGTTAGAATCTTTC	1
AATACATAGATCTACTGATG	1
GATAAAAAGGCATGAGCAGT	1
CAAGTAATCATGCAAATTAC	1
GACAATCGCTCACATCATGC	1
ATCACCACCTCCACCTGCTA	1
CCTCAAGTAACAAACTCGTG	1
CCAATCCTAAACGTGTTCTG	1
CACCGCGCACAACATCACCC	1
CATAAAACAGTAACGAACAG	1
TAACTAGCCTCATGTGTCGC	1
AGGGGAGAATGAGTGAACCT	1
CTCGGACGTTTCGCGCCCTC	1
CTCCATGCCTTCTCTCTTTG	1
ATGAACCGTAGCACGACCCG	1
GGCCACGGCTTCAAAAAGAA	1
AATGCGGTCACCACCGGATA	1
GCCTCCATCTTCCAAACCGC	1
ACTCACTACAGAGTAATAAG	1
TACCTTTTCCTACCACCAAA	1
GAGATTGCTGTATTGAGAAC	1
ATTCTCGACTAACACAAAGA	1
CACAAGTCGGTACAATGTGA	1
GCATGCCGGGAACGACATCC	1
ATGAAAGGAGTACGCACGGC	1
ATGACATTTGCACTTCTATA	1
ACTTACACGAGCAAGCCACC	1
TTAGCACATTGCAATTACGA	1
GATAACCTTAAGAATTGTTA	1
AAATGCCCCCACCTACCCTC	1
TTCCTAGCCTGATGTCAAAC	1
TTACACTTCCCACTTCACCA	1
AAAGCTTCTCCTATGCGTTG	1
TAAAGTTATAAAAACTAACT	1
CCCATAGCAACCCCCAGAGG	1
TTAGGAATGGTCCCCAAGGA	1
TTTAGAAGACTTTGTTACAG	1
TATTGACTTGTTGCGGTCAA	1
TGACATGGAACCTTTCTGCG	1
TACCAACCTCCAACCCTTTA	1
TGCTATACTTGTCGCATAAA	1
ACAGAACGTGTATAGAGATT	1
AGAGACTGACGCCCTACGTA	1
AGAGAAGATAGGGCAACAAA	1
ATTTTGTAATTGAGTACAGT	1
CCTGGTAATTTCCTCTACTC	1
ACCTGCAACGCTTTAATTCG	1
GAATGCAGCCCACTTCCTAC	1
CAACACCTGACGCCCCCTCA	1
GCTTTTTTCATCAGACACCG	1
GGCATAGAAGTAACCTACTT	1
CCGCACGCCGACCCGAATTC	1
CACGCAGCCCAATAAACCCC	1
GCGGATATCCTCGTAGCAGC	1
CTTAGACAAATTCACCACTC	1
AGAAGACATCTAAACACACA	1
TACCACTTCTTCCGTTCTCT	1
CTCCCCATGATCTATCCTAT	1
TCCACAGCTCGCTAACCAGA	1
TCCGGGGCACGCAATCAACA	1
TGCAGACCCGTTCGAAGGCG	1
AGCCGCCACTCTTCTTCACC	1
ACGCACCGGGATACCACAAA	1
TATACAGCTACACCTGGACA	1
CCCGCATTACCGACGTTTCG	1
TGCCAAGGTTCCCAAATTGT	1
TCCTAATGAACCAAGGTAAA	1
CCACACAAAGAATGAGAGCA	1
CACCACGTAAAACAAATACC	1
TCCAACAGCCCCTGCAATAT	1
ATCCCAGCCCCCCCACTGTC	1
CGTTAGAGGGATTACGTTAT	1
TCTCAATACATATGACTCAC	1
CTCCTCCGCGACACCACACT	1
TGACTGAAAAAGCTGGATAA	1
CACCTAGTAGTTACGCAGTC	1
ACATTGCGCTAAACAACTCC	1
TGGCGTAGGCTTCTTCTCCC	1
GTTAATAAGTGAAGTATTTG	1
CCACAAAATACTGTGGCTAT	1
CCATCGTAATCTCCAGGTTA	1
CCATTGTGTACGTGCTTAAG	1
TAGGTGGCGAAGGATTAATC	1
ACTCATACAACTTACGGGGC	1
ATACCGCCGAGGTACCCCCC	1
AACTAACCAGTATTATGCAG	1
TCGTACAAACGCACCGCCGT	1
GCGCTTTGGATTCAGCTACC	1
ATCTTTCCTACCGAAAATGG	1
TAGGTTAGCGCCAAAACCCC	1
GATACGTCATGCGGCACTAT	1
CCTCGCTAAGGGACCATGCA	1
AGCTAGGTACGCCACGCTCA	1
GCCAACAATCGCTCACCCCT	1
AAGAAGCTATTACAGCCCGC	1
ACCTCATATTAGGTTTTTAC	1
TTAGCAGCGTTCAATTAGCC	1
GACCTTACCAACTATCTCAC	1
TACAGTTACAAAGATATCAT	1
ACACAAGCCGTGAGTTAACC	1
ATACTAGGGACGAACTTAAC	1
TCCTATTTGCTATCACGTCA	1
CAAACACAATTCCGTTAGTC	1
TTGTCCCTCGTATGTATTTT	1
GCAAAGCCCCCATACAACAG	1
GAGTGCAGCTGTCACTGCCT	1
GAAGCCTACACTTCACACTC	1
GTGCTTTCGCGCATGACACG	1
CCCTTGTAAATAAAAATCGG	1
ATAAAAGATTACTGCAAATA	1
TTCTTTCATCTATTCAATAA	1
GACTTAAACCAGCCGCTTTC	1
ACCAACACTTGACGAGCAAG	1
GACCAGAGTCAACATATTTG	1
AAATAACTGTAATAAGTGAG	1
CTAGCCGGGGACCCGCCTAT	1
AATACGTTTAAGTCACCCCC	1
TGCAATACTTTACTATATTC	1
AATCCGGGGCCTGTTGCCGC	1
CAGATAATGAAATTAATTAT	1
GGAGTCTCGACGCGGAAACT	1
ACCTAGGCTCACCACACTCC	1
CTAATTACCTAACCATTACA	1
TTTCGCCTCATGAGACCCTC	1
CACGGCTTGAGCTAGTCAAC	1
TCATCGTTGGCGCCAAAGGC	1
GTAGTTCACATTATGAGTCC	1
GTAGCACAACGCGATAGACC	1
GCTTCAGCGGTGTAAGACTT	1
ACTGACCAAAGCCATATAAC	1
AAATTAGATTACTAAGTAAC	1
AGCCCTCCGCCGCACAGAGC	1
AGCTAATTCCTCCATGTGCT	1
TATATGATGGCTTGAGTGAA	1
AATTGCGAATTGTTTAGAAA	1
GGTAGCGCTTACCCAGCAAC	1
GCTGAAACCCACTTAACACT	1
TAAACCGACTCAATTGTAAA	1
TGCGGTCATATAGCTCCTTT	1
AGCGCTACAGCTGAAGGACT	1
GCCGACCCGCGCCCATAAAA	1
TAACGTACCAACCGATTACA	1
TACACTATCGACTCCCCTTA	1
CCCATCTCTCCCTAAGGGCC	1
AGCTGTGGACAGCAAATATT	1
AAATCTAACCTTCTCACATC	1
CACGGAGACCTAATCGAATC	1
ATGGGAATGACATACTTTGA	1
GTATCATCCATAAGGCTTGA	1
ACAAAAGGAGGAGAAGCCTA	1
GCGTCGCACAACGCTATTCT	1
CGCCCAATACAACTTAATAT	1
ATTCTCGTCATCTTCCCATC	1
CCTGAACACGGCAGCCCCTA	1
CGTGGTGACGGTCCATGCAC	1
AAAGCGCGGTTACGCGTCAA	1
CGGAGCACATCACTTGAGAG	1
CGTGCAAATTTTACCCAACC	1
TGCTTGTTAGCTTGCTAATA	1
GACTATGCTTCATGACTAAG	1
ATATGAACCCCGTCTACCAT	1
TCCTGTAGCGTGGACACCTA	1
GACTCACTGTACCCGGAAAA	1
GATATACCAGCCAACACTTA	1
TGAGACAGCTGGGTTCTGGT	1
TGATAAATCAGCATTCTTGT	1
AGAGGTGGCAGAGAATAGGA	1
GAGAACACACTTGACGAAGT	1
GCAACAAAATACTGGTTGAG	1
TACCCACTAGCTATGCTATC	1
CTTGTGATCAAAGGATAGCT	1
TGGGCTAACATGAACTGAAA	1
ATATAAATCATTGAAAGGAA	1
TAGGCTCACGGTTGATTATC	1
ACTCTTCCACACCCAGACTA	1
CTATACTACATGTTAGTTCC	1
CGACTCTTCGTACCGTTAGT	1
CGACCTAGAGTTAACAACCT	1
TTTTGCATTCTTGTTGCGGC	1
ATAATGGCGGTACTCTACTA	1
GCAGTGCATCGCGCAACGCA	1
AATCTGTATCCGCGCTAATT	1
TACCAGCCAGGACTCCCACA	1
ATATAAGTAGATGCTAGCGA	1
AAGGCATTTTCGTTCAATAC	1
AGCGTATCTCACCAGTATCC	1
CTTTATAGTCGAGTTCATAT	1
AGGGACGAAAAAGAACAATC	1
TGATTTTGAAGACTATGACT	1
CATTGCCAACCAAGTTTTAA	1
TAACTGCTACAATTTATTTC	1
TACGAAACGCTAATGCGGCC	1
CAACACGGAATGGAATGAAG	1
GTAGCATACTGTCACTCTTA	1
GGCTGAACACACTTTTGTGG	1
CAAATGTCACCGCAATCTTT	1
TTTTAGCAACTTGAAGGGGT	1
CTCTGTTCCTGTACACACAC	1
GAGGGCACATTCTGGCACAA	1
ACGATTTAAATGTGAAGTAA	1
TGATAGCTTAACGCATCTAG	1
CTGACGCAACGACGCGGCCT	1
ACTGAACGCACGACAATCAG	1
CGTGGTGTTGAGTGTGTGAT	1
TCACCGCGTACGTAACACGA	1
CTATTGAGATGCTAATTTAC	1
GTACCGCCACACCTTAAACT	1
CATCCAAACTATCCCATATC	1
CTTTGCTTCAAACTTCGCAC	1
AGGACGGTATTAATAACACT	1
AGAGCTAGCGGGCGTACCAT	1
ATGCGCGGCCGGGCTGAAAA	1
GGAATTATCTTCTTACACAT	1
TGAACACAACCATTCCAGAT	1
ATCCCTTCCTTTAAGACAAA	1
CCCTTACCCCCCTAATACTT	1
CTACTTGTTTTAGGCTGTAA	1
GAAATATGGCAGTAAGGATA	1
CCCGCACACAGACACACACA	1
CTGCAGCACCCAACTGATGA	1
CAGCGGACATCCTCGTTTGC	1
GATGCTCTACGAACGTTTCA	1
ATCAATTCTATCCCACCACC	1
AATGATTATTCGTACCGGTA	1
ATTATTACTCACGATCTAGC	1
ATATTGCGCTAACAAAACGG	1
AGAGAGCACTACAACACCAC	1
CAACTGAACCCACAGTAGTA	1
CGCAGCGTCAATGAACATGA	1
AAACAACAAAAATCCCTGCT	1
ACGTCTCGCCTATATCCCTG	1
ATAAACTGTTTCCAGAATTC	1
TCAATGCGAACACACACCGG	1
GTATCACATTTGAATGATCC	1
ATGTGTAGAGGTCTTGAAAA	1
GAAATTCTAGCGCACCCAAA	1
TACCCGTTTTTTTTAACACA	1
CCTCTTCCCTCACCACAGCC	1
GAAGCTGTCGGACCACGGAC	1
TATACCTCGATCGCTTGTTA	1
TGGAAATGCAGATCACGCTA	1
CTGGGTAGTGAGTGTTTTCC	1
AACGCGGTCACCCCGCAAAT	1
CCGATAAAAAGAAGTATGCA	1
AAAACCTACCACACTAAAAG	1
TTCTCCTCCAGAAACATAAA	1
CAGCAAAGTGATCCGACACA	1
GGAGTTTAGAGACGAAGGAC	1
ACCTTAGTAAACAGGAGAAA	1
TCCAGAAAAATATTAATATC	1
TCAGTTTAACTTTCTTACTA	1
ACAAAACTAAGCCGCGTAAT	1
AAGAGAGTAAGTCTCGATTT	1
AAATGAAATCGTTCTACCAT	1
AGCTTCAACCCAGCAGTTGC	1
ATAAGCCAGAACACCCCAAC	1
CTTAAGCCCAAAGAAGCCTA	1
ATGCCTTGCCCCCACTAAAA	1
GGACGTTATTAAGATACATC	1
CCCATTTGTAACAAGTGAAC	1
AAAACCTAGACTACTTGCCT	1
AATCCAAACAAGCGATTCAA	1
GAGAGCCTGTACTAGTTGCT	1
GCTATCACTGCTGTTCCACA	1
AAAGAGGTGAAAATCCGGCT	1
CTAAATAAACACAACTGTCT	1
AGCGATATGAGAGGCATCAT	1
TCCCTTCCTCCCACACACTC	1
AACCCCCAAAAGCGTGAACT	1
AGCTCCTTTCTTTATACTTC	1
CCCTCCTAGGTGCTGCTCCG	1
ATTCACAAACACTGGAAATG	1
GGTCTAGCCTGCACCACCGC	1
AATCATGCGTCCCACGAATC	1
ATTCATTCCGCAGACCGCCA	1
TACGGATATTCCTTTTGACG	1
CGTACAGTCTAGTCTTGTAG	1
GGACCCTCGACCCCCACTAA	1
CTACCTCTCGATCGCTTTTT	1
TTTTGATACAAGAAACATGC	1
CTTTCCCGACAAAGTAACAC	1
CGAAAACGACATTCACGAGC	1
CTTGACCATGTCTTAAGTTA	1
ACGCACTACGGCCGCCACAA	1
CTAGAAATCATTAGGTAGAG	1
ATAAAGACAATAGCTCTTTC	1
TCTAAGCGCACCCGATGATT	1
TTTGCTTTTCGATCATCTCT	1
CCGCAGCGACTGCCGCGTAT	1
GGCCCCACCTCACCGGCTCC	1
TCATGCTACACATTATTATG	1
CACCGCACGTAAAGCCTGTC	1
ATGGATAACATCAATCATAA	1
ATTGACAAAGGCGAAAGCTG	1
CGATCAGTGTACAGCCAGCT	1
TCAAATGACAGTTAGGATGC	1
CCTGGTCCCAATCCCTGCCA	1
ACCGCGGTTTTGCCCACCTG	1
GTCTGTACCCAAGCACGCCA	1
ATCCCACGTTACTTATAAAC	1
ATAAAAGTCCGGACTATCTT	1
AAACAACAACGCGGCCGCCC	1
ATAGTACAGTGCTTTGTAAC	1
AGAGCCCTGGCATATGTTAG	1
TAACTTGGCCGCTTGTTGAA	1
TCAAAACAACAAATACCCCA	1
CGAAGTATACGCCGAAACAC	1
AATCATTACAAAGTGCATCG	1
CATCATATACAACCAAGACC	1
TCCATAGTTCACGCTACTCG	1
TCGCGGACTTCCAAACCGTC	1
TTCGAAGTGGTTGAACTAAA	1
CCTCGACCACCCCAGGCGTA	1
ACTGACTCACGCAATTTGAC	1
CACTATCGCCTATATGACCT	1
TTATACCACCTCAACACATT	1
ATAAATACCGGTGCTCATTG	1
ACCCTGCTCACCACAAACCG	1
AAGGCTCATTCTCGAGACGC	1
AGGCATACCCGCCCACGTAA	1
CAAAGTCGCATGGTCATTAG	1
ATGCGAATTAACCTAACTAC	1
TAAAACCAACATAAAAAGAA	1
ACTCACTCCCCAAGTTACCA	1
GACCATTCAACGGAGGAACC	1
AGAGCATATTTGAACTCTAA	1
ACTAATAAGGGTAAATCAAT	1
ATGACTTTAGCGCAGCGTGA	1
AGAAGGTTTGTTATTAGTAG	1
AAACATCACAATCCTAAGTC	1
TACATCCTGGTTGAGTAGAT	1
ATTTGGCCGGAGGAAGTCTG	1
ATGCTAAGGGTCTAAGAAGC	1
AGCATAAGGCTCCCCACCTT	1
ACTAAAGCGACGCTGTATGC	1
CCTGAATGTCTAACCTACGA	1
ACCGCAATACCCAATTAATC	1
AAACGATTGGAAGTCAATAT	1
GAGTAGTACATACTAATCCC	1
AAACCCTGGCATAGTAAAAT	1
CCCCACGAAGGAGATGGGTC	1
AAACGAAGGGCGGACCAGCG	1
CTCACGCGCCCCTTGGATAC	1
TTTTTCACTTTTAATTGCAA	1
ATTAAGGTATCATGTTTTGG	1
AAATAGCAAATGGTTGTGGT	1
AAGGCTCACCGACGTACCAA	1
CTGACTTTAACATGCCTAGT	1
GAACGCCCGAGAGAGTCGAA	1
CCCAACAAATCCCCGACGGA	1
TGATAAGGAAGGCAGCGAAA	1
CATGGTACGCGCGATACCCC	1
CGCCAACTCCTTCCCCAGCT	1
AGCCCATATAGCACGTTTCG	1
TCACTAACGGAAGAGGCACT	1
ATACAACAACCATGCCTCAC	1
GTCAAATATCTAAAAAGCTA	1
CTTTAAGCAACCTTTATTGC	1
TCTCTTACAAGAGTCTGCGT	1
GTCAATCGTACTCAAGACTC	1
GAAGGTAAGAGAGATGGTGA	1
ACCTCCCGCAACCAAACAAC	1
AGCATGCGGAATGTGCTTAC	1
AGTGACCCCTGTTCAGAATA	1
AACGGCAGCTGTACGCATAT	1
TAATCCTTCATGAAACCGTT	1
ACCCCCCCACCACAATCCCA	1
TGGCCTCCCTTACATGATAA	1
AATATCCTCCCGTCAGGAGA	1
AAACATGAGGGGTTTTAGCA	1
TTGCATTGAGATAGCTTTAC	1
TTCCCTGCAAATCTCGGACA	1
TATATGAGAGGGTATAGAAT	1
AAGTCGAGAGATCTGCATTA	1
TCGCCTTCTATTCGCCGTTT	1
TAATACAGAAGTTGTACCGT	1
CCCGGCCTAACACTGGACCG	1
CAGGGAGATTATGCGCGCGT	1
CTAGACTTTGAATAGCCCAC	1
AACGATCCACGCGATTAGCT	1
AAAGCTGGACTTGGGCGAGG	1
AGGTATAAAAATAGTCGCGC	1
CGTGGTGCATGCATATCAAT	1
CTGAAGTTATTATCTATGCT	1
AACGTTTCTACAATTTGTTA	1
TTGAAGCACGCCAAATAAGC	1
AGACCATCCCCGCTAAAACG	1
CATACCGTGGATGCCCTCAA	1
GCTCATTGGTAGTGGTAGTG	1
AGACACTACGGATGGGCGCT	1
TGAGGTCGGTGCCCCGGCGG	1
CAGTAGAAGTATAAGCTTGT	1
AAATCTAGGTTATATAGATG	1
TGACGCAGGCATTTCGCAAG	1
TTTCACAAGTTATACAGCAA	1
CACCAAACCCCACGTCCAAC	1
ACACATTATCAACTCAAAAA	1
ACATAACAACCCGACATCCC	1
AGAGTGAGTTTCCGGGCATC	1
TAGTTAAATTCGATGTGCCC	1
AGTATCGAGCAAAATTGGGA	1
ACACCCTAACTAGCCTATAA	1
TAGAAACATGTATCTTCCGG	1
TCCACATAACTACAATGCTA	1
CCCTGTTGATAAGCTCGAAG	1
ACCCGTATAAGGGAGGCCAA	1
ACTCTAAGGCATACTTATGC	1
CCGTAGGTGGTAATAAACTC	1
CATATTGGCTTAAAGTGCAC	1
ACTCGTCTCCCACACCCGCC	1
TCCCATCCGGCATGGTAACA	1
TAACTACGGCGTACTAGGGC	1
GACCATGTAGCCCGTGAAAC	1
TCAAACACAGCTGGGCACAA	1
TTATGTCATCCGCATGAAAA	1
TTCAAAAAATCCACCGCGAT	1
AAGATTCGCGTCCTAATTTC	1
AAGACCTTCATTTTTCGATC	1
CAAACACGTCACACGGAAGC	1
TCAAATTATGTGTTTACGGC	1
TGACTACTGCAGGTGCACGA	1
TTGCTCCCCCAACCTGATAG	1
TCAACATCTGATCGAATCCC	1
AGACGATGATTTGTTCGCGC	1
CCCCCCAGCGCCCGCCCGTA	1
GTGCCTTGAAATTGAATCAA	1
TTCCCATTCTTTGCCCTGCG	1
AAGTTCTACCGCAGTTGCTG	1
TGTTAATACTGCCTAAATTC	1
AAAATATGTGGACGGGGTTT	1
GTTAAGCTCCCACAGTTCCC	1
ATAAACGCCATGGAGACCCC	1
CCATAGGAATGTTCCGGAGG	1
AAACCAACAATATGTACCTA	1
GCGGTTATGCAATTATCATG	1
GTTTCCCAAGATATTGCCTC	1
GTACAAATTCGGCATCGCAC	1
CAAAGTCTTTAGTCTACTCC	1
CATTGTTTAAAAAAACTATC	1
TTGGTGAGACGATTACGCCT	1
TCCAGATGTGACTGCTCTCC	1
GCCGCGTGAGGGTCAAATTT	1
AATTTGCTGTATTCCCGGAG	1
TCTACAATTGCAATTGATTA	1
CCTTAGAGACCCCTTAATGG	1
AGGGTAGACCATATACACGG	1
CAAACCCATAATATAGCAAT	1
AATATATCCCCAGGACCGAC	1
TTAATAACGGGGGGCTATCT	1
AGTTAAGCTTAGGGCCCCCC	1
AGCACTTTAGAAGCACAACC	1
AACTCACTCGGGCGCCGACC	1
TTACTACTAATTTGATATAT	1
TCATTCCGGACAATTTGTGC	1
CTTCCCTCAATCAGCCAGCC	1
CCTCATCCTAGGCTTACCGA	1
AGCCAACGATGTCCACTAGA	1
TCAGGTGACTTTGTCACCGA	1
CAAAGGCTCCCCCACCATAC	1
GAAACGGTATTCGGATTATG	1
TAGATAAACCCTGCCCGAAA	1
CGTAACTGATATAGCTTTCA	1
CAAGTAAGATCGACCTAATG	1
TAACCTAAGGTTGCGCTCGA	1
CAGAATATTCACTCACCCAA	1
TAGTTTCTCGCTCCTACTGA	1
CTATGACATATATAAGCGAA	1
CAGGGGGCTCCCGCGATAAA	1
ACCAATAATAAATAAACTCC	1
ATGTGTCTACACACATAATA	1
ACTTACCAACCCACTCTTAC	1
AACGTAATACTAAACAAGAA	1
TTCCGTGAGAAGAATATAAG	1
TCAACCGAGTCAGGAACTAT	1
CTATGGACGGACGTTTAACC	1
ACTATGCGATCTAGGGGAAC	1
ACCGAACACACGCGGTTACA	1
AACACTTTCGCCGCCAAAAG	1
AATTTCCGTGTCGTTTTACG	1
ATTAGGTAGACCCGCATCTA	1
ACAACTTACCCGGTCCATAG	1
AATCAGCACCGTGGCATAAA	1
TAACGCACATAGACGAGAAG	1
AGATTTAGTCGCACACTACT	1
ACAGCCACCAAGCACCACAC	1
ACCCTAAGGTGTAAGGAGGA	1
AGACCATGAAGCATCCTACT	1
AAACAGTTCTTTCATTAGAT	1
CCTAAACCGAATATCCCAAC	1
TCGCCCATAAGGCGCAAAAC	1
ACTTCCCGAATGGATAACGA	1
CGCCCAGCCCCCATTCTAAG	1
TAGCACCCTTAAAAGGAAAC	1
CCTGTTTTCGAGCATTAAGC	1
AAATAAAAATGATTGAGGTA	1
CCTCATGATAACTTCTCCCA	1
ATATTCTAAGGGATAACCGA	1
CAGCCCTACTCCAAACATAA	1
TATTATACTAAGTCTGCTTT	1
AGCCGATATCGCCTCAATAC	1
TATTGACCGGGACTCCTCAA	1
CTCGACGGGTGACGTCCTCT	1
AATTACGCACACTCGATAAG	1
ACATTCCCCCCATAGATGAC	1
ATCAAACGCTCCTGTGGTCA	1
CCAATACCCGTGAAACCGGA	1
TACACAGGATTTCTATTTCG	1
TCCGGGGAAGGCTATTCAGC	1
GACAATGCTACGCTAGCTTT	1
GCGCGATCTCCCCCATACCT	1
TATGCCCATTGAGAAACTAC	1
GTGAACACATTGGAGTGGGG	1
AGATTTATTACTGGGGAAGA	1
ATTAGTTACCGCAGAAAAGC	1
ACCGAATGCCTGGTCTTCGT	1
AATGGTAACACGGTCCGCTC	1
CAGCCTCGAGCAAACAGCAA	1
AGCAGGTATCCTCTTAATAA	1
GCCCTCTTGCCGGACACTCG	1
ACCTCTGCCGCGACGCATCC	1
AAAATAACATAATGAATGCT	1
ACTAGATGCGAAATCAAAAA	1
CCCTAGTCCCCACGTTTACA	1
TGGCGCCGCATGTTGCGTTA	1
GCGAAGCATCAAGTCGTGAC	1
GAACATTCAACAAATGGAGT	1
TAACTACACACCAAAACAAT	1
ATTTGTCAATTGACACGTAC	1
AAATTGTCCAAGCCACAACT	1
CTAACAAAGCCACCACCCCC	1
AACTGTGCACCCTAACTTGG	1
CGGGAAATCACACATTGCAG	1
GCTCTATCTTAGATCACTTA	1
TAACACACAGATTAATTAAC	1
TTATTGCCGCACCTTAAGCT	1
ACAATAGTGGAAAACCTAAT	1
CTTACACATAGTGAGCCGTG	1
ACGTTACCTCATCAGGTTAC	1
GAATGAAACGAAGGGCGGTA	1
TCCATAGAAGACTCTAAGCC	1
ACGTACAGCATACGCTAACT	1
ACCCTTCCGTCAATTCCTGA	1
GAAATCCCATGGTATGATAA	1
AGTATCTTGAATTTAATGTG	1
AAGTAAATCACGATGCTATT	1
TGATAATACCAGTAAGCGCC	1
ATAACTTGGATATGCCAGTG	1
CTTCCCGTGCCCCATATAAA	1
AGAAGAATAACAAATAACAG	1
AGTAGCATAAAACCCCTGGG	1
ATCCTAGATTGTGATAAGCT	1
ACGTGGCGGAATCATTCCCC	1
AACGCACTCATCGTGCCTTT	1
GTTAAACGCATTAGGAGCCA	1
GAACCACGCATGTTAGAGCC	1
CCCAACCGTTTCCGACCTCA	1
ACACCAGAGGCGGCGGCTTC	1
TTCACCGTCACGGAACGTGG	1
GAAGTTACATTTGTACACCC	1
CAATCACGGTGCACGAACAT	1
AATGCGGGGCGTCAGTAACT	1
CACCATGTCTTGCCTTACTC	1
CTCTCATACAATTGAATCTA	1
ATCTTTAATACTTGCGCGAC	1
ACGTGACCCGGGAAATAAAA	1
GCGAAAAAAACTCCCATCGT	1
GTACGGTGTTAAAACGTTCT	1
ATGTCCTGTTAGACAACCCG	1
GGAAGCTAATGATACTCGGC	1
TTTCACGCCCACGCATTGAC	1
AAGGGTACGTTGGACGTATA	1
AGCTAACTAGTTGGGAAGAA	1
ATAGACTTACTCACCCCCCC	1
CTAAATGCCTTGTTCTATAG	1
CTGTAAAAACTCGCCTCACG	1
ACGGTATTCGCCCAACTCCG	1
TTTCACGCGATACACCACAG	1
TACTAAGTTACCACCTCCCC	1
GTCCTATCCATACTGAGATG	1
TAGTTAAGCAATTGCAGATC	1
ATTCTCTCTGGAATCTTTCT	1
AAATTTCCAGATAACACACA	1
CACCGCTGCTTGCCTATATT	1
GAACTGCAGGGAAGTGGCAC	1
GCTTCAACGTCACCTTCATC	1
AAATAGCCCCCCAAAATTTC	1
GAAGGTGATATAACACGTCA	1
TTGAATCCTAGTTACCGAAT	1
TTACGCATAGAGACACCTGT	1
ACACGTCAGTTTAAGCAACA	1
TTTTGACAAGGTTTTGAAGG	1
AACTACCACTTACATTCCCA	1
AATCACAACTCGTGCACAAC	1
AGACGAGTATACCGCTTAAA	1
ATTACGCTTGGGCTGGTTAA	1
AAAGATTAGTCCGGAGTCAA	1
CGATACACTAAATGCTCGCA	1
ATGAAATCTTCACTAAACAA	1
TTAAAACGCTACAACAATCC	1
CCGCCGCAGGGACGCGGCTA	1
GAGGATCGACTGTGCTATCC	1
GCCGGTGCCAGTTAGCAGTC	1
AAAACCACCCAGCTACCTAA	1
CGATAAATAGGTGCACACTT	1
CAGAGACCAGCATTATACTA	1
ATGAGCAACTAACAATTAAA	1
CACATTCTTGAGTCTCAGAC	1
ATTACTTAGACCCCCAGCGC	1
TATGAAGCAGTTGTAGCTCC	1
ACAACACCAAAAATTCAAGC	1
AGCACTATTTTCTATGTCAT	1
CACCAAGGATAATGGCTAAA	1
CAGGTCGGGATTAGTTAGTT	1
CCTACACCTTGAAATTAACT	1
CATAGCATCCGTCCTCCTAG	1
ACTGTAGGCGGTAAAACTTC	1
AATTAGTCTAGCCAAGGTCT	1
AATTCCCCCAATGAGATTTT	1
CAACATAAATGGCTTTGAAT	1
AGGTTCAGAGTACTGTACCC	1
TCTTACGCATTCTACGAACC	1
TCACAGTCACCAGCACAGTC	1
GTATAAATCCACGAAGCCAC	1
TCGGAAAGCCCCGCCAACTC	1
ATCAGTGGCTATAACCATAC	1
TGGGCGAATCCAAACACGCG	1
TCTGACCCAACTTAACATCG	1
CGTCCCAAACCCCCCCCCAA	1
TACTAGGTGTTCACTTAACT	1
CATAAGTGGTTGCCGTAAAA	1
GTACCCCGTAGATCATGGCA	1
TGCGGTAGTACGTGGACGCG	1
ATGTCAGCACACACTCTACC	1
GCCAACACCTATTGCTACAC	1
CTTGCCCATGACATCACGCC	1
GTAGAATAGAATGAGTTACA	1
ATTTGAAACCATTCGCCGAA	1
TAAGATTGTGGGCTTCATTA	1
TGGGCCTCGAAACTAACAAA	1
TGAAAAAAGTTAATGATCAG	1
ACACATGCTCCTTTAGCCTA	1
CAAAAGTATAAGTTTGCAAG	1
AAGAATAAAATAGCCACCAG	1
AACCGCCAATATAATCGAAT	1
ACAGCTATAATCCCAATCTA	1
ACTGGTAACTAACACGCTCG	1
TCACCCTCACACACGAGCCT	1
ATTTTGCATACTCCTCACCA	1
CCGCTCTAACCTCACAGGTA	1
GAACGCTTAATTACTTTGTC	1
CCTGACTCTGTCCCCCAGGA	1
GTCACTACAATGGATTGACA	1
TTCTTAGTGCAAAATCCGAG	1
GAGCAACAGCGTTGCAATTC	1
GATAGCATAAAGCCCTAGCT	1
ATAGCTTGAGAAGCTCGGTA	1
AGATTTTTATGGCTAAGTAT	1
TACGACTGTGCACTTCCGAC	1
ATCCATAAATACAGACAGCC	1
TCCTATTATTATATTCCGCC	1
CGCGTTCGCTATTTCTTCTC	1
ATGAAGACTTGAAACAGTAT	1
AAGACAGTCTGAATAACCGC	1
ATGAATAAGGCACAGAACGT	1
GAATTGACCGTGCGTACCCG	1
CCGCTAGCCTCGTCAAAGGG	1
CCTCGCACACCGGCGACCCT	1
AAACTTGGCATCACGAATCA	1
CATCGTGCACGATGGAAATA	1
ACCGAACCCGGCCCTAATCC	1
CACATACTGTTGCGGCGTCG	1
CAAAACTAACGAGCGGAGTC	1
ATAGCCATAAGATGTCACTT	1
TTCTTTCCGCTAAAGCGTTA	1
CAGGACCATCAATCCCTAGC	1
CGGACCACCACCACCCCACG	1
TACGAATATAGCTAGCAATG	1
CAACCGCTTGAGCGCAACAG	1
ATCATCCTCCCACAATTTAC	1
CCTTACCCACAATTTGCTCC	1
GATAAGACTGCCTCCGATGT	1
GATCATGCAAAATTATTGGG	1
GATTAGACGGACGAAACACC	1
TATCCTACACTTACGCGACA	1
GAGAGATATAAACTATTGCC	1
AGAACTTCAACTATCGTGCC	1
ACAGTAATACTACGTGAGGA	1
GAATTTCCCTTTCTTTAAAC	1
TCTTAATTAAGGTGAACTTC	1
CATCACCGGGCATCGCCGCC	1
ATCAGATGTATACATACAAA	1
CTACTTGCCCCAGAGACTCA	1
TAACAAGAAGATTGAACCGT	1
GCACCAAATGGAAATGAGAA	1
ATGCCTGTTTAATTGCTTCA	1
GAAGCTGTCGGTAAAACGCT	1
CATTACCCTTGTAACCCTTC	1
ATTATAATAAGACGGATATT	1
AAAATACATGAAAGACTGCC	1
CTTGAACAATACTCTCACAT	1
GTGGAAGGGCCATACGGGTT	1
CCCTTGGTTCCGCGTTACCA	1
CCAGTCACGCGAGAGCTCAA	1
TTATGGTGCTAGTTTTTAAG	1
CGAGACTCGTGTGGTCAACA	1
TTAATACATGAAGAGTATCG	1
GTTGCACAAGTCATGAGACC	1
GGAGAGAATGTCATGATAGG	1
ACGATAGTTGTAAAAACCTC	1
ACTTAACCTTCCATTTCGCA	1
GCCTTAACTCATTAACTCCA	1
ATATGAGGAGACCATAATGC	1
AATCCTATTTGAAAGTGCAT	1
GCGCGAATGAACAGCATGAC	1
CAAAAAAATCCTTCGCGAGG	1
TTGATAGAGACACCAACTTA	1
TCATACTTTAGGGCATGAGT	1
ATTAACAAGATTAGCGCTCC	1
ACTCTTCCTCATACCACACG	1
TGCCGTAACACTGATAAAAA	1
TATGCGCGACCCCTGGGCTC	1
TAATAAGAGGAAAAACGACG	1
AAGGAACTAACAAGTTACAG	1
TCTCATTCTCGTTACTACGA	1
CACCTTGAGGGAGGAGCCGT	1
GCACCCATTCCGCGATATCT	1
CCTCTTATTGACGAGCACAT	1
CTGGATATTAATGTATACAA	1
TACGTCCATCACAAAGTAAT	1
GTGCGCAGCGGCAAGGCTCT	1
CACTGGGTGCACACGCCCAT	1
GTCTCGCTCCCCACCTGACA	1
GTACGACACATGGTTGAGTG	1
AACTCGTGACGTCCGCATCA	1
ACCTTCCAACTGCCCATTGC	1
CGATCCACATCAGCTAGCGT	1
TTCCCCAAGATGGTAAAACT	1
CAAAGTTAGCTAATTCGATC	1
AAGTACAAATAACATTCTTG	1
AACGCTCTGGGCAGGTATCC	1
GTTTGGCATATCGCTTAGAA	1
CTCTGACCCGCTAAGGACTT	1
GATAAGGCCTAAAGTTCTAC	1
ATCCCCACTTCATTGTCCTG	1
GCCGCTGTACGCTCAAACTC	1
CATCAGAGCGTAGAACTTCC	1
AGGCTCTCTTAATCCCTACT	1
ATTTAATTATGTTACGAGCG	1
AAGACAGAAACGACATATGT	1
ATGACTACTACCGAGAACTA	1
GCAGAAGCTAGACTTTCTAG	1
GCTTGAGGCTAAACATTGTC	1
TTGCGTTGTTGCCACCGATG	1
AACTATTTGAAGAAAGCCTT	1
AGCAAACGTTACTCCGTAAA	1
ACCCTGCCATCGCCACATTC	1
TCATCCAGCAACTTCACCCA	1
CAGGTTCTACCCTAAAAAAG	1
CCCCTCTGCTAGTACCCGCC	1
TCCGTCCCTACGCGGTCACA	1
CTAATTCCAATTATACTTCA	1
CCTTATCCCTAATAGTTCAT	1
GAAGAAGCATCTAGTCATAC	1
GCACAACATAACTCAAGTTT	1
ATGTACTAGACATAAACTGA	1
ACACATATCCTCAGGGTATC	1
AATCCAAATCCTACACCACG	1
TGCTGTGTACGTACCCATTG	1
CCGCACCCTGCCCCTTAGGT	1
CCATCCCTCTCCCTCTCCGT	1
CCAGTTTGAATATGAATTGC	1
AATCTCCAAAACCCTCAAGT	1
ATCCGGCGTGACCACCGACC	1
CACCGTTAGGGTGTGTAGAA	1
TTTCGTCCTTCAACACTGTC	1
ATATAGAGTATACCCGGTAC	1
AAAATTTCCGCCATTCCCCC	1
CTGCCACAACCCAAAACCTC	1
TTCGGTCGCCCCAACAGCTT	1
AACTTCGAACCTTCTATCAC	1
TCAATACTAGTATACTGTTT	1
AGAAATTGCCTAGTACATAG	1
CCAGACGCGTGCACGGCATG	1
ACTCGTACATCCCCAAGACA	1
TGTGGCATTCATAGCATGAA	1
TAGACGAGCAGCGATTATGA	1
CCACGCTATGCCGAATTGAG	1
TTACAAATTTAATTTCTCAT	1
GAATACTTCCCCTCCCGACG	1
AGGTGAAGATAACAAAGAGG	1
CCGAAGGTCCTACATTGTTG	1
ACAGGCGCCTTTACCGCTCC	1
AAAGCACATTTCCACAGTAA	1
TCTTCAAGTCTCACCCTAGA	1
TTGCGTTGAAGCCACACCAT	1
GCCGCTGGTTTTAACGCTTG	1
TAATCTCTCTGTATAGTACT	1
CAATAAACCTATCCCCGACA	1
ACAAGAACACGCCTGCTTGT	1
AAATATCACGTAACAAATGG	1
TGACGTAGGGACACGATGTT	1
ATGCACTGCACTCTGCTTCA	1
TCTATTTAGCGGAGGTATGA	1
ACACTTGACCCCCTGCTAGT	1
ATGGAGACTAGGAGCGGTTT	1
ATTGAGATTGTTAATGACTG	1
ATTCTAATCCGTTAGCGTAG	1
GCTGAGCCAATGGGTTTTCT	1
GAAGTCAAAATGAACGCACC	1
TATATACGCAGTTCCTATCC	1
CAGGCCCAGCGCGCCCCACC	1
ACGTTTGGGAGCCTGATCCG	1
AGTCATCACCCGGCAACCCT	1
GATTATGGCCCTACCATTAT	1
TACCTCATATTGCGAACACT	1
CTAATAGCACAAGGTTGACT	1
GCATATCCCAGCCAGCCACG	1
ACGCTGATATAAGTTGCAAA	1
ACTCGTAATGAGGGTAATGA	1
AGGCCACACCATTCCGCCCA	1
AGCCTAAACTCCCAGGACAT	1
AAACATCAACACTCGTTTTA	1
ACTTCGCCGGTCAAATTTAT	1
AAGAAAAATTCAGCTGCGAA	1
CGTCCTGCACGTTGGAAGTC	1
GTTGGGGCCCAACAAATGGC	1
GTGACAGTCCCTACTGATAA	1
AAACCCAATGAGGATGAGAT	1
ACGTCAACACACATTTGCCT	1
ACGTATACATAGTACATTAT	1
GTTAACACCAGAACACACCA	1
CAACCATCACACCCCCGCGC	1
CAATAAGTGTGATCCACCTA	1
AGAAACTGCCTGATCATAAA	1
GATGAATTAACCATATACAA	1
TTCCCCTTTAACGAATACCA	1
ATCACCCCGACATAGCACAC	1
GTCTCTCAAGTGCGGACATA	1
ACGAGTAATGTCGATTTCAA	1
TTCGTCCGCATCAATACAGC	1
TTTATGGATACAAGACGTAT	1
GCCTCGCACTCCTCACACTA	1
CCAGAGAAAAGGATATTGCG	1
TGGCTACATCATGTTCCACG	1
CCCACTCACATCACCACACC	1
AAGATACGCAGCTCTGTGGT	1
TTTTGGATGACAGGAGCTTA	1
CCAGTGGTACTTCTGCAATA	1
CACTTGCGTCGTCCGACCAG	1
GCGATCTACACGCGATAAGA	1
GGCAAGCGCAAGAATGAGTA	1
TAACTCAAACCGTGTCCACA	1
TACAGAGGCGAGGCTGTACT	1
GCCCCTCGCCCCGTTATACC	1
ACAGAGGAAAAGATGATAAT	1
TCAGCATCAGGAGTAGAGGC	1
TAAGCGCCTACGTTTTATAC	1
CCCCTGCATCAGGCCAACGC	1
ACATGGAGATAACAGCCCGA	1
AATACGTCTGAACCAAGTAC	1
CCTAAAGACACTGACGCCGA	1
GAGTTTAGCCCCCGGATACC	1
GCCGACCCGCCTACTAGTTC	1
AATCAAACATTGAAACGATC	1
AACCAACTTCGAAGCACCGT	1
ACCTATCAGATCGAACAGCC	1
ACTGTCGTTATTAAAAATGC	1
AGCGCCCCTACTAGCCCAAC	1
GGTCATCTACAACCCGCTGT	1
CCACACTCGAGTCTCACCGC	1
TAAGCTGCAGTCGCATCCCA	1
TGCATCGTGACGCGAACACG	1
CCAACCCTCTTCCTGCCGAA	1
AACAAACATTACACTAAACA	1
TGCATCGCCCCCGCTCCTAA	1
GTAACACGAACATCCGACAC	1
AAAGCCCTCACACCCGCCCC	1
GATTTTGTTAAGCTCAGCAA	1
ACGTAACATATGCTTATATT	1
CCCCATGCGCGATTACCCCC	1
ACCCTACGAAACCTCGGCTG	1
ACCACCACCTTACATCCCTC	1
TGTCATTGTAACTTAGGCGT	1
TCATTGTCAAGTGTTCCACA	1
CACGGAACCACAACCTAATA	1
ATCGTATATGTCTAGTTGCA	1
AAAGAAAGATCCCTCGCCTT	1
ACGCATGTCGTTTCCATAGA	1
GATCCAAGGACCAGCCTCCT	1
GGCACCGAGGACGAATCGGG	1
GGCCTTAAAGTTAGGGCCTT	1
CTGCGACAAACAGCTATTAC	1
TAATAGCGAACGCAAAAAGA	1
GTTATTATCATGCACCCAGC	1
TTTGGCAGGCGCACAGTTTG	1
ATGTTGCTCGAAAGTTCAAA	1
ATAGAGAAAGACCCATGCGA	1
AGGTGATTGCAGAAGGCACA	1
TTTCCGAACTTATGTGCTGA	1
TTCTTCAACCGACCGTGACC	1
GAGAATCGGATCCGGTTGGC	1
TACCGTATCTAATATACCAC	1
CCCCATACCACTTATTACTT	1
TGCAGAGGCACACGCGCGTA	1
CCGGAGGAGAGAACTGCAGC	1
CCGGATACAAACATAACAAA	1
AACGAAGTTGAAACAATCTA	1
ACTCCACATTCATCCGATAG	1
GCATATCGGAGAAGCGCAAT	1
AAAGGAGAGAAAATAAAAAC	1
CCTTAGTTTCAGGTCGACCT	1
AGCTATCCGACAGCTTAGAT	1
TTACTATCCACTGGTGCAGC	1
CACCATTATGCGACAGCCCT	1
GAGGGTATAGGGAGGAATAT	1
AGTGAGCTCATAGAATGATC	1
AAAACCCATATCCCCACCCC	1
AAGTAAGGAAATCCCAAACA	1
CCGAGCTTTTTACCGTATAT	1
AAAACAACGAACGCTAACCT	1
GCAAACAAGCGCGGGGTGCT	1
AGCTCACCTTTCATCCACGA	1
GCCTCAAACAGGCGAGGCGT	1
TGATATGTAAACCAGATTAG	1
CCCACCTACCCATCGCCCGA	1
TTAGGCAAATAAGACAGTAC	1
GCACCCTAGTAACATGCTGA	1
TGGCGCATGGTACGAGTGCA	1
GAACAATACCAAAAGAGTTG	1
GAAAGAAAGATAAATATAAG	1
ACATACCCTCACCTCGTTAA	1
CCGAACATTTTGCTCTAATC	1
TCCCGCGCTTCCCTACCCCA	1
ATTAAAATCCTTGAATTAAG	1
CGCTCCTAGCCAGCCGCTAC	1
ACCACGAATCTAAAATATTG	1
ATCTACTTTATCGCTTTCCT	1
GCTTGCACTAGGCCACAAAC	1
CAATATGACGCACAAAGGAG	1
CATCTCTTCTTATTTCAGAC	1
TAGGCCACTACCTCGCGCTC	1
ATCACCTTTGCCCTTCCACT	1
TGCAGCCATACCGCTGTTCA	1
TACTTAAGGACCGCCGACTT	1
CACTTCTGTTGGCAGAGAAA	1
CGGATGGACGCTCGTGATTA	1
CGTATAAGTCTATTATCGAT	1
ATTCCAGAGGAACCATCATG	1
ACCGAATGATCCAGCGTAGT	1
CAAGGAGCATTATAGAGAAC	1
GATCTTTCCAAAACATACAC	1
TGCAAACACATGTTTCTGCC	1
TATGATCAAAGCCGCGTCAC	1
CTGGACGACCATAGTTCGGT	1
GTTTGGCACTGATACTTCTG	1
GGTCATACGACTGTTCGACG	1
GTCAAAAGTATTGTGGGGAA	1
CCTGACCTCTTGCGACGTCC	1
TCGAACGCCATCAAGCAAGA	1
AGCGTCCTCGCAATAAGAAG	1
TTGCGAAACGCTTACTAAAG	1
AAAGCACCAAACTACGCGAC	1
CAAAACCCGTGCGGTCAACT	1
CCACACCGCAACCCTCCTAC	1
TCACAATGTAGTATAATATC	1
TTATGATAGTTTCTCCCATC	1
ATTATTGAGAGAATACCTGG	1
ACCTTTCGCTACCTACGCAC	1
CTTCCTTCCGTGTTAACTTA	1
TACTTATAAGTCTATTTAAA	1
TACCATGGACACAATGAATA	1
AATACACCACCTATTCGACT	1
TCGAAACGGTTACTACAAAA	1
AACAATTATTCTCACCGAAT	1
CGGGGTAAAACGTTGGTAAT	1
ACCGTTCCACATCTGTTTTG	1
TGCTAGTGCTCGACAGAAGC	1
AAGCGCACAGTCTGACGATC	1
TTCAATTAACTGGTCAGTCT	1
GTTATAACGGAAGGTTTACG	1
AAACCCGCGCTTGATAGATT	1
ACCGGGCTTATTTTGATGTA	1
ACCTCGGGGACGCCATTCTC	1
AAATTCACCCCACCTTCATG	1
CGTACACTCCCGCCACTACT	1
CCGGTAAATGTACACTGGCA	1
ATAGGGGTAACGCCCACACT	1
ACAATGAGCTCAGAGATCCG	1
ACCTGGTAAATTCAATAAAG	1
ACACATTTGGTTTTGGAATC	1
TACGAGCATTCGACAATAAT	1
CCTGATCCCACCAAACGTTA	1
TTTATTGCTTGATACTATGA	1
GTAGGGCGACGCTTCAACAG	1
TTGTATAAAGTTAATTGACT	1
CTGGACGGTTCCACGTCAGC	1
AATCTAGAATAGTTGCCCGC	1
GTATCACCTTCACGACCAGA	1
ACATCCAGCTTCCCCAGGCC	1
CCGACTTAGAAAATTCACTT	1
GAAGTAAACAGGGCATGCAA	1
ACAACCGACCCTGACCCTCC	1
CGCTTTTCCGCACGACGAGC	1
AGAAGAAAGGTTAGTTCATT	1
AAGCTCACCCACTCAATAAG	1
GTCCGGAAAGAGACAGTCAC	1
CGTGCCTTGGGGATGCTACC	1
AGCTTAGCACTCCCTATCGA	1
ATATCATTTCTGTACGACTA	1
TGAGTCCCCCTAGTCTAAGT	1
TTATTATTACAGCTCATTGA	1
TTACAGATTAAGCACCGCTG	1
TCTTAATAGGCGAACAATGG	1
TACTTACACGGTTATTCCTA	1
GTTTAGTAGTGGGACGACGA	1
ACGCTTCTTTCGACACTTGC	1
ATGGGTGCACTAGTGCACGG	1
CAGACATAGTTATCATCTAC	1
TCACCTTGCACACTTAATCT	1
TCAATTTTTTATAATACCTA	1
AAACAGAAAATGAATGTACC	1
GTACCTTTACACCTTGATTT	1
AGCTACCTTCGTGATCGAAT	1
ACGACGCCATGGGGTAATGG	1
TAGAAATGTGTTCATACCAG	1
CTCAATGTACGCCTTTCAGA	1
AAGTGTAAAGGGCACGCTAG	1
AAGGTTACATGTGGATTCTT	1
TTACAACACCTCCCTCCCGC	1
AGCCATACGACTTCCGTTTA	1
GTCACACCGCTCAGCACTGG	1
TCAATTCGATAAAATCCCGT	1
TCGTCCCTGGACGCCCTAAC	1
ATTACCAAATAACACATAAC	1
ATGGCAACTTCTTATAGGTG	1
TAAAAGCGCTTCACCTTACT	1
GATTAAATTACAGCACACGA	1
CCTCGGTCGTCTACTATTCC	1
CGAATCAGGAATATCACGCG	1
GTCAATTTGACTACGTTTAA	1
AGAATATTCCTCACAGGGTG	1
CAGAAGTGGGATCTCCAATG	1
CGCTCACACAACGATACATC	1
ACCCCCATATAATCGGCTCA	1
CACATAATGCGCCTGTAGAC	1
GCAAATTATTACTACCGGCC	1
AATGGGATGCTCAGCAAAAT	1
TCGTATATAGTGACGCGATT	1
CCCACTTGTTATAAGTCAGA	1
CGCGGGGGAACGAATAGACT	1
TACCACAACTCATAGAAATA	1
ACACACGAGCAAACGATAGC	1
GCTGTTAGTGAGTAATCCAA	1
CTAATTCATGTAAGCAATTA	1
ATTAGCTGACTCTATGCATA	1
CACCGGGCACCGTAGAAGTC	1
ATAAAAATGCCTAATGGACA	1
GTGATGGACATGCCGCCCTC	1
AGGATGAAGGAGCGAAAGCC	1
GATAACCTATAGATGACCAC	1
GGATCGGTAGGCGAGGGTCG	1
ATCCGATTTGGCACCGTTTT	1
TATAAGTTCGCTGGGTGCGT	1
AATGAAATATAGATTTTATC	1
TCATCCACCTTCTTTATATG	1
AAGCCATGCTTTTGGGATGG	1
TAGCACATGCCCTACTTAGC	1
AATTTTTAGACTACTGAGGG	1
GCTCTATATAGTCTCCACAG	1
AAGGAAGTTAAAAAATCCTC	1
AGGCCGACTGCAACTTACTA	1
ATTACCCCCTTAAATGTTCT	1
GGACTTATATATGCTAACTG	1
CAAATTCGAGATAAAAACTG	1
ATACAGACGAAATAAAAGCA	1
GACGCACGTAATGACTGGTG	1
TTTATTCCCACCCCACGCAC	1
GAATGCCTCTACACCAACCT	1
GGTACTCCGAAATGAGTTCT	1
TCCTGAAATTTGTATCCATC	1
TTGAGAGCATTACATTTCTT	1
ATGCTGTCCAATAGTTGCAC	1
ATGATGTACTACTGTGTACG	1
TCCCAGTGTAAATTCGCGAC	1
ATCGAGCTAACTCAAACGTG	1
TCACAAAAGAACACACAGTT	1
GAGAGGGACCGCGTCTCGCC	1
AAATCACTCCCCTTTAACGA	1
AGAACGCAGTACAGCCCTGT	1
ATCACCCGTCACCCGTCCCT	1
ACGAGCAACATCTGAGTAGT	1
GCCGGCCCTCCTCTTACCTA	1
CACAAACCCAACGCCATGAC	1
GTGCATAGAATGATACGGAA	1
GAAATCGACTTTTGCTGAGT	1
AGGTTTAGATTCGATTGCAC	1
GTTACCCCTCGTATTAGTGA	1
AGCCCACCGCCCCACCAACG	1
TCTATCCCTAGAAGTCCCGC	1
CGCTATCAGCAATAACATCT	1
CAGCCGTACCTCACTAGACA	1
GGACTTCCTCCCCTATTTCG	1
CTTTATAAAACATGTCGCAT	1
AAGGCGCCTGATGCGATTAA	1
CCTAGCTTGCAGGTGATTGA	1
GCCTCAGGGGGACTCGAGAG	1
GTAACGAAAAACCTGCGAAC	1
GAAAGAACACTAGCACGAGT	1
GACTTGGTTTTGTGAAGTTG	1
TCCATAAGATCTACGCGAAA	1
AATTAAATTCCACAAGGATC	1
GCGGCTCCACCACGCACGTT	1
TGGTAGAAGAGAAGAGACAA	1
CCCCTCAAGCAAGCTATATG	1
ACTTGTGATAGCACTGGCTT	1
GACCACTGTTTGTTTCAGGG	1
TTACATTATTACCTTTCCCG	1
ACCGGTTTCCAACAACTACT	1
AACCACATGCCCATTTCCAT	1
GTATGGTGTAGGCACCATTC	1
AATGCGTTAAGAGTCAAACT	1
AGGGTCCTGACCTTTGAAAA	1
CGGCTCCATTAAAATTCGTA	1
GGATGTGATTTCGCAACTCC	1
GAGTCAGCCAAAAAAGTAAA	1
TCACTTTCTTCTATGTACCG	1
CCCGCTCAAATTACTGCAAG	1
CACAAGCCCTACACCACCTG	1
AACATATGAGTTCGCGTACG	1
GACCGTACGCTCTGTCCGCG	1
TTGCACAGAACCCATGCTAA	1
TGTTGCCAACCTACAATACC	1
GGCATGTACCGAGCTTCGTT	1
AAACTTGATGCACAACACTA	1
TAGGTTACTTTTCTATTTAG	1
AAACAACCTTAGTGGAATAA	1
TACGTCTATGTTTCCCTATT	1
CTCCCCCTCTACAAACCTTG	1
TTTTATAGCTATAGACCCAC	1
GCCTCAACCTGCTGTATAAC	1
CTCAGTTAAGCACTGTCGCA	1
ATACAATACAAAACGAGTAC	1
AAAATACTGGGCTCATAGTA	1
GATAACAGCCTTTCGGCGCC	1
GAGTTCAAAAAAGTTTGAGT	1
TAAGCACCACATCGCTCGCT	1
CTGCGGGACACACAAATAGT	1
AACGAAATCGGGTGGAGTGT	1
CCGAATACCAGGTTGATGTA	1
TAGGTACCATAACCCACCAA	1
GTTTATCTCCCCAAGTAAGA	1
CAATATTGAATAATCTTGTC	1
CCAGCGTCCCAGACTAGTTC	1
TTAGCACCGGTAGCCCGACG	1
ACTATGCCTCCACGGATAAA	1
ACGTGCTAACCTACTGTCGA	1
CTACACCTGACCATGCGAAG	1
CATATGCTGACGGCCCCAGA	1
TAGAAGACATTAGCTTGCAA	1
GTAACCATGATGAGTCTATC	1
CCACGCATCGGAACCGGACA	1
ACCACTCTTAACCGAACTAA	1
TTTTATTGAAACATCTACAG	1
ATGAATATTAGCTCTTCCCC	1
CGGCCCTATTTAAACTACAC	1
TAGTTCTGCACGTACAGCCG	1
TTATATAGTAACCTAGTAGA	1
ACCTACACCACCACCCACCG	1
AAACACCAAACACAGGTGCT	1
AGCGCTTGTAGCCCCTCACA	1
GGAACTTAAAAGGATCTACA	1
CATGTCTTGGATCGCAACTC	1
GGTCTTGTTAACGCCTATCA	1
GAAAAGGAACGTGAATCTCT	1
TGCTGACAATAAGAGTTAAA	1
CACCGTATGATGTAATCCGT	1
GTCTCGTGCAGCGATGATCC	1
GCCACACCCTTAATGCAATT	1
GCTTCTTCTCCAGTAACTAT	1
TGTACCGGTTGACTTATGAC	1
CGGGGATGCCGACATAAAGC	1
ACTGACAGCAGAACACTTAT	1
ATTCTCAATATACAACCCTC	1
TAAGACCATAGAAAGTACAC	1
CCTTTATAGAGTATTCTACT	1
ACGGAATAAATGTAAGGTTA	1
GTAAAAGATCACAGATGATA	1
TCACCCATCCCGTACATAAC	1
TAATAGGTACAGCATCCTGG	1
GGCATGGACCGTGCCCCGAT	1
ATAAAACCTAAAAAGGCAAC	1
CTATTTGGTCATTAGCTAAT	1
AGCACCGTCATTTCTATTTA	1
GCGAAGCCGTCTTAAGCTAG	1
ACTAATGTGAGCAAATGGAA	1
TCCTACCCCCAATGCACCAT	1
GATAAAAACTGGTGCTTGGT	1
CTTGAGAGTATCATGACCGC	1
CTTTTGCACATCTTCCAAGA	1
ATCGTCCACTTAGTACAAAC	1
CCTAATATACGCATAGTTAA	1
ATTCGATATAATAATACGCA	1
ATGGAGGCACGAAACTTTAG	1
ATAGCAGGCAGCACTGCCTG	1
CAAAATCTATGCTGCTCGCA	1
CCCTCGACCTGCTGAACAAG	1
TGGTGGTTTGTTAATATAAC	1
ATCTAGCGTCTCGACTCTCC	1
CGGAGAACATTTGAGAGACT	1
TTGGATGCCTGTTATTACTT	1
ACCGACTTGGGGCCCACCCT	1
TGAACTCATCATCCTGTCAA	1
GCAGCTCCCACCGCCTCCCC	1
TTCAAAACGGGTCCGCCGTA	1
AAAAGGTCCATAAATTGAAA	1
TTCCCGAATATACTGAAAAT	1
TATACTTGACTAAGAGGATA	1
ACATCCATTTAATCCTGCAC	1
AACGCCCGCGCGTTAGCTAA	1
AATATGCCACAAGCTTCACC	1
ACTGCCGAACCATGAATTAC	1
AATTCTCTTCCCAAAATAAC	1
AACGGCCGAGCCCTTATTCA	1
TACGAACTATACAATAAAGT	1
GCTGTACAACACTATAACTC	1
ACATTCTCACTTGTAGAGAG	1
TTCTCCCTGGAAAAATTACA	1
GATACGCTAAGCTCATAGCT	1
CACACACTGCATGATACGGC	1
ACCGAGTCCAAAACATAGGT	1
GCAGACCGTTTCATCGTAGC	1
TATGATGTGACCCCCAAAAC	1
GCATTGACCCTCCCCCCCCG	1
TTGCGCAGTGTCTCCTTCCA	1
GATAATACTCACGATTTTGA	1
ACAGATGTGCGATTAATCAT	1
TCGCCCCCCATCGATTCCAC	1
TGAATACTATTACTAGAGTG	1
ATCTAACACCTGCGCCAGAG	1
GCAAGGGGCGGCCCCGTTCC	1
ATAAAACCCCTGCATGTCCC	1
TGTTGGAATTGAACATGTCG	1
TTATGGTATTATTTAGCGTA	1
TCCTGGAGACTTTGGAGAAT	1
ATCCGATATAAAATATGTAG	1
TTATTGCGCGGTTGGGAATG	1
CGGTTGTTCACTAAGCTAAG	1
TAGAAACGGAGACAGGACTT	1
TTTAACAGCGAACGCCCTAC	1
AACGAGGACAAACTGCTGCG	1
TACATTAGCAGCTGTCTATA	1
CTCCCCGGAAAAAACCTTGA	1
AGCTATGTTATCCCAATCTT	1
CCACGGCGACAAGTTGCCCG	1
TATAGAAACAGATTAAAAAA	1
AACAGTCAATCGAGAAAATA	1
AAACCCTGTCCTGGCAATGA	1
CACACGATCTTAAAGCTGCC	1
AGCAAAAACCAGGGCAATGC	1
GAGTACGAGGTTGTAATGCT	1
GATGTACCAACCATGGCCTC	1
CCGAGCAATGACTTTTGTAT	1
ACCGTTTTTTGCTATATTAT	1
GCAGATTTCAGATGTGACGC	1
CGACTAATACGTCAATCATC	1
TTCGGTGCGCCCGAGCGGGA	1
ATACAGCTGACTGTCCCGTT	1
TAGGTATAGAGCAAACGGAG	1
AGGCATCACGGTGTCGCGGC	1
AAAAACATGGGGAGTTTGTG	1
CTACCTCCACCCTGAAAAGA	1
ATTTAAGACTATGTAAATCT	1
GCGGGGCAGTACTTGAGAAA	1
ACTCTTTGACACCTGAGATC	1
ACCAATGGTGTAGTTTACCC	1
AAAACTGCACCGGGAAAAGA	1
CCACCTATTCGCAGTAATAG	1
CCACACATTATATTGACCTC	1
TGAGAACCTACCTGGTGATC	1
CCACCTCATTCTTTCGGTTA	1
ACACTTCCGGGAGAGTTTCG	1
AACGCATCAACATCTGCAGT	1
TTTTTGTCAAAAAGCTGGTA	1
CCCAACCAGGGCACCACCCC	1
CTACAAGAGCCATAAACGCC	1
TTTATACACATTCCAAGAAG	1
CATTGCATCCTCCACAAAAA	1
ATGCCACCCCACAGTTCCCT	1
TCTTTGGCAGCTTGGCCGCC	1
GCTTACGCATCACGAAGAGC	1
ATAGCCCTAGTTCCTTGCTC	1
AAAACAGCCAGAACTAAACA	1
ACAACGTGACTGTAGCATAT	1
AGTGTATACAGATAGGCCGG	1
AGCCCAGGACAACTCGACAT	1
TACTCGTTCTGCGTTGATCG	1
TTTCCTTCAGCCGAGTCCCA	1
GTCTAGGAAAAAAATGTCCT	1
ATCACACGTGATTATGACTT	1
CTCGTACTCGGTGTCTGTCT	1
TTTTAAAGATGCACACTAAA	1
GATTTTTCTTATAAGTTGCG	1
ATGTTACGTGCCCGGCGTGA	1
ACAATCCATACAACATTCTA	1
GTTTGAAGCTATTGGAGAAA	1
TGTGACTTGTGCATAATATT	1
AATAGAAACGGAGAAGCCTC	1
ACGCTCCCAATGGCAACCAT	1
CATTGACCACGATATGGTAA	1
AGGTTAGAATATTTTATATA	1
TCCCAGCCCAGACCCAACCT	1
ATATAATGCTTGCCACCTGT	1
CCAAAGGCTCTGAAAGGAAA	1
GCCCGTACTCATTGTCAACA	1
TAAACTTGGAGGTCCACTAA	1
AATTATACACACAACTGAGC	1
AAACAAAAAAAGAGAGGAAA	1
ATGGATTTCCACTGCTCTCC	1
GCTTACACAGTCATTAGAAT	1
GCCATTATGATAGCAATATC	1
ACACGCGCGTCTTCGGTAAC	1
TCCGGATTCTCAAATGGTGC	1
ATGTTCCCTGCAATCCTTAT	1
GGTCCGGACCCTCACGCATA	1
CCTCAAACTACCTGCATCTT	1
TGTATTTGCTTTAGTATTAT	1
CATAGACGATGGGATTACGC	1
CCCTGTTCATATTCTGCCTC	1
AAGCACATTACGCCCCCCCA	1
ACCATAAAGAACGAGGTTTG	1
CTTACACCGTTTGCCGAATC	1
AAGTGAGTTAAGAATATTAC	1
ACATAGAAGGTGTTAGCGTA	1
CCATTTTGCCCGCCTATTTT	1
TCTCTCATTGATTCTGTGAG	1
ATCCGGTTTGCACTAAACTG	1
CACTAGACAACTTCTTAAAT	1
CCCAACAGCAAGCAGCCGCC	1
ATTTTAGTAGTATGGATCCC	1
CTTTGACCACCCACCTGATT	1
TGCAATCTTTCCCGCCCCAC	1
TGGACCGATAATAACTTTTG	1
ACTGTCGGTTTGCCTGAACT	1
TAAAATCATACGACAGCTGA	1
TGTTTACGGCGAAACTACTC	1
TCCATTCTTACAAAAACAAC	1
AGAAACTCACCCAAGTATTT	1
AATGCCGCAACTGCCCATCC	1
TCACACACACACAATACTCC	1
AACGCACTGACAGATTTCTC	1
CTCCCGAACACGTACCGTAA	1
AAAGCTGAAGTACCCCAACT	1
ACGACCCCCGACCCTTCCCG	1
CGGGTATCTCTCTACTTAGG	1
TCAGTCCTTTTAACTAGGAA	1
ACTTAACCCATTGTCTACTG	1
AGTCAATTAACGAATCGAGC	1
AGACAAAAGGCTTCTGCTAA	1
ACGACCCCCACCTTGCCCCA	1
ACATCAATCTAATCAGAGAC	1
TCTTAATCGTTGGCTAAATT	1
TTGACACACGACTATATACC	1
AGTTCGGACATAAACGGAAC	1
CCATGTCTAACTTGTCCAAC	1
GAGCGGTCACAGTATTAATG	1
ACCACTACTATAAACTATTT	1
GTTTACCCTAGCCCCCAGCC	1
AACCCCTCTACCCCTCTCAC	1
TTGACCTAACGCTACGTATT	1
GATGCCACTAAAGGGCACGA	1
TGGTTTCCCTGCCCCACGAT	1
TGACTTATTCCTCTTGTTAT	1
ATTGAAATGTTAGAAAGTTC	1
ACGCATATGTATCTCAAGTG	1
TCAAAGTCTCATACCTGTCC	1
CTACCGTGACCTCCCAAAAA	1
TCGAAACTCACAACCACATA	1
CTAGTTTAAGACGCCCACCC	1
AGAGCCTTTCGAGGGCGGAG	1
AAATCAAGAAGGCTGAGGAC	1
AACGCCGACATCAACTGTCC	1
CAAAATATCAAAATGCCCCA	1
CAACACTGTATTTCCTACCT	1
TATGGTAACCCTGTCAGCAG	1
GAAGAATGCACTCTTGTATC	1
ACCTGACCGCTGTGGCCTTC	1
AGAGTCAGTGGTCAAACGTA	1
ATTGGATGATAAAAACTGCA	1
TTCCCTTACAACGCGGGCTG	1
GCACGCAATGATCCAAGACA	1
TAAATCTATCATTGGACGTG	1
AGAGCGAAACTGCAATTTTA	1
ACGACGTGTCACTTAGTGGC	1
GTAAATCAGGGACCTACCTT	1
CACGACACTCTGCAGGGCGT	1
ATCTGAGGCCACCATGGGTC	1
CGCACATTGCACGATAACCG	1
AAACAAATAAGAACGACCGA	1
CCGGACCGTGTAACCCTTGC	1
ACCCCCATCTGTCACCTCAC	1
GAATCAGAGTAGCGTTTGAG	1
GATTTCTCACCCCCATTACT	1
GTTTTCAGCCGTCACCTCTG	1
CTGAAATTGCTTGTTATACG	1
TAATGCCAGTTTGACCTTAC	1
TGACATGGTGTTGAGACGCT	1
GCCACAAGCGTGCTCGATCA	1
GTTCCTGTTTGTACTTTATT	1
TCGGTTGTTACCCCCCGAAC	1
TCAATAAATCCGTCAAATTC	1
TCTGCTAATTCACACCTGTC	1
ACACCCGCAGCCCCGCAACC	1
ATCTGTCAAGAATGCCCTTC	1
CCGAACTGCGGCCGCCTCGA	1
GACAGGGCTCTAAGGAGCTA	1
AGAGGGACGCTAAAAGCTAT	1
TACATGTGTAGATTTGACTG	1
CGACCTAATTACGGAAATGC	1
AAGCACGACGTACTAAAATG	1
CTTCACCCTATGTCTATCCC	1
CAACGACTAAGAGAGTGATC	1
AAATACAACCGGTATCCCTT	1
AGAAAATGTCCTCTTTGTTG	1
CACATCCAACTCCCGAACAG	1
TAGCACGACACTACCCACCA	1
GACACGACTGCGTTAAACAC	1
CCCCACCGGGATGGTACGAC	1
GGACACATAAATATGAAATA	1
CAATATCTAAGTTGCCCCGA	1
AAACTAGAACGATGCTCCAG	1
TGAATCACAGCTTCGGCAAA	1
CTATACCCCACACTGGGATT	1
ATTCTGCAATAACCCAGGTA	1
CGCTCTAAATTTGAAGTGCT	1
GCTAATGCTGATTCCAAGCC	1
GAGATGTATGACTGTTTAAC	1
TGTATGAATCCACAAGCGAA	1
CCCTCATCTCGCACTATAAG	1
TCCATATGGCAACGGTCTAC	1
CAACAGTTCTGAGATCGTTG	1
AATGGCCGCCATACACGTTA	1
CCAATAACACCACGCGTCCA	1
TGACATAAATAGGAGCACCC	1
TAAACTGCCTGTACCCACAA	1
GTCACGTAAACGTGCGATAG	1
CTCCAAACATGGTTACATTT	1
TACAGTAACACCACGCACTA	1
TATTAATTGTCCGTATTCTC	1
TTTCCCGTGTTCTCATGCAT	1
TTGGGAGGGACTTTAAATAC	1
CGATAGCAAAGATAGAGTTG	1
TAATGATTACGTGGTTACCT	1
CATAAATACCGCAGAGCCAA	1
TAGAGTTTATACGCAGTACT	1
TACCGAATACAGCAATTCCA	1
TTTAGTTAGATTCCTAACGG	1
CGACCAAACATTTCTAATTA	1
ATGACAATATTTCCATAATT	1
CCATTTTTTAATGTCTGAAT	1
ACTTAAATACTATAACGTAG	1
ACCCTGTACCCTCCCTGCAA	1
TTTATCCGCGCAATTGATGC	1
AGCACCTCTTACAAACAAGG	1
TAAAAGAATTAATAATGTAG	1
CCGTGACATCCCCGTTGGCA	1
AAAGGAAATAGAGCACTATC	1
GAATGGATTACTAGGGAGCC	1
GGGCAATAGTTGGCGTCAGT	1
AAATGCGTTTATAAGGCCTC	1
GTAAGAATGCGAAACAGTCA	1
TTATGATGATTACCACACTC	1
GGCACAATTGCAGCAAGCTC	1
CGTCCAACTGCAATAAAATT	1
AGTGGACAACTCCTCCCAAG	1
AAAACCCTTTACTTCAATTC	1
GCCTCACACCCCAACCACCT	1
TAGCAATACCTGCGGCCTTA	1
GTAGCACACTGCACCCAGAA	1
CACTTCTGAAAAACGGAAAG	1
ATGTAGTCTTACACATCGCT	1
AAATAGCCCCTTTGGTGGTG	1
TGCTGATGTATAACGTAACA	1
ACCCCTTCCCTAAACGAGTA	1
GTATCGCTGCTAGTACCCAG	1
AGACAGCCAACCGAATATTG	1
CTGCTAAAAGGACAGATTGC	1
AGGAATTATCCACCGAGTTC	1
GCGACAATAAAAGGGCCCGT	1
TTCCACCGCATTACGAACAC	1
AATTCTTTGCACCCCCTGAA	1
CCTTATATGGTGCAAGAAAT	1
AATTATAGTCTGGAGCTGAG	1
GTCCCGCGGCAATAAACAAA	1
GAAAGACAAGCTATAAGCCA	1
TTACACCCTGCCCGTAACAT	1
TCTTCTGCCCACTATCGCAC	1
AATTACCGTACCCGGTCGAC	1
CCGGACCTTCAGTCATTCTA	1
ATTCAAAATAAAGCCTCACA	1
ACCCGACTGATCCGCGCTTC	1
AACTTAGACATGTCGAATTT	1
GATAATAGGATTTAGGGAAA	1
CTGGAAAGAAGTCAATTATG	1
AATCGTTTCCTCGCGAATAT	1
TAGGCATTTTACACTAAACA	1
CACCGAGCCTGGGAATTAAT	1
ATACCTGCAAGAATGTGCAC	1
AAATAGCTTCACAAGTCCAC	1
AATGAACAATATAGTCCGCC	1
TTTGCTTTTTCTTCAGCACA	1
TAGCACACTGGTCCCCATCT	1
TCCCGGTCCTCAATTATCGT	1
AGTATACATTAACGCTTGGC	1
CAACAATCCATACAATGATT	1
CTAGCGACCATTAGCACACG	1
TCGATCACGCTGGTTCCCTT	1
ACCGCGATAACTGCGTAAAT	1
TGTGCGATTGGATGCGGGTA	1
TCATTGCTGCAGCCCGCGCT	1
TTGCATCACACCCTATATCC	1
ACGAATCGCATCCTAACATT	1
TCATATGAAGCAAATATCAA	1
CGAAGACCGACTGACGTTTG	1
AACAACGGCATACAACTTAC	1
ACGCAAAAAGCGACCCCAAA	1
CCTGCATATACAGAATTTGT	1
CTTTCTAATGAAACGCTTCC	1
AAGACTAACACAGGGAAGAA	1
ACTTACCAATGGCTACCGAG	1
TGAAAATAAAGGATCGCAAC	1
GTTGGGTTGGGCAAGAGCTG	1
AAGGAGAGCGCCCGTCAACT	1
GCTAAGCAAACCACATAGCC	1
CAACTATCCAGCATCCTAGA	1
TCAGACCGGATATTTTTTTT	1
GCATACCCACCACACTTTAC	1
GATAAACCCCTATCTACCGC	1
CATAACCAATCCCGCCACTC	1
ACCAAAAACTCCATGTTTTG	1
TCACACTTGACCCCAACCAG	1
ATATAATTCACTAATTGATA	1
CACCTACCCAAATATGACTC	1
ACTCTTACACTACTTAGTAA	1
CCGCACCACCCCCTATTCCC	1
GTCCTGCCACGCTAAAATGT	1
TGACCCCGAAGCATCTGACT	1
GTACACTGTACGCTATCAAC	1
CAAGAATCGGCCACATCCAG	1
TAACTACGCAAAATACCACC	1
AATCTACCGCCATGATATTT	1
GAGCAGAATGGCAAGTTTTC	1
GGGGTCGTCTCTAAACTCAA	1
ACGCCCACTCTCTTAACCAG	1
GGATGTCTTCAACGAATTTG	1
AAGATGCTTTTATTCATTAA	1
ATTAAGCGTAATACTCATCG	1
TGTTGTTGCGTTGCATAATT	1
GTGGTCGCTGTACTCCGCTC	1
CTGATAATTCACACTCACTA	1
CCCTTTGTGCTTCACGGACA	1
GGATCATTGATTGGTTTAAC	1
AAGGATACACTGCGACAAAT	1
TGCGCCTTCTTTACCCGTCA	1
AAAGAAGTAAAGGTAAATAC	1
TTGTGATGATTAAGACGAGA	1
AAATAGATAGTCCCGACACC	1
AAACATTTTATTCACCTTTC	1
CGCGCCACCACACTCCAAGA	1
TCGCTAGGATAGACGTCATC	1
AGCCAAACCGTACTATGATG	1
CTAGTAGGACTTGTTCAACA	1
TACCATTGATACAGACAAGT	1
ACCAACGGCACCCTGGTAGA	1
ATACACCGCAAAAAGTGCAA	1
CTAACCATCACGCTTATACA	1
TTATACGGATCACTAACCCT	1
CTACTTAAATTATGAATCGA	1
CTACACGTATAGCTCATATT	1
CATCGCTCTTAAGTTGCTCA	1
ACCTAAGTACCAACCTAAAC	1
TACGAATACAGTCATGTCAC	1
GGGTATGGTAACACGGTTTT	1
GGGTATGACAAGCCCAATCT	1
TTTTAAAGGGACCCACAGGC	1
CTAAAAACACTGTGCGATTA	1
GCCAAGAAGACCCCGGGCCG	1
TAAAATTAACCCACCAAAAA	1
TAAACAGACAATTTTACTAG	1
GGAACAAGACTACATTAATC	1
ATTGTGTGCGCCAACGACGG	1
TCTCCCAGTCGCAAAGTTAC	1
CGCCCCGGCAGTATGCACCT	1
CCCCCACACTACCCTTATCA	1
ACCGGTAGAACTTATCTTGC	1
GTCCAACGCTCCGTAATAAC	1
CACGCTAACGAGGCTGTTGT	1
CTGGCAACCTCAAGTAACAC	1
ACATGTCACGACTCTAAAAA	1
TGTGCACCGCCGGAGTGTAG	1
ATGAACACACCCGCGATACT	1
CAACTCGTGAGAAAAAATCA	1
TACTACTCCAGCTCCGCACA	1
TCGCTGCAATATTCCGCGCG	1
GATACAAGTCCTTGCATCAC	1
ATAGGAATGAAAAAACAGCG	1
CATATCAACCACCGTGGCCC	1
ACTCTGGTTACCAAAATGCG	1
TACTGCGTACTACACACCCC	1
TCCTTTTAATCTACGTTAAA	1
AGCTGGGCAAATCTAATGCA	1
AACAAAATTAATGTACAACG	1
TAAAACAGCCGGATTAACTT	1
CATGATAAGCAAATGCAAAG	1
CTTCACACACTAGAAGTTAC	1
ATGAGCCCACTCTGATCTGT	1
GAGACATATGTACGCCGCTA	1
ACAGCAAGGCCAACCGTCAT	1
GAAGGATGCGAGCGTATTTG	1
TATTTCCTATTTCTCCGTAA	1
CCGGTACGTCTGCAGCGTTA	1
AAAGGGTAACACGGTAGAAT	1
GTCCCGCATCCCCACTTTAA	1
GCTCATAGCGACATAAAGCG	1
AAGCGGTATGTTCTTGAAAG	1
CTGGTAATAAATACCTGAGG	1
ATTAGAAAACGTGTGAAGTT	1
GAACACCCATCTCCCTGTTC	1
ACATCGCGCTAGCCTTCCCG	1
ACTAAAGAATTGCTCTATGA	1
TGGCCGTGAAATCTGCAATA	1
TTACCAACTGACCAGTGCTG	1
GTTTTAATACTATGTCCTCA	1
GGTGTCTGATCGGACGAGTT	1
CGCCGTATCCCGCAATCGAC	1
CTGCCGCCGGGCTCTGATCC	1
CTAGGGAAGAGTCCCCCCCT	1
GTTATGAGATACGTTGAACT	1
TCTCACTCAATTGCTATTCC	1
CGGCCTTCATCCCTGTTCCC	1
GAATACGGGAGTCGTATTTA	1
TACGCCACCGCACACCACCG	1
AGAATAATGCTTTAAACACC	1
CTTTTGCTAAATGATCTAGG	1
ATCTAGCGAACATGTCCCGA	1
TCAAGCAAGTCGACTTCTTA	1
CTACGCATCCGAATAAAACG	1
ATCTCCCTCATCAATTTCAC	1
CTACGTTAATTCCTATCTAA	1
AGCGAGACCCTGCCCGTACC	1
TGCAACACCGTAAGCACCCC	1
AGAAGGCAAAGGATAATTTA	1
ATAATGCCTACATCCGTGGC	1
AATTTTGTTACAACGACACC	1
GCCGTAAGAAGAACCTATGC	1
CATTCAATCGACTTATTCAA	1
ACGGAGCGAGACTGCCCCCC	1
AAATCAAAAGTACGCGACTT	1
GGAGACCTTACACATTTAGG	1
TGTACCGACACCTTTCCTTC	1
GTGTTCCTCATCTGGTCTTT	1
TATCAATAGGTTAAAGCACG	1
ACTAGTATGCTTCACTATAC	1
AAAACCAGACCTGCCTGTAA	1
GCAAAGTAAGACGGGTTGCG	1
CAACAGCTGTAAACTACTCG	1
GTACACACTCAGTTACCCCG	1
ATGCAAAGACACGATTACGT	1
TAACAGTAAAACGCTACTAC	1
AAAACATACGTTACTTAACA	1
GCATGCTATCCATAAACTCA	1
ACCTGGGGCTAAAAGTCGCC	1
ATCATGAGTGGAACCAATAT	1
GAGAATGAGAAATTCATAGA	1
AAATCAGGAGCCAGGCAAAC	1
GTATCATGAAAATCGGAACA	1
AGAATCGATCCATAAACCTG	1
TACCGCACTTGCAGCAAGGT	1
TATCCCCTTATGTAGCACAA	1
GCACCGTCAGTATGGGCCCG	1
ACTTGCCTTATACGCCCCTT	1
CAATGTTTCTGACCTCATTC	1
GGTGTAATTCACAGAACAAA	1
GGATAGGGCCCTCAACACTA	1
ACCACCCAATATATATAAAT	1
TCTCCTCCCTACCACAACAG	1
TAGGATGATCGGAGAGGTAA	1
TGCTTCACCGTAAACACCCA	1
CCAGGAGCAACCTTAACGAG	1
AATTAACAATGTAGGTAGTC	1
AAATTTCGATAACGGGTACG	1
ATGTCGTGATACCAGATTAA	1
GCGGACATGTTACGACCTGT	1
ATGGTCTCGCAATCTATAAA	1
GAAAGAAAATCTAGTAATAC	1
TCGTTTCTCAGAAAGAGTCC	1
CCCAACTGGTATACCTATTG	1
GACCTCAAGAGGCAGCATGT	1
GTACATGAAGTGAACAGATA	1
TGAATTTAACTGGCATCACG	1
TATTCGCAACGGGGCAGTAA	1
TAACAAGGGGGTACCAGTCG	1
CGCCCGTTGTTATCTACGAG	1
TAAACTTCACCAACTAATCT	1
GTCTACATGCGCGTTATACG	1
CGCTCTGTACAAAGCTCCTC	1
GATTTAAATTCAGTTTACCG	1
TTGCTCATATATTACGTCCC	1
ACTCAAAACTGGAACTCTAC	1
TCCGCAATCTAGGTTTGCCG	1
AATAACACCCTAACTCACTA	1
AGACTTCACATATTAACACC	1
TGAGTGAGCTGGGTAGTCGC	1
CGGCAAGCTCAAGAGGGGTC	1
CTTGACGTATCCCACCAATC	1
AACTCAATACGGGAGCCTCC	1
TAGATGGTACACACATAATT	1
CAACCACCTAGGGGCCAGAC	1
CCACCACCGCTCTGAATTCA	1
GCACCGTCTCGATATGGCAC	1
TTGAACAACACGTGACGTTA	1
TCTCACCCTGACCAACGTGC	1
CTAGCGATACATTCACAATC	1
CTGCACCCTCAAATCGTCCC	1
ACTTGAACAATCGGACGTAA	1
CCAGGCACTGGTCCCCTCTA	1
GGCGGCGTTGGATCGCAAAG	1
ATGGCATAAATAAGTCTATG	1
AGCCAACATCCATTCAATAT	1
TGTCTGTATGTAGATAAGCT	1
AGGATCGGCAACACTCCCAT	1
ACCCCACACACACCAGATGA	1
TATTAATCTGTGGCATTTAG	1
CACACAACGCGATCTTCTCT	1
CACAAGGTTATTCTCAAAAT	1
AAAACGTACCCCGAGTACCT	1
CGGAGTTTGCCGAAGGTATA	1
CCCGTTTATTGTTTCACTGG	1
CATCTCTCCGACGGTTGTAC	1
TGAACTATTTACACTTCCAC	1
CCCCTTCCCTATGTTAGACA	1
AACCCTGAGTTTCCTTACGC	1
AATTATGAAGGACAAAGATA	1
TGACAAATTGTATCTACCTG	1
CGCACCTCAGTTAGTTGCAG	1
CCATCCTCCTAGTAAGCACA	1
ATACGACCGCCGCACCAGCC	1
GCGCAACCTACAAAAGAGAA	1
AAAAAATGCCTTTTAAACAC	1
TCAGTGGGCAGGTAACTCAC	1
AGCTATATATTTGTCTTACG	1
CGCCGGATAGCGATCTTTAA	1
ACTTGTGACGTTACTTACTT	1
CGTACTTGTATTACACTGGA	1
GTAGAAAAGTAAACGCAAGT	1
TATCTGGATTGGTCGCTGTC	1
CCCAAACCACGCCTATGGTC	1
ACGGCGACACGTGCCAAAAT	1
TATATCTCGCGATACACCCA	1
GTAACCCAAAGGTCGGTTCT	1
ATGTGCCTCACCCATAACAA	1
CCCACACACTCTTAGCCCTT	1
CGGGACATTTACAGATTACT	1
TTTCGCGAAACATTCACGCA	1
GAAACAAGTAAAGGCGGGGT	1
CATTGCTAAGGGACATCATA	1
CTGAATGGACGCTAGACCCT	1
GCGTAGTGACCAACGGAGGT	1
TATAAGGGAACAAAAGGAGG	1
ATAAACGCATCACCGGCTGT	1
AACGGTCCTCGGACTGTACA	1
ACAACAAATACTACCCCACC	1
TTTTAATAATTGAATAGAAT	1
TCCCATTAGGGTTATCCCCC	1
GCCGAATGTATTGCACATAT	1
GGAAATAATGGGTGATATCG	1
TTGCAGCCCACTTTTCCTTC	1
CAAAGGCCTTCCAACTGGAT	1
GTCTAACATAAACACCAACA	1
TTCCACGCTCCCACCTATGC	1
ATAGCTCCACTAATCACAAA	1
AGTACGAACCTAGACAAGAG	1
CTAGTCTAACAGACTTCCGC	1
TGTTTCCACCCTACTATACA	1
ATATTGAGATAAAGCGAATC	1
TCAACTTAGCAACTTTCCCA	1
GGGGCAAAAATTAATATATG	1
TTGTGTTATGGCGAGGGTAA	1
TCGTACATTGATTCATGCAG	1
CCCCACGGAACCCAGGAGCT	1
GAACAAAGGGTACCGTCGAC	1
ACGTCTTACAAAGTGAACTG	1
GATAGGATCGCCAATTGCGT	1
ACCACGTGGAGAACTCATAC	1
CGAAATCCTGCTCATGACTA	1
TCGTTCTCTCAAATATTTCC	1
GAATTAAGTTTGAATCGTTA	1
GAAAGAAGTGCGAGCCAATC	1
CGCGAGTCCGGTGGCTAGGA	1
ATGATATTACACATACCTAC	1
CTAGTGCCGATGGGCATTAT	1
ATACCCCAGCTATTACCCCG	1
GAAAGGCAATCTTAATACCC	1
CCAGTAAAATGATGGTACGA	1
AGAATAATTCTACGCTCTTC	1
AATGGTTATTCCGTGTCTCA	1
ACAATTTGCCCGCCCCTAGC	1
GCTCGCACTACTTTATTACA	1
TGCCTGCACAATATTTTTTT	1
AAGAGAATATAAGAGGCAAC	1
GTAGTCTTAGTAGCTAGTAA	1
AACCCAACGTTTTTTTGCCG	1
CTCTACAAATCCATCCTCTT	1
GCTCGTTACTACGCCCAATG	1
ACCTACAGCGAGAGCAGCCC	1
GATCAGCTCCTGCCCATCAT	1
TTTAACTTTATGTGATTGAT	1
GCACCCCTTTGCGTTTGTAA	1
CGGAGTATAAAAATGACGGT	1
ACATGGTGTTGTACTATGCT	1
CATAGAAACAAGACAGAAAC	1
ATAAGTTTAATTCGATTAGG	1
CATTCTACAACAAGTTACCA	1
GTCTAAAAGAGGGATGTTGT	1
AGCGACGTACCCAATTATCG	1
GACGAATGCGACTAGATGTA	1
TAGCATATGGTAACTACCCT	1
TCAGTATTGTGAATGATTAC	1
AATGGCGCAATAAACGCCAT	1
GCACAATGACAATATATACA	1
TAATCTCCAAGTACGCCCGG	1
ACCTAATTAAGACCTCATGA	1
CGCTAATATCAGCAAGGACA	1
CGACAGGTGAACGTAGCGCA	1
TGATGACCAAAACCGCGTCA	1
ATCTTAGTACAAGTATTTGC	1
CCTCACTCATGGAGGAATAG	1
GAATGCAGATCTGTACGGCA	1
AAAACAACACACCAGCTGCA	1
AGTCACGAGGAGATATTGGG	1
TTACCAGAGGATGTGCTTAG	1
CCACCCGCGCCAAGAAATAC	1
TACGGGATATATTACAGTAG	1
CTCGCTCTTTGCGCCAGGGC	1
ATTGTTGAGAGGGTATATAC	1
CTCGCACCCCTTGGGGCGTT	1
AATAAGCGGCCACCAACGAA	1
ATCAAAGATTTTGTCTCAAT	1
TGCTGCTCTATCCCCCGCCC	1
GCGCCGCAGTAATCCAACAG	1
TAATAATGCCTTAAGTGAGT	1
CTGCCTGGAACTAGCCTGCC	1
CATTGATTTCACTGCCTTGG	1
GATTGGCCGTAACCACCCAT	1
TGACGACTAGGTGCGAGCCC	1
GCCGGTTCAGAACAAGGTTT	1
ACCGTGAAGAACCACGAGAC	1
CTGGCATGATACTTTTGAGC	1
GAACTCAGGCGAACGTAGAA	1
CCAGCTGACCGTTTGCCAAG	1
GGTACAACCTCATCCGCTGC	1
ATCCATGAAATAAATGAAAT	1
ACTTCTCACTCTCCACGCCT	1
ATCTTAGCTGGTACGTCCCG	1
AAGAGGATGTTGAAGCTAGT	1
ATTCAATTCGCGGTTATACC	1
TGCCACCGATGTCATCTAAT	1
TCGACAGTGTGGATTGGAAC	1
TAGAGCACGATCACATCCAG	1
TATTCGCCAGGCTCAAGCAT	1
TGGGCGACGTCTGCTTAGAT	1
ACATAATACACTAACCTAAT	1
ATACACTACCTATACTTCTC	1
TCTCGTATAGATCGGTTGCA	1
CTGTAATACCCATTTTCACT	1
CGAAGCGTGGGCCTAACGAT	1
AGATGCGCTCACAACATCGC	1
GCAATTCTTCCAATGAAACT	1
AGAGCAAAGATTAAACGCAA	1
ACGCTCGCTATGCGCCCGTC	1
AAGATACTAAAAAGCGATAC	1
CAGAACATATAGGTCGGCAC	1
CTAACACGGAGAAACCTGTC	1
ACATCATGCTACACCCGTTC	1
AACTTTTGACACGGCAAGTC	1
CAGAGTCCACCCCTCCGTAA	1
GCTGCGCATGACAGACGGTA	1
CCTACACGCCCATGAGAAAA	1
ACTAACGGATTGTCCGTTAA	1
GGGTGTCCTCACCAAACACC	1
GCAAAAGTTATATTGATATA	1
GCAGAGATATGGGTCCCGAT	1
GGATAAGGGAACAATTAGGG	1
GACACGTGAAACATGGATAA	1
AGTCCAGACCCACGTGACGG	1
AATTTCGGTGTTCGAGTTCC	1
AAAGTTTCTCCTCTCAGTAT	1
GAACAGAAGAACAATGTGGG	1
CCCCTGAGGACGTCACACAA	1
AGTGATACACTCAACCACGA	1
TAGCGTTTCTCATCGTCCCC	1
TTACGCGATCGCAGGGAGTA	1
AATAGGTATTATGGATAGAG	1
TCTAACTCTTTCAGCCCTTG	1
ACTGCGAACCATTAGGCAGT	1
AGGATAGGAATTCAATCAAC	1
GGGACTGGCGGAACCATACA	1
AAGAGGAAATGGATCTACTT	1
CCCTAACATGTGCATCCGAC	1
ACCAAAGTCTTAATGCACTC	1
TAGTTCACTACTGCGCGCAG	1
TATAATTGGCAGAATTACAT	1
GCTTCTACTGATTCTGACGT	1
TCCTCTGAGCCGCGTACTCA	1
GTGCGCACTTGGCCATGGGC	1
ACAAAGTTGTGAGCCAACAT	1
GCCCTGCGAAGTAGGCGCGT	1
TATAAGTGGCCATTGCAACT	1
TTATTCGAGTTTTGTGTACA	1
CATAACACTAACAGTTCTTG	1
GCTTCCTAACATAGTTCCTT	1
ACTAAAAAATAAAAAGGACT	1
AGTACTAACAATTCAATGAG	1
CGCTTCCCACCGCCAAGGCA	1
TTGCCATGTTACAACCCAGG	1
TGCTATCCCCGTGGTGGCGA	1
CGATCCCCGGGAACAACCAC	1
CCGCCCACCCAACCAACGGT	1
GCACCAATTATAGCACCTAT	1
TTAGTTGTGGTTAATGTGTA	1
CGAACCCACCCGCCACGGAG	1
TGTGGACCTCGCCACGGCAA	1
TCTATTATATTTCCATTAGA	1
AGATCAGACCGGATAAAGGC	1
TGCTATGGGTGATTCCGGTA	1
CTCACAAAGCATCTTGCCGT	1
TTACCCTTTGTTTTTTTTGG	1
TCAATACCAGCTGTCGCGTT	1
AAAAATCTTAGGTATTACTC	1
GCCCAGTCCCAACACTCTAC	1
TCCCCTTCTACCTTTGAACC	1
AAAAAACGCAAAAAACAAAA	1
ATTACGCTGCGATGAAGATG	1
AACGCTCCCACATCTGCAAG	1
CCGCAAATTATGCTTAACCT	1
TAGGTTACACACACATCAAT	1
GGCACCACCCAAACCACTTC	1
CAATTCACTTGCTAGTGTAG	1
CAATAAAACCACTTTAAACT	1
ACCTTTAGAGCGGCATGGAA	1
TAAAAGAGTAAGACGATATT	1
ATACCGCGCCTGCATCCATC	1
CGCTAGGAAATGCTGGCTCA	1
TACTAACAAAACTTTAACAC	1
CAGTGAGGTATAAGGGCGTG	1
ACTCAATAAAATAGAAAATA	1
TTCAAGTTGGTTTTCGCTTA	1
CCCTCAATTTCCCCAATCCC	1
AACAGACTGCCAGAAGCGTA	1
ATAACTACCTGAAAAATTAA	1
CAGTATCACAGAAATGAATT	1
GCTCTCTCTTGATCTCCACC	1
CTATAGCACCCCACGCCCCC	1
CTACCACGACAACAATTAAT	1
AATAACAGTCAATCCAAGAA	1
TAGATGCGACTATCCTGACT	1
CCACTCTTCCTCACTCTCCC	1
TAATTGGAACCTCTTAATAT	1
ATGGTGACGTTCTCACCATT	1
GCTATGTTCCCATCTCTCAC	1
AACCGAATAATCGGTGCCAA	1
AGAATAACAGTCAGAAAGGG	1
TGCGCCTAAACAAGTACACG	1
AGGTATGTTCTTCCTCGCAG	1
CTCTGGCAGGTGTATCCCTA	1
AGTCACTCTTGCTTTAAATT	1
GAGAAAAATCAGTCAAAATT	1
TACAAACTTTGTCGCCACTA	1
AACCACGCGACCTTGCAGAA	1
ACCTAAAAGGCGTTAACTAT	1
CCGATGACACTACTTACACT	1
TACCCCACCCGCAGGATTGT	1
AATTCAACTAAGAATGCAGC	1
CACTTACTCTCATTCACTAC	1
GATTTTGAACCAGCCGATGA	1
TCTGCGTGCTATCGAAAAGA	1
TATTTACTCAAGCTAGGCTT	1
ATATCTTCTGCGTGGAAACT	1
TTCACCTTAACCACTCTAAC	1
ATCCCCATTAATACTAAAGC	1
TCTCACACTTTCTTTATCCC	1
CAGGGATAACAATGGCTTGC	1
CTTGCTATTACACCCCTCAT	1
AGAGCACGTTTCTACGGACA	1
TAGAACGCGAGCAAAATGCC	1
ACCAATCTCCATCTTTCCAC	1
TGTGTCGCCCTCAATGCCCC	1
CGTCGCTGACCATCTACTAA	1
GCACATCCCACCCGTCAGCT	1
TGAACGTAGACTAGTTTCAA	1
TGAAGTCACGACCATGTACA	1
ATGCAGGCCTGGGGAAACCC	1
CTAGTCTTAACACTTCTCCC	1
GCGGCGGGAGATTTAGAAGA	1
GAACACTTTTAGGCGCCAAA	1
TCACCAACTCCCGCCATCCA	1
TCATACCAAGTAAAATGCAC	1
GTTGTGAAGGGGACTCTGAG	1
GATCACTAGATTACTATTAC	1
AGACTGTCAACTACCTGACC	1
AGCGTGGGTTTAATTAATTA	1
CTAACCAGGATCTATTCTTC	1
GCCGCAACGCGCCATCCAAC	1
TACAATAACACTCTGCACAC	1
TATTATCGTTAACCCAAGAC	1
AATATAGAAGCAATTTTACG	1
TTAAACGTCGCGGGAATTAA	1
TAGAGCCCAATTCCACTACT	1
GCCTCAATACCTCATTTGAT	1
TCCTTATACTTCGCGACAAT	1
TGCAACAGCGCTATGTCACT	1
AATAGCAACAAAAAGCTATT	1
CTACATTGAACGGCTGACTA	1
GAACTGCGTGAAATTGCGGA	1
TAACTATATAGTCGTATACT	1
CCAACCGAAGACTTATCATC	1
TGTGCTCCACCGAATTATAA	1
ATAGAGATTACCCCAACTTG	1
ACAGATGCTGAAAAAAAGGA	1
TTTCTCCCTCGTGACACGCT	1
TTAAGTCTATACCAGGAAGG	1
CATGCCACAAGCCCTATGTT	1
GCCTGTCAGACCACCGTCCC	1
GCCGGTGATTGCACTAGCAC	1
GATGTAAACTATCACATATC	1
TACTAATTGCGCAGCCTTGA	1
CCGCTCACATACAAGATCAT	1
AAGGGATGTGCAGCGTAGCG	1
GATAACGCCCTCCCCAGAGT	1
AGAAATTTGCAGAACGTTCT	1
AAAAGAGTGCGCAACATCCT	1
ATGATGCGGTGTGACTCTAA	1
GTAAATCAAACGGGGACAGG	1
GAAGAGGCATTACACGACTC	1
AAATCCGAGACACATTCAAG	1
ATAAAACCGCTTATCCCTTC	1
AGATGCATTCCCTAGCACCA	1
TGTCAACGCGCGTCGAGGGA	1
TTGAAGAAGACGTTCAATAA	1
AATACTATCGTCCTTTGTAC	1
ACATAAAATGCCCGCACTAT	1
AAGCAACACGCCCATTTTTC	1
CCACCGTGTTTTGTTATCTA	1
TCCAGAGATCCGGACTTGAG	1
AACACGCTGCAATCTTCGTT	1
TACTTTTCTTAATTAACAGC	1
ACCACTTAAAACCCGTTGAA	1
CACGGAGAAGAGGCCAGAAC	1
CCTCCTTCTCCCTTCACTCA	1
GCAATGATCAGTAAACCATA	1
CCCTCGTGAAAAGCCTACCA	1
GCCCATTGTCAAGTTGTCCA	1
ACAACTCGAAACTGCCAAGC	1
CTCCAAAGAGTTGCCGTAAA	1
CATTAAGCTAACACACCAAG	1
TTGCGTAACATCGAAAGCAC	1
ATTGACATCCGCACGTTCTA	1
CAAAATCTAATGCTCAAAAC	1
TCAAAACATCGTTGGTCCAA	1
GTCAAACCTCCAGCTTGGTT	1
TGGTTAATCCACTGGTATTA	1
TACGAATCGATGATCCAACA	1
TAACTATACCGTGTTCTACT	1
CGTGCGGCCATGTAGTTGTT	1
TTAACTATCTGGCTTTACTT	1
CCTTAATTTTCACTATTTTC	1
TAATTTAGCGGTGGATACCA	1
GCGAACATCCTCACCCTTGA	1
TAATCCTCCTTCATCCTAGA	1
AATCGCCGTTCTATTACAAA	1
ATTCGACCAGAATAAGCGTT	1
TTAGATCGTAGCGTCCGAGC	1
TCGTGTCGCCACTATTGAGT	1
TAGAATTTACGGTCCTAGCC	1
ATTTTTCCACACCCCGCCAG	1
TATCACCACCCTCCCAACAG	1
ATCGAAACATCCAATTTTTG	1
CCACACCACACACTCGGTTG	1
CAGTGTATCACTGGCTGTAC	1
GTCGCGGGGCTCCAACACAG	1
TTTAACCGGCTGCGAATATC	1
TAGCCAAGCGCACACCTACC	1
ATTTCATCATCGTACCTATT	1
CGACTAGTGTAACATTCGCG	1
ACAAATCCCCGAAATGGCTC	1
CCACGCTAGTGTAAACCAAT	1
GGTCCATCCGCCTATATTAT	1
CCCCATCAACACACGCACTG	1
GTTATAATACCGTACGACCA	1
TTTAACACAACTCTGCTACT	1
GAGAATGCTTCAATCAGGCG	1
ACCTCACATAAAGTACATGT	1
TCTGCGTTCTATTTTACAAC	1
TTTAACAATATATGTTGTAT	1
TCGTCCATCACCCATCCCCA	1
GATGAAGTAGAATGTATAAG	1
AATGACGCCATCATAGTCCC	1
GTCTTGACTACAAGTTAAGA	1
TACTAGCTCCCACCGCTCCT	1
CAAGTAGGACTCGGCATGTA	1
TACGTATATCACTCTAACAT	1
GGCAATGCTTTAGCCCACAA	1
TACTCAATCCCAAATATCGT	1
CACCCCCCACACCCATCAAC	1
TCTGGTGGCTTACGGCTGCT	1
GTCCAACAGCAAGCTTTCGC	1
TGAACGAAGCGGAGCATCGC	1
TACACATGCGCCCGCCTGTG	1
GGCGTAATAATAACGATACG	1
ACAAACGGATTCGCCACGGA	1
CGAGGAATCGATGATTGTGA	1
ACGCGTTCCCACAGTACGTT	1
TTTTGCAAGTACCATAACTA	1
TATCTGGACGGTTGCAACCC	1
TTCATGTCCAACAGTCCCTT	1
ATGGATGGACTTGATATTCT	1
TCAAGATGGGATTGTAGCGT	1
TTTGACGATGATGTTTTAGT	1
CACGATTTACTTAAAGTTTC	1
GGATAATCGCCTGGAAGTAC	1
ATGCGGCCCGCGAACACAAC	1
TGACGACGCCTACCCCAAAC	1
TAAAAACGCATCTTCAGATA	1
AAGGAAAACGGATTACTGCC	1
GAGTTGCAGTTAAGCTACTT	1
GACCGCAATCACGTAAGACC	1
ACGCGTCACTTGCCCAATCA	1
AAAAGCCAAGGTCCGCCCAT	1
GTGTGATACAGCTCCAACGA	1
CAAGCTAACATGCTTTTCCC	1
GGCTGGCCGATAACAAAATC	1
GCACGAACTCTACTCCTCGG	1
CGACTATTGACTGAGTCAAT	1
TTGTTACTCGAATCGACGAA	1
AGACATACTTTAAGTTCTGA	1
CATAGATTATCAGCATGTAT	1
CGAACTGTCCATAAGTTACC	1
GTTTAACTGCCCAATCCACT	1
CATAAGCCCAAAAGTGCCAT	1
GGGGTCGAGAAAACCTTACT	1
CACCCTGCTTACACCCTTAT	1
TCAGTATAAAACGGTGAGTT	1
TAGACTTTGCGTAACCCTGT	1
TAGATCTCAGCTTACTGGAC	1
GACGGTCTAATGCGCGCAAA	1
CACTTCGGGCAGCACCTCCC	1
ACCGAAAGTTAAGGTAAACG	1
AAGAATTGAACGAACGATAC	1
TATCCATCATCGAGCCTGAC	1
GGCACACCCGGAACTATTCC	1
ACTGTGAACGTGTATGAGTC	1
AAACGGAGAAAATTGCTGCT	1
ACGCTACAATGGCCAAGAAC	1
ACCGTAAGCACTAATACCGA	1
TTATGACTCTCAAATACCCA	1
CCACTCACTGACACACCATA	1
TTGAAACAGCCTACCTTTAA	1
GCCTTGAGACCTAAGATCAA	1
TGACTAAAGAAAAGAAAAAA	1
ATCACCGCTATTAACATAAG	1
GGAATTTTCACTTTCCCTGG	1
TCTCCTTGGAAATTTAAATC	1
ACAACAACCGCCCCCCCCCA	1
AGTCTCCCACTACATCTCAG	1
TAGTGTGAACCCTACTGACC	1
AACAGCCTAGTTCCGTGCAA	1
CAATAGAAACGCTTACCAAG	1
TGAGGCTTGCTAATCGAAAA	1
AATAAGGTGCCGAAAGGAAC	1
CTTCATTCCCCTCCGCACTC	1
AGATGATAGCAAGGGAAATG	1
CCTTTTCGATTTCACCGCTC	1
ATTTTGCTTATCGTTGCCAT	1
AACAGAAGCAGTTTTCCCGG	1
AACATCCTTCCAAACCCAAC	1
ACATTCTGTCTGCAACGTTC	1
TACAAGAAAGCTAAGCGACA	1
CGGTCAGAAAGATCCCTTGT	1
TACACATAAGCTATATCCGC	1
GCTGAACCGATCACTGTTTT	1
ATTTTAATCCAACCAGAGTA	1
TGTTAAACTTCTTCTAATTT	1
CCGCTAAATAATAGGTGAAA	1
AGATAACCTATAATTTGCAC	1
GGACACACATGTACTGCGCC	1
CTACACATGCATGGAATCAT	1
CACGTTTTGAAGCTAAGACT	1
ATAAAGAATATAAGACCGCA	1
AATGAACAAGAATAACACAT	1
TTCATCATTAAGACCACAAT	1
TTTGGAAGGTGTATGAGAAT	1
GGACAAATTAGCATATATCC	1
TGCAGATATAGGAATACTTA	1
GACCTGCGGGCGTGGAGCCT	1
GCCAGCAACAAATATAAATC	1
CCATAATGACTATAAGTTCT	1
CCTTTCGAGACCTACACGAA	1
GAAGCCACAATAGTAACCTG	1
TAAATAACTCGAACGTAGAG	1
CGGTGGAGTAAACGATCCCT	1
CTCGCTGTGGAAGTAGAACA	1
CAGGGGTCAGTTGGATAGCC	1
GATTGCTGGTCTGAATCACG	1
ACGTTCTGGATTTAGCACGA	1
CCTCAAATACAACACAGCTT	1
AGGTCGCTAGTCGTCCGCCT	1
TAATATTGTTTTATGACCGG	1
AAGCACGAGCAATGGGCCTG	1
TCAGTGGCGGATGAAAAGCT	1
TCAAGTCCCGGGGGTGGACA	1
CACGCTGAATTTGAATCTAA	1
GTATTAAGAAGAATGCAAAC	1
ACCGCGTCCAAGTAATGTGA	1
AAAACAGTAACGCACTCGAG	1
GAAGAATCATGCACCCAAAC	1
AGTCTTGTGATGGTCACTTC	1
GGATGGACCACAAAAGGCGA	1
CATGATACGAGAACAGATAT	1
CTAGTATTAAACGTTGAAGG	1
GGCCAATGCGACCACTCTAC	1
ATCTCTAGAACGCTAGCTGT	1
ACAGCCCGTGCACGAGGAGC	1
ACGAACTCTGGTTTGTTAAT	1
TCAACCCGTCGGTCCCTCTT	1
ATTATGTTTGGCAGGATTCA	1
TTTTTACTGGAAATATAGCA	1
CATCCCGTCACCATCTGACA	1
AGATATAAACTTAATGAAAC	1
TTCTCGATGACAGCTTCGTC	1
GGTTTCTAACCCCGATTGTC	1
TGGTATAAAGGTTCTCCCCA	1
GAGATATGCCATGCGTGCTA	1
CTAGCCACCGCCGTCCCCTT	1
TTCATCCTACAAAGGTGCCA	1
GAACAACTGCCCGCCTGTTA	1
CCGGCCAAATACACTCAAAT	1
CCCCGCCACTTGCACTCACC	1
ACACCTGCACTTGGAACAAC	1
CTAGATTCTGTTCGTAGTAA	1
ACAGACCCTGCACGCAGGAG	1
CGAAGGAATTGTCTCTACCA	1
GAGGTAACAAAATCTGACGT	1
ATAACGCCTTTAAGCGTACG	1
AGGGCGTATTAGACGGGTTC	1
CGGCGTGGAATCCCAAGAGT	1
GTACAGTTCCCATGGTTATT	1
AATGGGGTGACCTGATCGTG	1
TAACACACTTAATGACCCAA	1
CGAGGTAACGAGTAAATAGA	1
ACCTGTACTGTGAAACTCCA	1
CTAGGACACTAGCTCATCAT	1
AATCCCTCGCCCATTCTCCC	1
GCACCTTGCACGTTACGGAA	1
CACGTATTCTCCCCTACAGT	1
AAGGTGTAGCTTTATATCTC	1
AATATGACACGCGCCCACCA	1
GCCATAAGGACCCCCGGTCA	1
AATAGAGGAACACAAATTAT	1
CCCAACACTACTCATTGGAC	1
AGACTTGAATTGATACTCAG	1
ATAAAGATAGCTTCTTGAGC	1
ACAACCAAGTTGTACCACTA	1
ATTTGCCCCTCATGACACGC	1
CCAACCTTTCTACCGGCTTC	1
TAAGTACAAGCCAATACCCA	1
AACGACTGAACATTTGCACA	1
CAGTGGGTTTCTGACCGCCA	1
GTGAGGAAGCCATGACATGC	1
CGGAATATCATCACTTGACT	1
CACTTTTTACATAATTGATT	1
ACACGGTGTGCAACTTATTA	1
GGGCAAAGGTTTTATCCTAT	1
AGAAATTAAAAGACTGAGAC	1
CCATACCTAATGCTTACCGA	1
TGAACAAAAAACAATACAAA	1
CACAGTATAGCCAGCGATAC	1
CAGATTTAGGCTTAGCATTA	1
CGAGGGAAAACCTGCCCTCC	1
ATCCTATTGCCTAACGGTAA	1
ACATCTTTCATCCTTTACGT	1
TCATGGGCAAACGCCCCCCG	1
ATACCATACCCCGCTCGTAA	1
TGAACTATCCGTCCGGCTAA	1
TATTCCGCTTGTATGGAGGA	1
CCACGTTGTCCTACTTATGA	1
CAATGTTCATTCCAACCCGG	1
ATAAATGACCCCCATCGTAC	1
GACCTGAAAAAGGAGTATGC	1
AACTCGCCCTTACACCTCAA	1
ACACGTATATGTAATATTTG	1
GCCGTAAATTACAGCTTCTT	1
ACACGATTCATTGCTCTTCA	1
TCGCAATAACCGCGACAACC	1
ACTCGACAGCGTATGGTGAA	1
CCCTACCGAGAAACTGGACC	1
TTAAATAGTTAGTCGGGACT	1
AAGCAGCAGCGTGTGCCTCC	1
CAGCACCCGATGGGAACGCA	1
CATGACATATATGCGGATCC	1
ACCACCTCTCCAACCATTGT	1
CTAATATGATTGCGTAATGC	1
CAAGACGTGGGTGTTTAGCT	1
AGATTCACGTTCTATATCGG	1
AAACTACCCGACATGCATAA	1
ACATAATTGAAACAATCCCG	1
AGGACAACAAAGATGCTAAT	1
TGAATACACGTTCTGACTCT	1
TACCCATATTATGTCGAACT	1
CTTACGACCCCCAGCGCTGA	1
CCATCCTGAACCCATACGAA	1
GCTACCCACGGAACGCTAAT	1
CCATCGCCAATTGCGTCCCC	1
AACTTAACGAAGCAAAACAA	1
AGAAATTTGATCCTGCAAGA	1
ATGGAGAATGTGAGGGGCGG	1
CATCAACAGGTCTAGGGAGA	1
AACGAAAACGCACTGCAGCG	1
ACCTACGTTACGCCGGTGGC	1
TGTGCGTGTTGTCGTAGGCG	1
TTTTTATGCTCTACCCTACG	1
CGACTACTTTGGCATAAATT	1
AAGAAAAACCTTGATTTAAT	1
CATTCACCATTGTGCCGAAG	1
CCAAGAGTCACAAAATTGCC	1
ACGGACCTGAGTTCGTTCCA	1
GCGCGTCGCTATATCGGACT	1
TCCTTCTGAATTTCGAGTTC	1
TTAGTAGCAATGTCCTCGCT	1
AACTAACTTTGCAAATCCCA	1
TATTAGAACACACGTAGTAC	1
CCACTGGCACCACTATTCTG	1
TCGTTTGTATCACCAGACTG	1
GTGTCCGCTTCCTTCATTCC	1
CTTTGAACACTCTGATGATT	1
TGACCCTACCCACACCGGCC	1
TACTGACCCACGTCGCCCAC	1
CGAGCCACGCGGTAGTGCTA	1
ACGGTGAAGAAAGCGACAAG	1
TTACTACACGTAACTTTTGT	1
TACTATGACCACATTCAAGT	1
TGCACGTCAATCCACCACAC	1
CACCCACTACCTTATCTGGA	1
CTCTCACAACCCGCTTCCAC	1
ATATATTGACGAGCTTGCAC	1
GCTTTTTTACGCTTTCCTAA	1
ACTTGTACCAATCACAGACC	1
ACCGAAGTGACATAGCCCTC	1
ATATCTGGCAGTACAACAGG	1
TCATTTCGTCTTGCTGCCCA	1
GTCATTAAGGTTGACTCATA	1
AAATTGAGTTCGAAATCCGA	1
GATGAACTGAAAAGGCAAAG	1
TATTGTAGTTTAGCGGAGTT	1
TCAATCTTTTGTTATTCGGC	1
TCTTTGCTGATTACCATAAC	1
TACAATATGCTCTTTCAAAC	1
CTCGGCGACTTGCATTGTTA	1
CTGCATTGCGCCACAACAAC	1
CCTGAATGAATCATTAGTCC	1
TTAAATCTTGTAAGCGGCTT	1
GTTTGGGATTATGTGCAACA	1
AGTTGAAACAGCCAGCGCTG	1
AATAGATTCGGGACCAAGAT	1
GGCCTGATTTCATGCAATAC	1
TCGGACGTGTGGGGCCGCCA	1
AAACAAACATGAATATTGCT	1
AACTTAATATGGCTGCTTAA	1
AAAGTATACGCCGGGGTCAC	1
ACCAGCGGCTCACTGTGGAA	1
TTGCCGAGTTTGATTGGTCT	1
CCCAAAGGGAAGTGTTGAAA	1
TTGCCCGACCCACCCACTCT	1
CGACACCGTACTGCCCACCC	1
GAACATGTGTCAATGATACA	1
ATACTCATATCCATGGCCAT	1
TCAAACACGTTTCTCAGGAC	1
CCATGACAAATGGGACGGTT	1
TCCCAAGGTTACTGGGTCAC	1
GCGTACAGTATAAGGAGCGC	1
TATCATCCATGTTCCTCGCA	1
AGACCTAAAAGATTGACGTC	1
ATTTACACAGGATTAGGGTG	1
CCCGCCCTCACTCGCCCCCA	1
CCCATCTAATATCAAGGAAC	1
AGTACATTAAAGGTCAGATA	1
AACTCTGCCGGCTACTAAAA	1
ATCATGGCAGCCCAACATTT	1
CTCTTTCTTGGCGTTTACCG	1
AAGTCACGACCAAATACAAT	1
CACTTTCCACTGCGCACAAG	1
TTGGAAATTAACAGTTTGGA	1
AAAAATGAAGGACTTCTTAA	1
AACTGATGCCCGCAACAGTC	1
CAGCAACACCCCCATTGCAC	1
TCTGACGACTATTAGCTAGT	1
GAGTAATGGCTGTAACGTAA	1
CCTGTCCGCCAGCAATTTAG	1
TACACCACGAGATTTTAAGG	1
GGCGCGGAGTGCCAATAGCC	1
AGTGTGTAGGTCGCATTTAG	1
AACGGATTATCACATGTACG	1
ACGAATTTTGATCGGCAGTT	1
CACAGCACCCGCCCTAAATC	1
AATAGAATGATGGACCATTC	1
TCTATTTATACGTCTTAATG	1
TGAACCAAGAACATGAAACC	1
ATTTGTAAACTATAACCCGC	1
CAAGATACTCGCATGTTTTT	1
AGGGAGCACGCGACATTCTG	1
TGAAACCTGGTAAATTGTGA	1
GCACCATACCCGAATAACGC	1
CCACTGGGCTCTGCAGCAAA	1
TGGATTACCGTAAAGACAGA	1
CCCTCTGCACTGCTCGCGCA	1
GTATAAACTTGTCTGAAAAT	1
CACTGGCCATCCCCATTTCT	1
CAACATTAGTTAGTTTTTAC	1
AGGTATACTACAGCATCGAG	1
CCAGACTCAAACAGGGGAGG	1
GTCTGTAACCCTCCAAATTA	1
ATAGAATCAACGAGATTTCA	1
GCGGTCAGCGTTTGGACCTA	1
AGTTCCCGGACCACGCACCC	1
GGATGAATTGCGACAGTATA	1
TGAAGATACCCTGACGCACA	1
CAAATTGATCCGAAACGGTT	1
ACACACAGGTATCCCTCCTT	1
CGACCTTCCGATGTCCTTAA	1
ACATAGGGCGAAAAACATGA	1
CGCTCCGCACTCGTCAATCT	1
AAGTGTCGGCTACACCGAGC	1
GTAAACTGTTATGAAGGGGA	1
ATATGTACTATGGAACTCTA	1
AACCTCCAAACTTACAAGGC	1
ATCTGAATTTCTGTCAAGCA	1
ATGTCCACGATCATGATTAT	1
TTATCGTCGATCTTTTTTAA	1
GTTCTGTCTTCAAAATAATT	1
ACTGATAAAGCTATGTTCCA	1
CAACTCACCACACCTGCGCA	1
AGAGAACTACCGACAGACAG	1
ACATATTGTGAACAGCGTAC	1
AACTATGACAGATTTTTATC	1
TGCTAAAGACTGAACCCTTA	1
AATCATCGCAAGGTGGATGA	1
CATTTCACGTGACACGATAT	1
ATGCATAAAACCTCGATCGC	1
TGATGTACATTCTCAACGCT	1
GCCCTGAAATCAAATGTGTA	1
CTCGTACTAATTGGGGTTGG	1
TCGCTATACTGGAAATCAAG	1
AAGTTAGAACTTCCCCAAAA	1
CGAATAAGCATCCATCGCGC	1
CGGGTTGAACTCTCATTCAA	1
CCTTTGTTGGTTTCACGTTC	1
CCATTCCTCTGAGACCAACG	1
TCAACATCGTGAAATAGCTC	1
ACTAGAGACCGAATGGTCTA	1
GCCACACGAATTACCCACCA	1
TTCGAAATTAAAACCGGTCA	1
AGCCGACCCTCAATAATAAC	1
CTTTGGTGAGTTTAGGTAAC	1
TATAAAATATGGTCGCTTAC	1
TTACATCAAGACTCGTTACG	1
TTTCTCAAACAAACATTCCC	1
GGCTATGGCCAAGAACAGCA	1
TTAAGACTCGTAACTTTAAC	1
CGGCCCCCCGAACCAACCTC	1
TGGAGCCGTACCCTTAACCC	1
TTTCACGTCTTACCCCAACA	1
GAACATTGATTCTACATCGA	1
AGTCACCATACCCGTTAAGA	1
TCCTCATATTGTCTCAAGTG	1
AGTAATTCCGCGGGGTCATC	1
AGCCCATAGGTTAGTTCACT	1
CAAAAATATTTATTCCCAAC	1
CATCTAAAGTTGTCTAGGCG	1
GCTAGGATATGCTGCCATTC	1
ACATCCAAAACGCTATCTAT	1
GATGTGTTCCTATGCTTATA	1
CATACAACCTCGAATAGGAT	1
ACTACACAGAACGAGTTGGC	1
TGAATACAAAGGCCCAATGC	1
TAAGTACGGGGGTAAGATAG	1
TAGAATACAACTGAAAAGTA	1
CTGCGATAGAGCGCGTAACC	1
CGTAGGCCGGCCACTCTAGC	1
TGTCTGATCGAATATTATGA	1
AGCCGTATTTCTCCACGGAA	1
GTGTCGCTTATCACCATGAT	1
ACCCAACGCTAAGCCCCTAC	1
ACCGATCTCACCATACAATC	1
GAACATAATGTGCACCTCCT	1
TTCTCTACAAAGAGTCGCGT	1
GGTTCTTAGTGACGGTTGTG	1
ACCAACTCTATTGTACAATC	1
TGCCAAGGGGTGACGGGGCA	1
CGTGAAGTTGGTCTAATCCC	1
TCTGTGAACCCCGGGAATGA	1
GGGTATAATAAAAGCAACAG	1
ATCTGACTACTCCTGCAAAG	1
GCTGTGACCCACGGAGCGCC	1
TTGAATTATTACGTTACTTC	1
ACACCATCGTGTGGCGGAAC	1
TCCCTATCCGCCGCACAACT	1
TGCGGCAGACCTACCTGACC	1
AATATACCAAGGATGCCTGG	1
ATACCATACAAAGAAGAGAA	1
TAGGTGGTTACATTGAACTG	1
GGTTGCTAGCCCAAGTTAAT	1
ATACGACGCATGACTCTCGA	1
GCGGAAAGGACTGCAAAGCC	1
CATGTACCGGCCAAATGCGG	1
CGATTGGCGATCCCAAGTTC	1
TTAATGACTACCCCCCTCCT	1
ACGAACATCATTTTGTTCTA	1
AAAACGCCTCCACTCCCACA	1
ATACATCCCAACGTTGACCA	1
ACCGCTCTCTTGGGCATAAA	1
AGGCCAGCATTCCCTATGAC	1
GCACCTCCACCTTTATTATC	1
CCCTCGCGTAGACATACAAG	1
ATCGATCAGGATTTTACTGT	1
AAACCCAGAGCCAATACACC	1
GCAGGACTTAAAGATCCTAA	1
GAGGAATAAAAAGGGTAGTC	1
CGAATGGAAAAAGACTGTAG	1
TGTGTGTTCCTAAGCAGCTC	1
ATAGTCTGTAGTCATACAGT	1
GAGGTAACGGAAACAACAAC	1
TACAAAATTCTTGTGAAACA	1
CTACCGGAACGCCACGGTAA	1
GAAAACCCTTTATTGTGAAG	1
AAATCCTACTACCACGTACC	1
TGCCAGAGAATGTGGAGTAG	1
AGTATACAAACAGCCCACCA	1
CCCAATTGATTCCGTCAGCA	1
TTACACGCATGTAGCAAAGA	1
TTAATAGATCCCGTAGTTGA	1
GCGAGCGTACTCGCAGCGTG	1
GCACATGAGGTAAACTGCAG	1
ACTAACACTCCTACGAACGC	1
CAGACTTTCAAAAATTGCAT	1
GTTCTAATGAAATAAGCCTA	1
GTATCAATTCCAATCCTACT	1
TACGAAACATATTTAGTGAT	1
TGGCACGAAGTGATCAGAAT	1
GGGAATGCCACGTACTTCAC	1
ACCCCCTACCTCACAGTTCC	1
TGAGACTTAAATTCCTGAAA	1
TTGAGATATGCCTTGATCGA	1
CGGACGAACCCATTTGGTAG	1
TACACGAAACCTTACGCTAT	1
ACTTACATCCATAACCGTAC	1
TTACGCAAACTTAAGATTGT	1
GGTCACAAGGTACTTGTTGA	1
AGATAGCGGTAGGGTCGGCT	1
TTAACTACGCGACCGCCTTA	1
TATCCAACTATGTCGTTAAA	1
GTATCGCTTCACGCAACGTG	1
GCACTCATATCCCCCACGCT	1
CAGGCCGCTGCATGCACCTG	1
CATCATCTCTTGGAGTAAGG	1
CACTGGATGTGCTGACAGCC	1
TAGAACAAAACGCATATTAA	1
GGTGGCAACCTAATTATAAG	1
ATCGAGCCAAGATATTTTCC	1
ATCCGGTGTAATATACATAT	1
TCACACAGTAGGCCTAAGAT	1
TGATGCTGCATATTCAGATA	1
CTCTCCTCTACGTTCTAACT	1
GGACTAGTATTACCGATAGG	1
TGAAAAAAGGGTATACCCTC	1
GTCACGTACCGCGTTGCAAC	1
CGTTGTGTCATTGCGTCCAA	1
CTGAGCCCAGCGTAACCCTT	1
TAATTATTTAACTCACAATT	1
TTTATTTCCTCGCAGTTGAC	1
ATTAAAAAGACGATACACCG	1
TGCAGTTGCTCAGAATGTAA	1
AAGGATGTTAGCCCCTCCAA	1
CAAGCTTTTCGCCGTAGCGC	1
AAATATACGGCGCCGATAAC	1
TCCCGTAATAGACCATCACT	1
AGGCAGCCGATCTCATACAA	1
ACCTTGAGAGATGACCAGTA	1
CGAAAAGAAACTCACAACGC	1
TGATGCGATGCTTCTTAAAG	1
GTGAGTCAAAAGGTTATGGT	1
ATCAAATGCGCGCTATTTAC	1
GGCACAGTAATTTTTTTCCT	1
AAATAGATGGATTCAATTTT	1
ACCCTATTGCGTTGTGCATA	1
CCCAGCTGCCCAGTACACTC	1
TTAGATTGGGTCCCAAAATA	1
AAACGTGCTTGACACATGGC	1
CCTTTTATGTACAAAATTTG	1
AACGCAAAGGGCGTGCGTAA	1
TCACACATTCGTTCCTTAAG	1
CTATCATTTTTCCACTCCTC	1
CATTGGCGCGGTGTAAATAG	1
ATCCATGAACCGTCTGTCCT	1
ATGAACCGACTTAGACTCAG	1
TCGCCGCTCCAAAAATTCTA	1
CACACTTTAAAGCTCATTAG	1
AGTACCTCATATGACCGTTG	1
GAATAGAACGAAACATGCTG	1
GTTTAGTTGACTCGCCTTTT	1
AAAATCAAAAAAACAATTCT	1
TGAAATAACTGTTAGGTATG	1
TCTCATTCAGCTTGGCTTGA	1
ACACTTCTTACAGTTTCTTT	1
CCACGAAGGAGAAGGTATGG	1
CTCCATATATTGAATACTGA	1
GCGGCCTGCTAAGTCGGAGC	1
CATTAGCCAAAGTAGACATC	1
AGGCATTCGCGTGTTCCTTT	1
CCATGAGTACGCAAATTAAC	1
TTTTAGCCCTCCACCTGCCA	1
CCATCACAACCAGCCCCCCA	1
CTATTCTGCCTTTAACCTAA	1
CGTAGATAATGTGGGCTAGA	1
GCACGCAAACACCCCTCGAC	1
TGACCATCCGTAGATAGACC	1
CAACACCGCTAACAGAATCT	1
GAGCGGATGTACCTCAAGAG	1
GCTGTGTTCCTACACCCAAT	1
TAGCTGCGACAAAAACGGCG	1
ACGAGGTGTAGGGGAACATG	1
TTGGGGGTAAATGTATATGA	1
ACAATCCCTCCCGTCCCTCC	1
TGAAAACGTGAAGCCGGATG	1
CGAAAGAGAGGAACAACTCA	1
CGCGCATGGATATCATCACC	1
TAAGCTCTTACGTAGGCGGT	1
ACGTAATGCACTTAATTGAT	1
AAGTTGTAAAATAACGCACC	1
GTTAATAACCATGGAATAAA	1
AGCGTTGAGAAATGGCGAAC	1
CGTTAAGAATATTCTGTTTC	1
TCTATACCAGTGCAGTTACC	1
AACGAGGGTGTGTAGCAATA	1
TTACATAATTCAGACAGAAA	1
CTATTTTTCTACAAAACCTC	1
TGCCACACACCGCGGAGTCA	1
AGATCCTGTGCTTAGCTATT	1
CACTTCCTCAGCTCGTTGAG	1
ACCAATATCGGCGACCCACC	1
TAATCCTCACAAAACACATG	1
TAGATGATGTCAGAGGCAGC	1
ACGTATTATCGTATATATTT	1
AAATAGACTAGCCACCTCAG	1
CGCGCCACCGCTATTACGTT	1
AAACCTCTAAAACACTAATC	1
GAGATTAAGTACTCCCGCCT	1
TTATGAAACACGTATGTCTA	1
AGGTAAGTGTCGCGCTATGC	1
ACTACAACTTTGTTTTGTAA	1
TCGAAAGGACACACTTAGTC	1
TCCCCGGCCTCACAACGAGA	1
ACTGCCTTGAATCGGCTCTC	1
CATCTTAAACATATTGCTAG	1
ATACCAGTGTTACAACATAT	1
CACCAACACTACCATTAGAT	1
CAGTTTCTCTATTAGAAACT	1
ATATAAAATCGAACCGAAAT	1
GCAGTACAGCTATGTATCGC	1
AGAACAGATTGGGAGCGGAT	1
GAGTGGCCCTGTAAATCCGC	1
CGCAACCTGCGTAACTTATA	1
ACGAACCTGTCGCTACACGA	1
CAACGCAACCCCACTCTGCC	1
GCTGGAGTTAATGTCATCTA	1
TTGTACACTCCAGGACCACG	1
TCATGTAAATCGAGGCTATA	1
GCAGCTAACCGGACACCATA	1
ACGGTATACTACCTACATGG	1
TAGCATAAAAGGTCATTCTC	1
GTTAGCTTAACCCTTAGCCA	1
AATACACTCTGCCAGAGCGT	1
TAAAGAAGAGGCATCTGACT	1
AGCCATTGCCCAAATCTGCA	1
CACTGTATTACATTCCCACT	1
AAGCACACGCCCCATATTTA	1
GCTTGGAGCGCCGACTAAAC	1
CCCCCCCACACCCCAAAGTT	1
GAATGATAACCCTCAAGCAA	1
AGCGAAATTTTAGCATACTC	1
TCACTTGCAGCAGCCGTACC	1
ACTCTGTGTACATCGACTGT	1
CGCTGTAGCGAGCCCGAGTG	1
TAATATAAGACATAGAAAAC	1
TAAGACACAGCACTTGACAG	1
CTTAAGAGGTAACTACCACA	1
ACATTACTTAAGATTTGTTT	1
ACTACATCACCAAATACGCC	1
AAGCCCTGGGCATCAAAATG	1
ACTTAGGAGCGAATTAAACC	1
TGAAACGCCCCTGCTACTTA	1
TTAAACAAGAAATAAAAAAG	1
TTCACTCTACTACTCGAACA	1
AAATCCTTTAGCATCACAGG	1
TTAGTTCCGTATAGCTCGAA	1
TTTTTTTGAGGGGATTCTTT	1
ATTCACGCTAATACGCATGT	1
AACATAACCGTTCATAGTAG	1
TCGATTATTTGCAAGTCGCT	1
TGAAAGAATCTCCCGTTTCC	1
GAGATGCCTCTACGGATGTT	1
ACCTATCTCTCCCGAAACAA	1
GGCTAATCCTAATAAGCCGA	1
TTTGGCAAGACGCGCAGATG	1
CGGGGGATGCCACATTTTAA	1
CCATAACAGTCATACTGCAA	1
ACGATCTAGAAATCAATACT	1
GTCCATGTTTTTCTCCCGTC	1
CCCGACTATACACTCTAACA	1
CCCAATATTCATGTATCTTA	1
ATGGCAGTAAGCACAAAGTC	1
TACATCGATGCCAAGTATAG	1
TAAAAACACAGTCTCGAATT	1
AGGAGTTAATTGAAAAAATC	1
ACGACTAAACTAAATTTCCT	1
GAACCTTCCTGCCAGGCCAC	1
ACCTTATAGCCCACCCGTAA	1
CAAGTCAACCACACGATACG	1
TACCGCAACTACGCAATGCG	1
AACTATTACTTAGGACCCTA	1
TTTCGAAGTTTAAATAGCAT	1
GACAAATGGAAAACAACGTG	1
CCCGAGTCTGTTCCCAACGA	1
CTAAGTTGTAAGATTTCACA	1
TTACCACCACTGCACGAGTA	1
ATGGTAACAACGCATGGTCT	1
AAGGTACTGTTGAAATCGGC	1
CTAGAGGGAAGATGATACCC	1
CCGAGGTGAACAGTTCAGGC	1
TACAACTTTATTAAACCTAT	1
ACCTGGCGTTACTTGACACC	1
TGCCACAGCCCCGCACTCAC	1
CACCGGGCAATCTAAATTAG	1
TAAATATACGTATCCTATTT	1
AACATTCCACGAATTAAAAA	1
ATTAGATACCAACCGCAATC	1
GACCACAGTTACGCGAACCT	1
ACCGACACTTCAATACACCT	1
ATAACGATGTTGCAAGCGCA	1
CCTCGATCCCATCGGCAAGG	1
TACCTATCAAGGCTCCCATA	1
TCAGAAAATACAAGTAATCT	1
ATGGCAAGATTTCGCGTACG	1
AAGCTAGAAGCAAAGCAGAG	1
TACCTCCTTCTTAACTCAAA	1
ATACCCCCCACCTACACTGC	1
TTCCAATAGGTGACAATCGT	1
GCTAAGCAAACACTGCATGG	1
AAAACCCGACTGCCCTCCTC	1
CCCCATAGACTGAATGCCTG	1
CGAACTCGCACCCGCTAAGG	1
CTTCACTAACTCTTTACACA	1
TGACAAAAGCAGATTTAAAG	1
CGAGAGGGCTACCGCAAGAC	1
CTGATTCGCACCGATGCCCA	1
AAGAGATGCATCTGAAGGCC	1
GGACTGGCCTCCCAGCCTAA	1
AGCGACTAATTGAGGATTGA	1
TGAAGGGGGCAACATAGGTT	1
CATCTTAAACGTGCTGAACT	1
AGAAGTTACGAACCCATCAA	1
AAAGATAAATGTACTGGATG	1
ACAAGGGCCCAAATAAGGTA	1
TTACTCTCGAGATTGAAAAC	1
CGCGCGTCGCCAGGTCCGCG	1
AGCCACATAGCTACCCACTT	1
TTTCCTAACCCGCCCCCTAC	1
AAGGACTATACCTTCTAAGA	1
TTACCTAACACACTTACTCC	1
GCTTGTAACACTCCTCTACT	1
TTTGCCTATGTTTGGTTTAT	1
CTACTGAAGATACTCTCCCG	1
GGCACTCCGCTAAGCACAGT	1
TCACATGGATCACTTGCATG	1
TTCAACTCAGGGATTAATGT	1
TCTAGAATTAATTATGTGTT	1
CTGCCTTATTTCAAACCCGT	1
CGAAGCGCTGCCGACTTGAC	1
CTATTTTATACCCAACCGTA	1
AGACGCACTGCGCCGCAACT	1
AACACCATCGTGCAAGTCGC	1
TAGGTCGAGATGGGCGTTGC	1
AACTAAATGTGATGGGAAAT	1
CCTCCCACATCTTCTGTTGC	1
TGTCCGTTGTGGTATTGGAC	1
AAGATAAAAACTTAGCCCCC	1
TATATACCCAGTGTATGCCC	1
ACATCAGGAACTACTAGCGA	1
ATATGATTTCAATCGTACTG	1
TGATGCTGTACCTACAAATT	1
TTCTATACGCTACTGTTCAC	1
GAAAACTTGCGGTGGTAGTA	1
AACAACCCTAGAAACACTAA	1
GAACATCACACGATTGATGC	1
CGCATTACATCACAGTGAAG	1
ACCAGTAGTCCCCGAATGAA	1
GCCGAATCACCGTGAGTGAC	1
ACACTATAGAGAGAGCCGCT	1
TCTATCTACGTACAGTCACA	1
CATTATCCGTTGACCTCCGC	1
TTGCAGTAAGTACCTCTTCA	1
GGATGTACATAAAATTCCCG	1
GCGCAAGCCTAATATTACGG	1
AGATATCTAGCGCAGTTCTA	1
CCCAGATTTTAACACGGGGG	1
GACTCCCGGAGGTGTGTTTT	1
AAGCAACGTGACAGTGATGG	1
AAATTAAGCATGAAGCACAT	1
TGCCCCTATTCTACAGATAT	1
TAAACCGAGACCATTGTTGA	1
AACCGTGGCTATATACTGGT	1
CTTTACCCAAAGCTAAGCAC	1
CTAGTTTTTCTCACTCACTG	1
TTTTAAAAGGTATACTTAGT	1
TATAAATCAACGCTGATCTG	1
CTGATCCTGCCGCCGTCCCA	1
ATTGTTTGAATAAGTAGGGT	1
CAACAAGTGGCTTACCCAAA	1
CCTCCGTCCCAAGTTACCTG	1
TACAAGTGCACAATCTGCAA	1
TGATTAAAGTTTTTTTACCC	1
GCCCTGAAAACACCGCTCCC	1
GCGAGAAGGTCTCCCTCAGT	1
ACACCTCTACATGAACGAAT	1
ACCCACACCAAGTGCTAGAA	1
ACTAGCCGCAAGCACCTATA	1
CTCCCCTGCTAGTACATTAA	1
TTAAAGGCAGGCGCTTACAC	1
CCGCACCGACCCTCCACTCA	1
CTATATCCGAAAGGAAGCCG	1
TAACTAACGCTCACATTTCG	1
ATCCCGTCAAACGATACAGA	1
CACGCCTAATCTAGAGATTA	1
TAAATGCGACGGAACACGGC	1
TGGTAACGATTATAGTAGAA	1
GAACCATCTCACCCCTCAAA	1
AAATCCACCTATCTGTGAGT	1
ACGAACTCACCTGGGGGAAC	1
GGGATTGATACCTAGATAAC	1
TGTTATGCAGGAAGTAATCA	1
GCATGTTCTAGTTCGCGCGT	1
TGCTCCATATAATCCACCTT	1
TGCTAACAGACCTTACCTTT	1
GTTATGTTTACGGCCCAAGA	1
GAGCGTAACAATCGGGTGTT	1
CCCCGATATCCGACCCCTTT	1
GACTACTGCCCATCCAGTCA	1
GATATAACCTCGCGGGTGAT	1
TAATGCTGGGACGCTTAGAC	1
CTTTACGCTATTTCTGTCCT	1
ATATACAAGGTGGACATGGT	1
GGGGACCCGACTAATGAGAA	1
CCTACAAATCTCTTGTAACC	1
ACGCTTAGCTTACCCGTACG	1
TCCGAAGAATGAACTCTTGC	1
ACACGCCACGTGCTGCACCT	1
ACTTACTACGCATATTGAAC	1
CATTACACATTGGTGCATCC	1
CGGTCTACACAATTCCCTTA	1
ATACACTTGTCATTTTCCAT	1
CACGCGAGGAACCGCCGAGC	1
CAACACCCTTAACCTCATTT	1
AGAGGGATTACCGCACTTAA	1
CAGTTGTAGAAAGAGCCCAT	1
ACTAATAAAGACCACACACC	1
TGTTTCTCACCCACTATTCT	1
ACCCTGCCCGCGCACTACAA	1
CAACGATAATGAGCTTGCAG	1
GATGACTGAAACGACATAGA	1
TCCTATGCCTTGGACCTGCG	1
TTAAGACTCACACTTATAAT	1
TAGCCGTCCGTGTCCACGTA	1
TGAGTACCAATCAGATCTTT	1
AAGCCACGTACCAAACACAA	1
CTACTACTCTCCCCCACACT	1
GCTTTGCTATGGTGTAGCAC	1
GATGAAGCAGGAGACAACCC	1
CCCTAACATATTACCCCCAC	1
CATCTCCACATACAAGCTAC	1
ATCATACAAGACCCGCACAA	1
AAGCACGCTACAACTGCTTG	1
AACATATCCTATGACTGTAG	1
ACTTGTCAATGTGAACTCAT	1
CGGGCTCACCCCCAATGAGA	1
CGCAGAACAACACACCCACC	1
AGAAGTGTAACCGCGTTAAT	1
TTTACCCAATGCCATTCGCT	1
TAAAGCTACCTTTCCAACAT	1
CATACTTAGCAACTGACTTC	1
CCACAACCTTTCGAACTTGC	1
CTGAGGGAAGGACACGCACC	1
ACTACACGTATACTAACCCC	1
CCAGATAAACCATCTAGTTC	1
CCTAACCGTGAGCAAGAAGC	1
AGACTCCAGTTAATGGTACC	1
AGAATTGGATACGTCAGAAC	1
ATGGACAGTACCTTCGCCTC	1
GGTATACGTCGCACACATAA	1
GTCACCTTACACTTAATTAC	1
CGCAACCCTAGTGTAACCCC	1
ATCCATAGAGGCTCCGTAGC	1
TGAAGCGCCACAAATACATA	1
GATGGAGAGCATATGGCGAA	1
CCAACGCGTCGCACGGTTAC	1
GAGAAATATCCCAGTCCTTT	1
GCGAACCGGTTTCCAATCAA	1
AACAGCCTGTCCCCTTGCAT	1
CGCTATTGTAAGCAAAGGAT	1
AATAAGGCATAGCACAAAGC	1
AACAGGTGTATCATTATGTC	1
AGCGTTAAAAACTTCTTCGT	1
GCGGAAATCGACATAGGACG	1
AAAAAATCATTAGCCATATT	1
TGCATACTCGAGTACCACAC	1
AATAGATTTTATTCCCACAA	1
TAATAGTTACAACATATGCA	1
ATACTCCAATTACACCAAGT	1
CACATATGATGCACTAGAAA	1
TGTTGATGTTTCTACCACAC	1
CTCGACAGAAGGCCGCCACG	1
AGCACGACCCAAGAACCAAG	1
ACACAATGTACATTACAGCC	1
TTTCAATATCAACCTCCAAA	1
ATGGCTGCAACATCCCTTCC	1
AGGCCTGTGGTTAAACTGCT	1
CTCCAAGGCATGTTAGATAC	1
AATGGAAGCCTAACGACCTA	1
CACGTTACGAGCCACAACCC	1
GCATGGACGAACACCACTTT	1
TCCATCGTGTGATTCAAATT	1
AGTAGGTAATGACGCACCTC	1
CCAATACCGCTGCCACTATC	1
CACGAGAAAAAGCCCAGAGG	1
TGATGGTACCGCTACATGCT	1
TGAATCCGAACAATGGCAAC	1
ATAAAGATTTGGGTATCGAC	1
AGTCAGACACTGGAAAAGTA	1
AAGAACAACCAATGAGTGGA	1
TCCATATAGCAAATCCCACA	1
TCCCGAACTGGTTCACCAGA	1
CGCCCTCCACACCCTAAAGC	1
CGGGATCAGCCCTTGACCGC	1
TAATGACCACCTGGCTGACG	1
AATGCACATTCTTTCACGAA	1
GTGCTACCCAAGAGCAGATC	1
TGGGGTATAAGATGGGCTAC	1
AACAAAGACGAGTCCTGCAC	1
GGCATGAGTTCGACTTAATA	1
ATTGCTGGCACAGCAAATAT	1
ATTTGTATCCGCCGAACAAC	1
CTGCATGCGGTACTATCAAC	1
TTTTCTAACGCGTCCACTAG	1
GAAGGTCGTCCCCAGCACCA	1
TTCCCGCACCCTACCCCGCA	1
CCTCTCAACGCATGATCCCC	1
GCTCTATGACCATCGCAGCA	1
TCGAGACATTCCCAAACACA	1
TATTCCCATGCACCCCGCAC	1
CCCTCGTGTGTAAACTCATC	1
CACATTACGCGCTCCAATAC	1
CCGCAGTAGGGGATAATATT	1
ATACGTCTTGAAAACAGTCC	1
GCAGGGCATAAGTGGCAGGC	1
ATAACCCGCCCCCCCATCTT	1
ATATCATTATACTACAGCAA	1
TGACGTGCTTAATGTAACAG	1
AAGTAACCCGCAAACAAGTC	1
TTGAATAGAATTACAATCCC	1
ATATCTCGTTCCCACTCGCT	1
AACTATTGGATATCGAATTT	1
GGCCATGCGAAAAAATACGG	1
AACTATAGCGAGACAAGTCA	1
ACTCAGCAAACTCCTCATAG	1
TCTGCGTAACACTATATTCG	1
CATACCTCGTCTCGTTGCGC	1
AAACACCCTATACAGATCAC	1
AATATCAGATCCAAGACAAT	1
TTAAGAGAGGAGTATATCAA	1
GGCATAGGGTCCCGGTATGC	1
CTCTCCGCCGTTAATTCCCG	1
ATGATCGCGTCGTATTAGGC	1
CCGATGCCGAGACAATATGA	1
GTAGAACTGTTTATGCGCAC	1
CAAATAAGTATAGAGAACGA	1
AGTATTCCACGAAATACTTG	1
AAACAGACGCAGCAACTAAA	1
GACTTTTGTGAAGCCAAAAG	1
CATACCCGAACAACCTGCCC	1
AACCATTTCCCAACAATGGA	1
TTGATCAGACTCTTGCCCCA	1
GTGATGAAGCGAGGAGCATG	1
TATTCATTTCCACCTGGGAG	1
CCACCTCCTTCAGAAGGAAA	1
CGCTCTTGCAATAGGTAGGC	1
AAGCTTAGCTGAAAAGTTGG	1
TCCGGCGCACAAGCAGCAGC	1
AAAAGATCCCGCACTTTCGC	1
ACATTGAAATGAAGCAACTC	1
TACAAAATTCTTAAGAGACA	1
GGTCAGCTCCTTATCCCCTG	1
CTCCTGGACATCCGCGTATA	1
TGGCATTATAGCCTTTCCTG	1
TCTCTTAGCAGTAGTTATGC	1
ACTTAATGCTAAAGAGCAGA	1
CTGCCTCCCCTCTTAAAACA	1
CGACGTTCCTACCACCCGGC	1
GCCCAAACACCCGTGATTCA	1
GCTTCCTAGCTTGAGACTAG	1
TGTTTTGTGGACCAACTCTC	1
ATTCGTGAGACGTACGGGTA	1
CAAACCATGACACCCACGCC	1
GTCACATTCTGACAATTATA	1
CTGAAAGTTCAACGAAAATC	1
CTGAAAACCACACACTGACT	1
CCGATTTCTTTAGCCTATCC	1
TACCACGCGCAACAGGGCCC	1
GGGAATTTAGCGCTATCCCC	1
AGGTATAGACACCGAAAATA	1
TGAATGTATTGATGGAGAAG	1
GCACAGCGCTAACATAGTTA	1
AGATAAAGGTACGGGTAGTC	1
GATCAATAAATCAACCGCTA	1
GCTCGCCCTCCCCCTTATCC	1
TCAGATGTATGGCTACACAG	1
AACCCTTTACACCCGCTCAC	1
GACCCCAACAGCTGGGTCAA	1
CCCTTTCGGAAGCCCTATAC	1
AACTTTCGAGCCACAAATTA	1
TACTTTGATTCGCTTCTTCT	1
TCGAAATTTAAATAATAAGC	1
CGACTACGATACACCCAAGC	1
AGTAAAAGTGTTGTTAATTC	1
TCGTCTTAAATATGGTTAAA	1
AGATAGATACCTAAATAATG	1
CACAGTATAACACCTTACCT	1
TGGCCAAAAATAAAGCAAGC	1
CAGCAGGGAGATGGGCACCC	1
GTCCATACAGCCGAGCCACC	1
TACTTACGGGCTTATTACAA	1
TTTGTTCAAATTGTGTCACT	1
AATTGAAGTCAGATTTTAGT	1
CGTCTGTTTACCTACAACTC	1
TATGACTTTAGCCTGCCACT	1
GAACATTACACAATGTTGAG	1
ATAGTCCCGGTTATCCCTAA	1
AGCCTCCAACCCCTGTGTTA	1
AGAGAACTTCCTAAATGATA	1
AGAAAAACTAGATACCCACT	1
CCAGCAGCGTACAACATGCG	1
CCACAATCAATACAGCGCCC	1
TTATTAAGATGTAAACCAGG	1
TAAGCAATCACTCCTACGGC	1
TATGATGCGGGTTGGCGACA	1
AAGTCACCTGTTTCCTTATC	1
AGGGTGAGGATTTAAATCGT	1
ACGTAAGATTTGTATACCGG	1
CATGTCCCACTTTATTCCCC	1
GTAACTACGGTACCATAAAG	1
AAAAGCGGCTTAGGCCGCTC	1
TAATCCTCCGCCACGGGGCG	1
AATACGATGACTGTAGTAAA	1
TTCCGCAGCACGTAGAGCCG	1
CTGGTCGCCGTCCACCAGTG	1
GAGATTACACAATAGCATTG	1
GAAGCATCACGAGGCGAACA	1
AATCACGCAAAAAGCTGTAA	1
GAACTAGCCGTGAGGAATTC	1
TCTTAGCCCAATCAATGCCT	1
TTCCATAAGAGAGCTTTAAT	1
TGACACTCCGATTGAAAACT	1
GAATGTAGTGAGGTATTTCG	1
AGAAAGGCTGAAGCTGCAAC	1
TTCTACTAATTTGACACAAC	1
CTACACGATAAACCGACTAC	1
TTTCGGAACCGCGACCAGCA	1
GTCGTGGTATCTACACGACT	1
TCTACGACGCGCGTACCAGA	1
TTTATTGCTCGCCTATGGTG	1
CTTGACATTGCTCCCGTGGT	1
TTCCGGGTCTTAACAGGGGA	1
AAAAATTGCCCACCTTCCCA	1
GCCATATGACCCTCCAAACA	1
ATTTCCTCCCGCCACCCCTC	1
TGATGATTCAAAGGGTGCCC	1
CGAGCCTCCAATTATGGAGC	1
TTACGCCTCAGAGCTTCCCA	1
CACACTCAGCCGCCGGTTCT	1
TGCGAACCTTCGCTCACGAT	1
ATTACTCCGTCCCGATTAGG	1
CGCGCCTTGCATCCCCTGCC	1
TCGTCACCGAAGATGGGTTA	1
CATCAACCCGATATGTGGAT	1
TCCGCGTCAAGTAGCCTAGG	1
ACCGAAAGCCCCCAAGACTC	1
AGGTAAAGACCAAGCTCCAG	1
TAGATGGATTATTGAGGAGT	1
TGAATACAGAAGCATGGTCG	1
CCACTTAGCTAAAGAAAATG	1
GCTTTCCTCGAATTTTGCGA	1
AAATATCACGGCACTAAATC	1
CAGCGGGATGAGTGCACACA	1
AAAGGAGTAAAACCGCGAAT	1
TAACACTCAAATACAACCAC	1
TGGCGAATGGACTGTACGCT	1
CAAAGCATTACCTGACACGT	1
TCATGACCTACTATGCATAA	1
CGCCGTCAACATTATCGCCG	1
AAATATATTTTGGAGAAATT	1
CAACAAGAAAATCGTAAGAA	1
GACAGAAATGTCACGCCCCA	1
GCGGTTACTAATGGGTACAA	1
AACTCACACGCTAGCCGTGC	1
AAAAGCTCAACATCCTAGAA	1
AATCGCGACTTTGTCCTCGA	1
ACGTTCCTTTAAAACTCATT	1
GAAAGTGAAACAAATACGAT	1
AACAACGGGCTCGAATACTT	1
CGTAACATGGCGATTGACTG	1
AGCTACATTATACTAGACAC	1
ACCTCTCTCCTTAGCATTCT	1
CTCTATGCCCAGATACACGC	1
TGATTGAGAAAAGTGATTAG	1
ACTAGAGGAGTACATAAATC	1
AGGAACCATAACACTGTGCC	1
GATCAAAAAGGTATAATAAT	1
TAGGACGTAAAAGCTACGTC	1
CACAAAAATCCCCAGTGCCC	1
GTGCCACTGCGCATCGGAAC	1
AATTATCGCAGACTTATGCC	1
AGCTCAATAACAACCTAATT	1
ATAAAAAGAGCGCGTGTGCT	1
CTCACACTTGGAGAGGCACT	1
GGGATGGTATAAGAAAGGAA	1
GAGCAACGTAAAGCGGCTTC	1
GTCAGGCATAACAATGTCAC	1
CGTAACCAAGCTTTAACACG	1
ACTACGTACAATCACGCAAA	1
CTGGTTGAGAAATAACGAAG	1
TGACAATTACCCCGATGCCA	1
CTCTAGCGCACCATGTAGAA	1
ATAGTTGGCAAAGTTTGCTA	1
GACACGAACTTCGGCACGGT	1
ATCGGTACTGTAGAAAGAAC	1
ATGCGTTTTTTTCCCACCTA	1
AGAATAACTCACTTTTCAAA	1
GGACCACAACCTATCTCGAT	1
GAGTTGTGTCAACCGCGTGT	1
GATAATGAAGTTAACTAAAC	1
GAATACGCGGAATGGAAGCA	1
AGCCACCCCGCCACCCGTTT	1
AGCTTCCGATATGAACTAAG	1
CCAAAATATGGACTGTTGAC	1
GTAAAAGCCCCTGAGAAAAC	1
CTGAGTCAAAAAAGTGAAGA	1
CATCACTAATAAACATTAAC	1
GAGTTATCATGGGTTCGAAC	1
ACCAACTGCGGCAAACTACC	1
CGCTCTTCATACATATATAC	1
ACGTACTCGACCACTTACGA	1
TCCACCATGCCAGCAATGTC	1
AGCCCTGTAGAAGAGCAGAC	1
CAACATATGACTCGCAGTAA	1
AGTACTCAAACGTCCCCACT	1
TAGGTAGATTCTGCTGCACA	1
AGAAGGCTCGCGGGTGGGGT	1
ACACGTACCGCGCGCGCGTT	1
CAGTTCAGGTATCGGATGCC	1
AAGGCTGCGACTAAGAAGAC	1
AAATATACGAGACAGCAGTA	1
CTCACCTGTAGCATTAAACG	1
ACCGGGAGACCTCTACTAAC	1
GGTGTATTGATATATCGCTC	1
CCCTCAGTTATACCGTATTT	1
AAAAGTTCTCACTATTAAAC	1
CCCACTCTCCCTAACGACAA	1
CCCGGAGGTAATGTGAATTG	1
AATGAATTTACGCTTCAAAG	1
ATACACCGTATCACACAACG	1
GTACACAACTATAACACACC	1
ATAATCCTGCTAACACCCTT	1
AATAGAACCCATGCTTGTGA	1
GGATCTTAGATGGAACCGCG	1
ACATGTGACGCGTGTTTTCC	1
TTAATGCTCTGTAGTCCTTA	1
GAAACGACGACCCTACACAG	1
TCGATCTTCTCGCTAAAGGT	1
CGGAAAAACTCACACCAGAG	1
ATCCTACTTGACAAAGACCG	1
GTTAAAAAAGATGAGATACC	1
GTTTGACTGCTAATGTTTGA	1
TATATTTCCTGCAAGTTGAT	1
TGACCATGCCAAGCGCCCCC	1
ATTCAGAAAACGACCCACGT	1
ATCACATAGAAACAATGCCT	1
GGCTGATACTCTAAAACAAA	1
AACTATGAAGAAAATGTTAG	1
TTCAATTACCACACACTCCA	1
TAACCACACTCGGTCCCCAA	1
AATTCCGCAAACATGTTAGA	1
ATCAACACGTTTTCCTTCGA	1
TGTTTCCACGACGTTTTATA	1
GAGATCGCAGCCCCTATGAC	1
AGATAACTAAGAATCATGTG	1
GGTTCACACGCCGACGGGGC	1
GAGTTGACAACACCATGGTG	1
AAATATTTTTCTGAAACTAA	1
CTGCCTTACATCTCGCAATT	1
AAAACGTTCCCTCCATCAGT	1
CAAAAGGATGGAGGAAAAGG	1
CGTTTTATTTAGACGAAGAA	1
CTGCGCTAGACTATACCAGC	1
TCACGATGCAATCATTGCGG	1
ACAAACTCATCTCATGAGAT	1
ATCTATATTAAGTGTCACGT	1
CGATCACGCACGTTACTGCC	1
TGGGCTCTTGTAGGTGACCG	1
CTCTGACGATCCGATCCACA	1
AGTATCAACACCTACCACTG	1
CGCGAAGTATCTTACTTTTT	1
CACCTACACAACAACGGACT	1
TGAGAATGCACACTCTATTC	1
CAGTGCATACAGCGCAAAAA	1
TGCTGCAAAGCACAGACTTT	1
GTCCCCATCTCCCCCCGTCC	1
TTATCATTCGAATTCCTTAA	1
CAATATGCAGCGAGCGTTCC	1
TCCGATAATAAGATATCCCC	1
TGAAACCATTAAAAGTCCAT	1
TAGGAGTAAAGGGAAAAAAT	1
AATGAAAGCTGGATAATGAT	1
AGTTGAGTGAAAATGAGTAA	1
GATAACAAAAAGCTCGGTCT	1
TGAAAACCCTTACTTCGACT	1
GGATAATCTTTTGCGGTAAG	1
CAAACTGCAAACTTCTTTGG	1
CTAAATACTCTGGTAAGATA	1
CCTCATGAAACGATTGGGGT	1
ACTTCGACTTGAATACACAA	1
GGGAATGTCACTTATGAATA	1
TAGTAAATCCGTATTTCTCG	1
AACAGTGCTACTACATCCTT	1
ACGAATACTCTTAATCAGAG	1
AACGTCTGCGGCACCACCGT	1
AAAGGTTATGTTTTTAAAAC	1
CCTTTGGACTCGTTGACTTC	1
GTACAAAAGTAAGAGATTAG	1
GGCTGATCGTACCGAGAAAC	1
CTTTTAGCGTTATTCCCACC	1
AATATAGAAGATCTTACACT	1
AAACAAAGCCGGGCTCTCAC	1
TGAGGGTGTAGCTATCACTG	1
CACAACTTCAACCTCAACAC	1
TGTCCTAGCGGGAGTGGGAC	1
TCTATCAGCACTTCCCTTTA	1
CGATATGAGCTGAATTGTTC	1
GTGCTTTTAGGCGTCGGTAG	1
AAACGATTTAGACCCCTTCA	1
CCTTAACGCCTTTCTCTTCG	1
ATCTATTCGAGACGCATGTG	1
TACCAGTGAAGCGAGAACAG	1
AATCCCACCCGTACCCCACT	1
GATTAGCCTCCATGCTTCAA	1
ACCCGTGCTCGCGAACTGTT	1
TATCTTACTCTCCCGCCGTT	1
AAGCTAAGCATTAGTATATA	1
AGCATTGGTAAGGTTCCGCT	1
ACCCTGTTTCTTTATTGCAC	1
ATAAACTGACCCTACAATAA	1
ACGCACCGGCTAAGGCACCC	1
TCCAAATAAAGTTAGGAGCT	1
ACCCCTCCTCAATGTGAACG	1
CGAATTTAAAATAAGTAGAA	1
GTTAGTGAAAGAACTAACCA	1
AAGAACTTATTGCGCGGCCA	1
TTTTTTTATATCCCGTTGTG	1
TCTAACAGCACAGCCTTCAC	1
GAGTTGGGGTAGGGTTCACA	1
CTTAACGTACCTGTTCTCTT	1
AAAATTTCTGCAGACTGCGA	1
CCAACCTCCCACCACCGTAC	1
TTACACGACACTACTGCAAA	1
TAAAGCGATGGATTGAGGCT	1
ATAGAACCGCGCTATGACTA	1
ACACACCCTGAATAATGGTA	1
TGCCTCCTAACACTATATAA	1
TCATTGATCATTAAGCCCTG	1
AGGACTAAAAATGCACATTG	1
CATTGCAGCTATGAAGCCAA	1
TCTTATAAACATATCATTAC	1
TAACGACATAACGGGGACCG	1
GAAGCACTCAGAAAATACCA	1
CTGTTTTTTACATTAACTTT	1
GCCAATTGCAACACTTGGAA	1
GGTAAGGTAAAGTTGCGTGT	1
TGGAAGGAGTGCACGGCTCC	1
CTAAGTAGCATCGAAGCCTC	1
GAACTAGGTCACTTCCAGCA	1
TAATAGTAATATCGGAGCGT	1
TTGGGAATAGCTACTGGCGA	1
TTATTGTCTAGAGTAACATA	1
ACGTTACACAACCACCCACA	1
ACCCATGCTTGAACTGCCAC	1
AGGAATATAGAGCCTAGTTT	1
TATTCGAAGGTGGAGGGCGG	1
ATCTATTTCTACCCAAGTAT	1
AATTTCACTGTTTGTTCGAA	1
GCATGCTTTAATATTTCCAC	1
TTGTTTTGTATATCACATTG	1
TACTGCTAATTTTTATTCCC	1
TATGTCAACATAAGGGGACC	1
ATGCCTTGCTCGAGGGGGTG	1
CTAGATTCCCACACCTCACA	1
ACCCAACCTGATGGGGTGCA	1
TACTAATTACGAGAAGTCTT	1
ATCTCCTTCCCTATGCAGAC	1
AGTGATTCGGCTTTACCCCA	1
GAGTATCTGTGACATGACCC	1
CTATGCTGTAACACCACGGC	1
TGACGCCTTGTATGACGATC	1
AGTCATCTCTCCAACTGCCT	1
ATATGCAACCCACTTGTGAA	1
ATAAAAGTCTGGGATTAATG	1
CTCGGCAGGAAGCTCAATAC	1
CTTTTGACAGCGGGTTAGAG	1
CACATTTCCAAAAACATCCT	1
GTAAGTAAGGGTTGAGCCAC	1
CTCATGATTCCAGCGACTTC	1
AGGAAAAGTACAACAACAAA	1
AAACATAGAACAGATGTCTG	1
AGCAACATTCTGACGAACTC	1
CAGAATATGCACATGGATGT	1
CGTACCTGACATAGCCACGC	1
CGCGAATAATAGACGGATTT	1
ACTAACCTCACACCGACATT	1
GAACAATCCTTTGTGACGAC	1
ATCCCGCTTTACGGCTTCGA	1
CAACGATATAGCCGTTCCCT	1
ATGCTTTCACTTATTACCAT	1
TCCCCACCCAGTCGCCCCTG	1
GCTAGTGACGGCGGATGTCG	1
TGCAAAACAGGGTTGATGCA	1
TTGGTGTGACGATTAGCGTG	1
GGATAATACTGATGATAGTC	1
CCTTACCCATGATATACACC	1
TGGCCTGTAAATATTAACAG	1
CTATCGCTTAACCCGGTCCC	1
GATAAATGCTTAGTCCCCAC	1
AAACCTTCCCTCGGAATCAA	1
AACCGCCTCCGTACACAATC	1
ACGTGCGAGACTAACAACAC	1
ACTACCATCCTACTGTAGTA	1
AATCGGCGGATCACTTATAA	1
GTCTAGCAATGACGTGGCAG	1
TGTCTTCTTAATAATAACAA	1
TTACATCTTTCTCTTATTAC	1
CTAAACTGATTCGCTAGTAC	1
ATTCATATCCGCTCCCTAGC	1
CAATTCATCCAATATAACAA	1
TCACTTTCCTGCCCCCTTCA	1
GTCAACATTCGCCTCATGCC	1
GCTTTTGAATCCACAACCCG	1
TTGGCATCAATAATACAATC	1
TGTAATCGTAATACTGTGAA	1
TAATCCCGTAGGCCCTGTTT	1
TTTGTACCTAGTGTTTCAAG	1
AGCCAAAGACAGAAACGAAA	1
TCGTCAAAGATCGTACGTAG	1
ATACAAACAATACAATGTCT	1
TTTCAACAACCCACCTTAAA	1
ACATAACATACTTGCATCTT	1
TAGGGGCGATTCTAGCGAAT	1
CCGCGTCTTGCTGACCTCCC	1
ATCCACACACAGTAGGTACC	1
GAATTCCCCCACACAGTACC	1
TTAGCCAAGAGTAAATGCGA	1
CGAATCTCCCTCACCTTTTG	1
CATCCTCGTTTTTTTCCTCC	1
CCCACGTGCCCTAAAACGCC	1
CCTGTAAAGTTTACCGGCTG	1
CATAGCGCAAAGAAGAACAG	1
TATACCCAAGTACCCAATTC	1
TTGTATAAACAGAAAGGACA	1
GTGGCAACACATATTTTTTG	1
CCTTATCGATCAAGGATCAC	1
ACGACTAGCGTACCCGTACA	1
AAGGTCATGAACCCGGGTGA	1
CCTCCATACCATGCTGAACT	1
TATGACACATAGCCTTGGCA	1
TATGATAACTTACATGCATC	1
TTCAGCCCTAAATACAGTAA	1
CTATACTACATTACGTCAGG	1
GCGCCACACCTCTCCCATAA	1
TGCCTTAAGGATTGAAAAAA	1
TTACGCATTAAATGCCCTAC	1
TGTTACAGGATAGATAATCC	1
AGCCGAAGGCAACTGAACCT	1
TAGGAAGGGACCACCTCCGG	1
TACATCTGACAAAGTACTTT	1
CGATATGCGAGCAAGATACG	1
TATGTCAATCCCCCGGTACC	1
AAAAGAAAAATTAAAAATGT	1
TCTACGCAAAGCAAATGATC	1
ACAGCGAAAATCAGATTGAT	1
AGATTCGTGCACCAACGTTC	1
GAGAGTAGAAGAAACCCATC	1
GCGGGACACCCTCATAGCGA	1
CCCGCCATGCCCACGCTAGA	1
ACCCTCGTTTATCGATAAAA	1
GCACCGCACTCCGAGCCCGT	1
GAAATAGAATTCTTGAGCAA	1
CGTGGTCGACTACCTTGTGT	1
TAACGCACTCATCGCTGGCC	1
ACATACGCATTTTTCTTAGT	1
GCATGGTTCATACAGTACCA	1
CACCCTGACAACTGAAACTG	1
TGAACTTATATGCGATAATG	1
CTCAGCACAACTACATAAAA	1
CGTACCCCCAGTGCCCTTAA	1
GTAAACGTGGCTAGCAACCC	1
GAGGATTACGAGCATTCCCC	1
ACTGTCCCCGTGAGATCTCC	1
CGGAATGTAGTTTCCTGGAG	1
TCATTAAATTAATACTAGGC	1
GCGCGAGGCGACGATGGGAG	1
AAAGTTAGCGGATTGACCAT	1
CCACCTCATTTCACCACCCT	1
CGGTACATGCTCTCTGAAAC	1
CCTAATCACGCGCTAAGGCT	1
ACTGCCGCATAAATCAAGTA	1
GGATTCCGTGCATACGCCTC	1
ACAACCTAGAAGTTAATTAC	1
CGCCGGTTTATCCCATATGA	1
TTTCACCAATCTCCCACATA	1
CATCTAACAATCTATCTGGA	1
GGAGTGATCTAGTAGGACCA	1
GTCGTAAGGTCATCACGAGA	1
TTATTCAAAGAATGAAAGAC	1
CAGTCGAAGAGCCAAAAATA	1
ACCTGTGCGAACCACCACCC	1
ATATGCCCTTCCATTGCTGT	1
CCCTCCTCTCCCCACCAACC	1
GTAACTCACCACTCATACCG	1
AAGAACAGACGTCGCCTGTC	1
TGCTACGACATTCATACAAA	1
TTAATACCCGGCGCCCACTA	1
TACGCCGCGAATGACTACTC	1
AAATAAGATTGCAAATTTTA	1
TATTCTATTACTGACCGTGA	1
CTGCGCAATTCCTGCCATTC	1
ATACCAAAAATCGCAACTGT	1
AACTGCCAAAAAGAAATCTC	1
CGTGAATCAACACGGCTTAC	1
GTGTTAAACGGCGATAAAAT	1
GTGCGGGGTTGTCAATAAAT	1
TTCACCAAAGTGTGAACCAC	1
GTTATTACTAACAAATTAAC	1
CCAACTGTGCTCATCGCTCT	1
GTTAAGAGTGCGTATATTAT	1
CTATAATAGTCGGACGCATC	1
CTGCAATTTGTCAACCAGAC	1
ACCTGGAAAAGAATGAGGAA	1
CCTTCCCTGTCACCGTACCC	1
TGATCCCGACTCAAGGAACA	1
AACCCCCTTCGCCTCACCAC	1
ACTCCAACAATCAAGCTATA	1
AACCAGTCCTCGATACCACA	1
ACTCTCAGGTCGCATAAAAG	1
ACGCGTAGGGAGTGCGTATT	1
AAGCTTGCCGGAGTTCATGA	1
GTCCCTCTGCGCTCTCTCTT	1
GGTGTAGAACGAACCCAAAA	1
AGCCTCCCGCAACAGCCACG	1
CGTGAAACTGCAACCCAGTG	1
CAAGAAGGAAAAAAATATAC	1
CTCGATACAGGCACGATGCT	1
CTTCGACGGAGTTAGTAGTA	1
AAAAAATAGCAGCTGAAAAC	1
GCCCAAAGAATCCCCGAACA	1
CCCACGCAGTTGAACCAAAT	1
ATCTACCACCGCTATATCAA	1
GCGAGTCTTTTAATAAAATA	1
CTACCCTTTGAAACTCGCGG	1
ACACAGCCAAAGCAACCTGT	1
AAATTAACTCTTATCGTAAA	1
AGATTCAACCTTGCAAGGAA	1
ATCATAGCAACGGATATATC	1
TTTAAAACGCGCCCAAGATG	1
ATAAAAGAAGTCTAAGCAGG	1
AGACAGTCCCACCAATCAAC	1
AGAAAAGCAGAGGTACAACT	1
CAACACAGCCTCCAATATCA	1
ACCGCGATGAAAAAGTATAA	1
AAAACTCAGCTAATTACACT	1
ACAGATGTACACTCTGTTCA	1
GTTGATAGTCTAGCAAGCTT	1
CCCAGGGATTCATTTATGAT	1
TAAATTTCTGTCTCGCCTTG	1
CCTCAAATCCCCTAAATATG	1
ACGAGACAATATCCACGTTT	1
ATCGGAGTCATGTTCCACGC	1
CCGAACACCTTATATACACT	1
ATTATTTCTTAATCCCACTA	1
TTTCTAGCTATGCTTTCCTT	1
CTCCTGAGACGAGCCTCGTA	1
GTATCCGCCCCTGGTTGCTT	1
TGATTTGAAAGTTCCCATCA	1
AATCAATCTGGCAATGTGAA	1
ACGGTCGCTATTTAACTATC	1
GTCAATCGCAGTTGAGAGAC	1
GGATTTAATCCAGTATAAGT	1
CTTGTCGGATTCCCGTTGTC	1
CACTGTACTCTCCTCTCTTC	1
TTCAACCGACCACTGCCAAC	1
CACCAATTCAGCCTTATTCT	1
AGGTCATGTACTAGGACTTG	1
ATTTGGATACTTAGAACCAA	1
TGAGTACCCCGTAAGAAAAT	1
AACCCCCAGCGCTCACTTGA	1
AATGAACTGCAGGCGATCCA	1
TCTTGCAGTCTGTACCAAAC	1
ATTAAGTGCAACGTTTGTAC	1
CTTACCATCCCCACCTACGC	1
TGGAGGAAGTACACAATTGA	1
TATGCCGGCAACGCGCGAAA	1
GTAATAATTCAGCACTATGA	1
CTCTCCACTCTCGCGAGTAT	1
AGGTCTTATATACGGGGCCG	1
TAACACCACCAAATTCGACG	1
TTTGTCTCGCATGTCCATAT	1
TTCCCAATCCTACCTACCTC	1
GGTTTTAACCCACAGGGCCC	1
GCGGCATAGGGGACGCACTG	1
ATGTGATGCGCATACGCTTG	1
AAAAGCAGGTAACGATGCGA	1
AGACGCTTACTTTTCGACAA	1
ATGGAATGGATTGGCTGAAT	1
AAATTTCGCACAGTACCCAT	1
TGCTTCTATGTGAATAAAAG	1
AGATAGAAGAACTTGTTTCC	1
GCCGCAATGCATCTGTTTGC	1
GCAGCTGCTAATACCTGTGT	1
CATATACCCTTTCCCTCCCG	1
CACAGCGTAGCCCCCGACGC	1
TTACCCGGTGCGGATACCCC	1
CTTCCTTTAACGTTACTCGA	1
CCCCAAGATTCTCACCACAA	1
CCAACGCAAGAATACATTTG	1
CATAGAAGATAGGCTCAATA	1
ACTACACCCCCAGAAATTAA	1
CGGAGGCAGGATTAAGCTGT	1
ACATTCTTTCGAAAAGCAGT	1
GCGGGGAGAAGAGATTACTA	1
GCTGGTTAGGGACACAACAG	1
AGCTCCGAAACTCTATTGTA	1
CCCTAACACTACGATAAACA	1
CACCTAACAAAGGAAATAAC	1
ACACCATCTTTTCCCCCAAA	1
AGCTAATAGCGCGATCGCAA	1
TTACCGTCATTCCCTCTTAC	1
CAACTTATACATCCGCCAAT	1
TGACTAATACCTCTCATCCA	1
AAACATTCCTTCCGTTGTTC	1
GGAATGGGCACAGCACACGA	1
GGGAACACGGAACCAAACAT	1
TAAGGCGTACATTCTACTTC	1
TAGCGCTATTAACCCGTTCT	1
TAATGAACCAGGTGCCAATC	1
CATGTAAACCATGTCGACCG	1
TCTTTAAATAACTACTGCAA	1
ATAAATTTCTCTTGTCTTCA	1
CGTTATACCTCGAACGTACT	1
TGAGAACTCCAAACCGTCAT	1
CAAACATGCCCGTGATGACC	1
GTTGCCGCACTTCATAAGTT	1
GACGCACGTTCACATTGCGA	1
CACGCCCAACCAACTTCTAT	1
AACGGAGAAATCAACAATGT	1
GCATAGCATGCAAACGACGG	1
CGCGGCGCATGGCGGCGATG	1
CTGCACCCCAAACCGTGTCC	1
ACACATACCCTTATGAAATT	1
TCCGCGCTAGTAACAGGAAA	1
TACGCCCTCAACCAGGTGCC	1
GGTTCACTTAACGATCTGTA	1
TGGATCAAAGATGACAAGCG	1
TGCAACTCGGGCGCTGGTTA	1
GAGGCTACCTCAGATCCAGC	1
ACTGCACATCTTGAACGCCT	1
GCACTACCAAACGCCTGCTG	1
ACCGATATAGGGAACCGGCC	1
GACCTGGAATTATCGATTTG	1
TTATACCGTTGCTACCTTTT	1
GTACTCAGGACTATATAGGC	1
AAGCCCTTTTTCAGAAAATT	1
TTTAATACGCGACGTCAGAC	1
GAACAACATTACTAAAGCCC	1
CATTCACGGGTGCTGACCAA	1
TTGTTAATTCATCGATGGAA	1
TTTGCAGCCATACGGCAGCC	1
CGCAGCTGCCCAGCTTTTCC	1
ACACAATGACTCACACTGTC	1
TAACCTCACCAAACCCTGCA	1
AAATTCATTACATTTACGTC	1
ATTCCGCGAAGGTGTCTCAA	1
TTGTGTAGCTTCGGGCTACA	1
TTTTACAACCCTGCTACACG	1
AGAAAGAACTATCCGAATGG	1
TGAAATCCCATCGAAGCGAA	1
GTAGAACAAACGTCTACCCG	1
GTGAAACAAGGACTCCAAGG	1
ACGTGATGACAAACTATAAC	1
ACTCGACCTCCACCCCGGGG	1
TCCCTAATTAAATCCACGAA	1
TTCGAAATCTAGATGTTATG	1
CTACTAAACTACACTGTGTC	1
AAACCAGCTAGTGCCCACTA	1
AAAACCGAACACGCTTATTA	1
TTTACAAAAAAATGGGACAA	1
TAGTCCATAGGAAACCAGTA	1
CACTTCCATCGAGCTCACCC	1
TATCAAGATATTTGCGGACG	1
ACAATCTAGTTATTCCCCAT	1
GAGAGAGGCTTAGGTGGGGA	1
AGAACTAGTGCCACCATGTA	1
GTGGCTATGGGAACTCTCTT	1
GCTGCCTTGACCATCTAGTC	1
ACACGTATTACCGATTTTCT	1
CTAATCAGTGGATACGACCA	1
TCCAACCACCGCGATTAACG	1
ATCGTATAGAGCACCTTAAG	1
TTATCATCGATCTGCTTCGA	1
CTGATATCAAGTAACCCTGC	1
TACAACTTATGCTGAACGCA	1
TCAACGTTTTTACCTTCTCT	1
ATGGAAAAAAAGAATCGATA	1
ATCAATGCAAATTTAGACTG	1
ACCGCACTGTATATACCATT	1
TCGCTAATCGGGTACACCCG	1
CATATAATAACAACTGTAGG	1
TCAGATGTGCCCTCCAGAGA	1
TATCTAATTATGTACCAAGC	1
CACCGGACCCACAAGCAACC	1
CGCTCTCTATTACCCCTGAA	1
ATGCATAGAAAAAAGAGAAA	1
TCCAGTTCGTTATCCATGAT	1
CATTAGTATATTACCTCAAC	1
CTATCCGGTATACACCGTGT	1
ACCCCAAAGCTCTTGTTACA	1
AAAGGAAATTTTCATGAAGA	1
CCTTGCGAAGCCATACTGAC	1
ACTAAATATTTTCAATATAC	1
CCGCAATTAGGTGACGAGCC	1
GAAAAGTAATCTGTCTTCAC	1
TACCAATGAAGATACAGTTC	1
TTTTTGCACAATGCGCACTT	1
TAAAACCCGTGGACTCCACA	1
ACACCTCTGCGAAATAACAC	1
GGTGCTAAGAGCTTTTCTAA	1
CGCAGCCATACCCCAACAAG	1
CCGCCCCGTGATTAGTACCA	1
ATGGGCTAGCGAGCATTAGT	1
CTAAGACGCTAGAAGGTAGA	1
ATTCACATGTGTGTATCTAT	1
CGGATACACACAGCGTGATA	1
CATTCCCCCCCTGGACCCTC	1
AAGAAATCACCTTAAAATAA	1
CAGCTACAGAAATCTTCGAA	1
AAAGTATCCCCTTCTGATGT	1
GAATGACTTTATTTCAACTC	1
TAGAGGCATGAAATTGGTCC	1
GGATTTCATGTTAACGACAT	1
TCACCTTGCACACAACTATC	1
GCCGCTACACATTTTTATAT	1
CGTTCATTCTTAAGCGCGTC	1
GGCCTTTGGTGATAAGATAG	1
ATTATTTCCTAGTAGACTAG	1
CTGCACTAACAGCAATAGCG	1
CGAACGCGAAAATCCAAATA	1
AACCAATGTGGGTATGAGCT	1
TAACCTCTTCACAACACCTC	1
GACGTCCAAGAAGAGATCCC	1
ATATGGGTCGCCCCACAAAC	1
TACCCCAGTGTTTACATCTC	1
CCACCCTCACAATTTGGGTC	1
CGTGGCGGACACGGCTACAC	1
CAATATTATATTATCCCGAC	1
TAAGGTCAATTGTATTCAGT	1
CCATAACCCACGGGTAAGCA	1
ATCCACAGCACCGTTTGATA	1
GATTCGGAGACCACAGAACG	1
GTGACACCGGTACGTGCACA	1
ACGTGCCTTCATACCTAGCA	1
GATGACCTAAGATAGTGCTC	1
TCAACGACGCTACGTCAAGA	1
ACTGGCGGCCCGAACAACTT	1
AATGTCGAGGAGCCAAGGTC	1
CCAAACCCGATATGAACCAA	1
ATGTGTTCAACCGTTTTATC	1
AAATGTGCAAATGAATTAAA	1
AAGGCCGTACGGTAGGACTA	1
CCCAATCAAGATTCAGGCAG	1
CGAAGGTTAATCAACACGCT	1
TAAGATGTGAATCTGATACA	1
ATCTGTACTCAGGCAATTAC	1
ACCACGACAACAAGACTCAC	1
TAACGCGCTTCTGCCCACAC	1
CATAGCCATACCAGAACGTA	1
AAAATCGTACCAGTCTGTAC	1
ACCACATACTTGGGTAGTGC	1
CCAACTTATCCTGTAACGCA	1
TTCCAACTCGCGTACCCTAC	1
ATGGGAGCAGGGCCGCTTAG	1
CGAAAATAAGGCTTCTATTC	1
GATCACGTAGCTGAGACTTC	1
TAGGGCAAAACGTCAAGTTG	1
TTGTGAGGTGCGATGAATGC	1
GAGACCTAATGGCGGAACCT	1
TAGTCCATCTAGTGTGCGTC	1
GATTTCCAGGATAAGATCGG	1
CAGACGTAGACGTCAGCCCA	1
GCCTACTAAGCCCGAGATGT	1
CTGTACTGACCATCGAACGA	1
TAAACGCAGTTGAATACTGT	1
ATAAACTGTTAAGCTACGTA	1
GAATACACCTTTAGTGCTTA	1
AAAAGCAAATAGAAATATTG	1
TGGATTAGGCGACTAATAAA	1
AATGATCGTGTGCATGTCTA	1
AAACGCACGCGCGCTCACTC	1
GATGCATAGAAGAGTAGGCC	1
GCGGGCTGAGGTAGGCCAAA	1
CGCCATCACTGCTGAAACAG	1
AGGAGTGAATTGTATAAGAG	1
TAAAATGAAAGTTAGTTCGC	1
GCGAAAATTGTTCCTAATGG	1
AGCATTCGCATAGCTACCCG	1
GTCCTCTCACAACTCATATC	1
ATACTTACGCAGAAGACTAT	1
AATAAACGTAGCGCGCGTAT	1
CGATACTTTAAGACCCCAAA	1
ATATCAATCATAAACTATTA	1
ATTCGTTGCTGTATCATGGA	1
CACGTGAAACCCAAATTTCT	1
CCTCCACGTTATTAAAATAC	1
CGAGATTGTCTCCATAACTT	1
ATCAGTTATAACCGGTACGT	1
ACCCTCGTTAACCGAGCAAG	1
ACTTCCTCAAAGCCGGTGTT	1
TGCCTACGCACCCCGCCTAC	1
TACCGTAGTGTCGTTATCTC	1
AGCCTAAAGCAGTCACTGCC	1
ACGACGTTTAACCACCCGCA	1
CTCCAGATGTCTGACCTACC	1
CGCGAGGTCTGCACTATGAA	1
ACGAGTTCTACCCCGAACCC	1
GCCGACAACACACCCAACCA	1
ACATCTGGACATGCACGTAA	1
ATCTACAACTTGCGTTCTTA	1
TGCGACATTTACTTTATCTG	1
CTTTCAAATCTCACCACAAC	1
AGGAAGCTTGCCATTGCACG	1
TATAGTCTGCCCCCCGTATG	1
GAAGGACAAATGGCCTCACT	1
AAATGGGCGTCTATTTTGGA	1
ACCGACTTGAAATAAATACA	1
TCTCGCGCTCAAATGTGAAA	1
AATTGTAGCGGCTTCTTGCA	1
TCACGGTTGCAACCTGGCTA	1
TCTTTACCATGGCTCTCCTC	1
ATTACAAGGTTACCCCTCAA	1
ATTTGAAAAGAACCAACCGC	1
ATAATAGGCAATATTTGTGC	1
TCGGTGGCACGTTAGAAAGG	1
GAACCACCCCCAAACTGTCG	1
AAAACACAAACCTTTATGCG	1
TCTGAAATACCCATAAGCAC	1
AGACGCGACAATGCTACACC	1
AGACACAGACGCACCACAAC	1
AGGCGGACCCCCCTCCCGTC	1
ACCGCTGCGCACTACGAGTA	1
AAGTGCCCCATAATCAATTT	1
AAACATTAAGCATAAGCGCG	1
CCCCTACCCCGGGTTAGACA	1
CTGTTATAACTGGTATATCC	1
ACGATACATAGCCCTCACAC	1
AGGGCTGCAGCCCACAACGC	1
ACTTACGTTACTCGAAACTC	1
ACAATAACAGTGTAATTTAA	1
CGCAGACACGTATCCGTAAG	1
GGTCAGCGATAGCACCCCTG	1
CACTACAAAAAGGCGAACTT	1
TTGGCTAGAATCAACCGTTG	1
TCCAAACTGTTAACCGTGCT	1
CTGATTTACCTACGTATTTC	1
AAACTTGCCATTACCAACTC	1
CGCCGTTATTGAATTATAAT	1
TTAATCGGAAAATATTGTGG	1
GAATTCCAACGTAATGGCGA	1
GGTGAATGTAATAGCTATTT	1
TGTGAATGGATTTAAGCGAC	1
TCCCCGCAACACAGAACTCA	1
GTTTGCATCCCATTGTATCC	1
GTTATCCTCGGTTTGGAGAC	1
TGTGTACAACACGAATGTAT	1
CCTGACGTGTATTAGTTACA	1
TATTACAAGAAGGAGGCTAC	1
GAAGATACAACAATTCACCC	1
GATTCAAAGGAGGGATGCAA	1
ATAATCATACAAGTCCGTGA	1
CCCTCCTAGGACATCTACAA	1
CAGTGGCATAGCGACTAGAA	1
CCCCTGAACTATGACTACCC	1
TGCACCCCATCCCACAGATA	1
CCTCAGCGAAAACCAAGTGC	1
ATTGTAACTTTGCCCCCAGG	1
CTCTGTCTACTCAAGTATCT	1
GTATAAAACAATGAGACGTT	1
AACTACAGTAAAACTTAGCT	1
ACCAAACCACAATGGTCGTA	1
ACTTTGCGTAAACGCTTGCT	1
AGATGTCTTACATCTCCCGA	1
ATTGATTACATTCACATGCG	1
CCCACATTCACAAAACAATC	1
CTCACCAGATGCATGTCCCA	1
TGCTAGAGATCACAACACTA	1
AGGATTAGCAATGAAAGCAA	1
AGCGGCCGCGTGTTCTCATT	1
CTGCTTCCTAACCTACCGAC	1
TTGCTCATTCCCAACCATGC	1
ATGCGGATTCGGTAAAGTGA	1
CCGTCTACGCTATTGACAGC	1
ACGACCAGTCCATACGCCTG	1
TTATAATCTACGAATAAGGT	1
CCAGCCCCTCCGCACTGTGC	1
CGGAATTGAAGAACACATGT	1
TATAGAAACGAAATTCTATC	1
TAGGCATATTACCAATAAGT	1
TAAAAGATCCCGGACACGCA	1
ACCAGCTACCGTAATATTAA	1
TTAATCATTGTAATGACCTT	1
CGCGCAACGCCCACCTAACA	1
TCCTTACTGAGCCGAATGTG	1
AGAGGGAGAATGGTGACTTC	1
GAACTATGTAACAGCAGGAT	1
TTAACCCTAATGGAAATTCT	1
CTTACACGAGATTTGATCAT	1
CCGGAGTCCGGCAGGATGGG	1
AGACGGGTGATATGACGTAC	1
AATCTTCTTGTGTAATACTG	1
AAGAGCTGTCCAACCTCAAA	1
ACATACAGCTATGCCTACCT	1
GCATTGACCTGGCCACGCCC	1
TTCGACTAAATTCCCCACCA	1
ACTACGTGCATGGGAGGAAT	1
CTCATAAAGCGTGAACTCAA	1
ATATGAGGAATCTTGTCCTA	1
TCCCGATGTTAGCAATTAGA	1
CCAGACCAACCCCTTGCATC	1
CACATATCTAACCACCGCCC	1
ACATGCGCGTTGAGGACATG	1
ACAGGTCCAAACAAGAAGCC	1
ACAATGAACCGTCACGAACA	1
TCTGAGGGCAGCCATGTCTC	1
ATACAAGTCTTACGAGACCA	1
ACAGACGCGTTTATTAATCA	1
ACTAAAACTTCTCCTTGTCG	1
CCAGAATAACAGTTGGTCCA	1
CAAAACCACTTACAACCCAG	1
TGTTGAGTACAGCAGAGCTT	1
TGTTACGCCACACCTCTCCC	1
ACTAAGACGTTTAATCAGCA	1
TTTGCCCTTACCAAATCTCC	1
AAAGTTGCTAAGAAGGAGTT	1
GGCCTTCTACATCCCCCCAC	1
AACCATCGCATCCTAATGTC	1
GTTAACCCTTCTGCACATAT	1
AGCCAATTGTAGCTAAGATG	1
TATACCTTCAAAGATTCCAG	1
AACTTCACCTCGATTTATAC	1
ACGGTACCTCGCTCGTGTTC	1
TGGTTAATAAATACAATTTT	1
TTGAATAGACCATAGTGCAT	1
CGACAGTAAGGCACCGTGTT	1
CGCCCCTCCCTGCCGTATCC	1
TACCTTGCATTGCTACAAGC	1
ATATCACAACCGAGATGTCA	1
GCCTTCCCCGCTATGTGGGA	1
GAGCAGACCAACCACCATAC	1
CATAACGATAGTAGCATCAT	1
CACGATAATAACTTGATAGC	1
TTCCTTCGAAGAGCTAAAAC	1
CCAACACACCCAACGTCCTC	1
ATCCAATGCCAGGCTTTGTG	1
AACGCACTCCACCTCCCCCT	1
GCGCATACCCCCAACTCGGC	1
CAGATAGTGAGACGGACGCT	1
CGCACGGGGTTGTAGTGGCC	1
GACGGAAGATATAGGTAGGC	1
GTTCTTGATATTCCGGAGCG	1
TGCGAAAACTCCCGCTGCAA	1
CGCATCGTATACTCGTAGAA	1
TTGGAAAGGAGCGGCGTTAA	1
CCTTGTACACATTCGCGAAG	1
AAGAATTACAGGCGTAACAA	1
GCGTGATATATCGGTGCCTT	1
TCCTGCATTGCAACAAAAAA	1
CTTCGCCGCTACCAGCCTGA	1
TCAAAACGTATAATATTGTA	1
CGAAACTGGACTTTATTTCT	1
TATTCACACATAATCCGGCA	1
CAAATGCAACTTCACTTACA	1
AGTTGATGTCAAATTCCAAA	1
CCTAGTTACCCCACCTTACA	1
CTTGTCCGGTTAGTGGCAAT	1
ACCATGTCCCTTAGACCAAT	1
ATGTATCGACACGTAACGGA	1
TTCTACAATATAGTTTGCAG	1
TGCTATAACCATGAGCTGAC	1
ATGATATACCTTAAAACACC	1
GATGAACACAGCATTCACTA	1
CCGCACCAAACCTTATAAAG	1
CCCACGCCAACACTCTTAGA	1
CCGCTCCGTTACGTCTGCGA	1
CCGCACCCACAAATAGACCA	1
ACACCCAACGGATAATGACT	1
ATGCCAAACGCCTCACTAAT	1
TTCGCGCTGTGTCAGGCTTA	1
TTCCTACCTCCTTGATAGTG	1
ACAGTGATGACGTGATATAA	1
TTATTAGCACAGCGTGGTAG	1
ATCCGTGAAAACAGCACATT	1
GCTACCACGATCGCGGTACG	1
AGCTAACAACGCTATGACAT	1
AAACTCCTGCTCTGACCCAC	1
CTCACTCCCCCCAAGTTGTT	1
CCTGAACTAACCGGACACCA	1
CCGGGTAACGTAACACCTCT	1
ACTAATCCCGCACGTAGCAG	1
GAAAAAAAATGACCCCCAGC	1
AATGCATGATGGCCGGTCCG	1
AATATTATTCTTGATATCCA	1
CTCACCAGCCACTGTTAACC	1
CACTAAGAACACGCAATACA	1
CGATAACATTTACAGAACCT	1
TTACAGTTGTCGAATTCCAT	1
CAGTGATAAAATGCTTTAAC	1
GAACGACTGACCCATGGAGT	1
CTTAGTTTGGACATAAACGA	1
CTGTACTGCTTAAATTATAG	1
AGAACCGTTCCGGCCGACAC	1
AGGAAGATGGTGCAAGAGTC	1
GTCGTATATGTGTGTTCTTG	1
CGTTTGCCTCATAGATACAT	1
GAAACCCTCTCCAAACTTTT	1
AAAAACATAGACCGCTCCGG	1
TGGGTAACCTTCGCAAGGGA	1
GATCACCAAACCTGGAACGT	1
AGGACTTTAATCCCCCGTTC	1
CCCTAAGAATACCCAATGAG	1
TAGAAACTCTTTATTGCTTC	1
ATCAATCGACTTAGTTAGTA	1
ATATTTAAAAAATATCACCT	1
ATCGTACTCTCCCTTTATCC	1
GTTTGTCTTTCTCGGAGAGA	1
CTTTATTGAAAAATACTAGT	1
GAAACACAAGAGACCCCACA	1
AGGAAAATCCAGAACTCGTA	1
AACAACACCGTACCTTTCGC	1
ACGGTCTGAAAGTCACTCAA	1
ATGCGACCTCTTATGAGCTA	1
CTCGCTGAACGTTCCTGCCT	1
AGTAGCTCCTACCCATGTAC	1
CCCAACCCCCTCGTAAGCTC	1
GCCTGACACCCAAAACGAAC	1
CGTTTAGACAAGGGGAAGAT	1
GTCAAACCACTACTCAGTAC	1
TCGCATTAGGTTGAAGAAAG	1
CACACCTACAATGTCGCCCT	1
TTGCTACATCGCTAACGAAC	1
GGCGATAACTACGTACCTCT	1
CTTGAGCACAAAAGAATAGC	1
CGATAGAGAAAAAAGGCGAA	1
AGACCATCCACGGCGAACAA	1
CAAAAATCTGCTGTGTAGGA	1
GGAAGTACGTTCCCTGCTAT	1
ATGACACTGCACGACCGCGC	1
TTGTAAACGTAACTATCTAA	1
ATCTTGCACCGTGGGAGATA	1
TCCCCCCACATTCCCTAGGA	1
CTCATCCTACACTATACGCC	1
AGAAGGATTAATACAGTGTT	1
CGCACAACACGATGTACGAC	1
GAAGCTAACTCCTACTGAGA	1
TTACATCAAGTCCGACAATC	1
TGTGGAGCTAGTCCCTACAG	1
ACTGCTATTAACGCCCCAGC	1
TAGTTATCTCGGTTCTGTAA	1
TTGAGCGTAAAATAAGAACG	1
GTAATAAGTACAGTCTCCAC	1
AGAGACCTTCCAAGATCAAG	1
CTCCACCCGTTACACACGAA	1
CCGCGGAGCGAACAGCTGTG	1
TACAAGAAGAAACAAATGAT	1
TCACATATTACCAATCTGAT	1
AGACAGAGCGGACGCCCCGT	1
ATAGTACCAGGTCCACTGGG	1
GTCTTACCGCTCTACGGTGT	1
AGTTTACCTCCATTTGGTTG	1
ACAAAACGCATCCCCCCCCC	1
TTTGGGAGTAGCCTCCCCCA	1
CTACCCCATAAAGTGGACTG	1
TTGTTGATTCCAGTTATGAG	1
CTACCGTGTGCAAGTACCTT	1
AATGCTTGGACTGGATAAGC	1
ATAGAAAGTTACATGCTGTT	1
GCTGGCGAACATGGGTTAGC	1
TCAAACTCGAGAAACATTAA	1
CGTAGGTCTCATAACCAAAC	1
GGAGACACCCGCCTCCTATT	1
TACGACGCACCTTATCGACC	1
GCGACCCACGACCCCGTTAC	1
GGAGATTTCTACTACATTAT	1
CGACAAACCCAATCTCCACT	1
TGCCAATAGCCCGAGATCAC	1
AAAATCCCTAGTAGGCAGCC	1
CGTACGTACCCTCTGCCCAT	1
CCAAAACTTTCCGCACACGG	1
AAGTTCTATCTTCTTAGAGC	1
TATCGCACCGCAAAAGGTTA	1
AGCTGCAACACCGCCTCATA	1
CGACATAACCCGCTAGCCCC	1
AGCCCCGTCCAGCAATAAGC	1
AATTGCAAAATAGAACTCTC	1
CAATCTATTACGAACGCGCC	1
CTATCTAGCTACCGACGTAC	1
TTTTTTTCAGGTTGCAATAA	1
TTCGCAACTGCAGTCGTTGT	1
ACGGGTAAAACAAATTAGCT	1
CACCACACACAACTGCTCGC	1
CCCCCTCCCCTTGACTGGAG	1
CGTCCTCCACCTACGTTTTT	1
ACAGCACAGCGCGTAGACCT	1
GAGCATGACAATCGAGTAAA	1
ATACCGGCTACGGACATGAT	1
AGATGTTATTGCTTAAGCTA	1
AAAACGAAGGAACGTTTAGT	1
GGCACGTTACAGCCACTTAC	1
TATTCGCTTATTAAGTCCAT	1
TTGACTTACACCGTCAACTA	1
TAAGTTAAGTTTCTACCACC	1
ACAGCTATGACTCGGAGCGA	1
GTGTATTCTTCACTCAATCA	1
TAAAACTTGATATCAACAGA	1
GTCATCTGGCCGACAGAGCA	1
CAAGAGACGGTTCTAAGCCG	1
GTGACTGTGTGAGGTCCCAC	1
AACCGTTTCCGACTCGCAAG	1
ACCTTTCCAATTGTGCTCAT	1
AAATATCTCTTCCCCCATCT	1
ACCCCCCGTTCTGTGATTTA	1
GTGAATGTCAATAAACGGAT	1
GTAACATAGATGTTTTCCGG	1
GCCACCATTCTACACCGCCC	1
CCACCCGAGGCGGAGATGAA	1
CTATTAATTGTAGTATACAG	1
TTATTCTATGTTAGGTACTA	1
CAATATACGGCTTTCCACAG	1
CTGTCCGATATGAGTACGCA	1
CCCTGTCTCCCTGCCTATTC	1
ACGAGAGTTTACAGTTCGGG	1
TATCCCACATAACACATACC	1
AATGAGTAAATAACACAAAT	1
CGATATCTAGTGTGATGATA	1
CGTACCCACCCTACCCCAAC	1
AGTAACATGAAGTATCATTA	1
AGTTCCATACTTTTCAATCG	1
ACTCATTTTAGAGAATCCCA	1
ACATTCCACAGCGCCCACCC	1
AGATGTTACACGGGACAAAA	1
CTAGGCTTTCAAGCATAACT	1
AACTTCTGGGATCACTATTC	1
CCTGTCCCACCTTACCTGCA	1
GAAGTGAGAGAGAAAAAAGA	1
AAATGTAAGTACCGGGTGCG	1
ATCGTCCAAAGCGCAACTTT	1
CATTTTAGAATAGGCAACAA	1
TCCACCCACCCCCTACGTAC	1
AATGCCCACCTCATAGGGCA	1
GCAGGCCGGTAACGCTGCGG	1
TCCCCTCTATATCTATCCAG	1
CCCTACATTTGTTTTCGCAC	1
CAGCTCTACAGACCGTACCT	1
GAGAAACATACATCTTTGCA	1
TGAGCGCAAATCGTTAGTAA	1
ATAAACACACGGCCAACACA	1
GGAATAAGAAAGTGGACGCA	1
CAACCAGACAAGAGAGGTTT	1
TACACACGCTCACCATCCTA	1
TCCCCAGCACAGAAGTGACC	1
TACCTTTACCAATTTGAGTA	1
TGCTGAAGACTTTGTCACGG	1
CCATGATACTCGATTAACGC	1
CCGTAACGAGATTCTAAGGT	1
ATCTCAACGCCACACAGATC	1
TTAATTCGAATCGCAACACC	1
CCGTACCGACACCCTAATCG	1
TAATCCCTTTATGCATGTAC	1
CTAATCCGAGACGAGTCGAC	1
GAATGCCTCGGTTAAAACTT	1
CCTCCCCGCCGAGTATCTTC	1
GAACTAAGCGCACGTAATGC	1
ACGACGGCGATTCGGTTTAC	1
AAGGGAGAAAAGATGAGAAG	1
ATATTACCGCACACTTCCAC	1
ATTATTGGATCACTCTCTGT	1
ACGCAATCAAGTACGGTTCC	1
ATACAAACAAGTTTGTTACC	1
TCGCCGCCGTGACGCTGACC	1
GCCAAACATCTCGCTGCGTT	1
ACACCCACCTTCTGCGTATC	1
GCAAAAGCTCAAGAATTGTA	1
TTGGAAACCAGTCACCCTAT	1
GAACAACATCTTCCTGATTC	1
CCTACTTTGCATTGCAACCC	1
TAATGAGAGGACGACCAAAA	1
ACATCATATATGCAGCCTCC	1
TTACAACTGGATATAGACTT	1
TCCTGGTGCGCTCGCTGCCC	1
GCACTACAGAGCATTGGCAG	1
TTCAAGAGAGCCTGTGCGAC	1
AGCATTTACCCAGGATTTTA	1
ACGTATTTTACCGCTCAACA	1
GATATCCGATCTACCGCCCG	1
CCTTACTCACACGACGAACG	1
ACGGGACGCGACCGTCTTTG	1
AGCCAGTCCGCCGAATCTAG	1
AAGGTGGCGTTGAATAAGAA	1
AAAAGCCGTCCCCCTCATAT	1
AGTATCTTTAAGCAATGTAC	1
AGACTACGTGGCAAGACTAC	1
GAGTACACTCAGACGCTCTG	1
GCACATCTCCATAAGGGTAT	1
CTTTCTTGACCCGCCCGCAT	1
AATTATCGCCAGCACAGGTA	1
ACCTCGTCTCTCGCGCGAGC	1
ACCTCGAAATAACATAGGCT	1
TTAGAGATCAGCACATTCTT	1
AGAACGTTAGACCGGCACAT	1
ACCCTATGCTGCGCCAACCA	1
TCCGCCCGTACCTTAAATCT	1
AGATAGTGGTAATAGGACTG	1
ACAGCTGTATTGATTGTCTC	1
CCTCAATTAATATTGATAAT	1
TTATCCAACACCTTGCCGTA	1
AAAAACATGTACAAACTTAC	1
TCACGATGATCCTCCGACGG	1
TATAAAGTCCTATTTTTCCC	1
ACTTGCCACTGCTAACCTTC	1
AGCGTGTCTAAGCGTTTGGA	1
CGACCACCTCTGCCACCCCT	1
ACGATAGCTAACATAGACCT	1
AGCTTCTCTAACTACGCCTA	1
AATACCTAAAAACAGCTAAC	1
GTAGGACAACCCCTCAGGCT	1
CTCCCATGCCCACCCTCTAC	1
ATTTATCTCTCCTTTCACCA	1
TCGGTAATTCAGATATGAGC	1
CCTATCGGTTGTTGCTCAAT	1
CCCGTACTCGGTGCTCCGGC	1
AGGAATTCTGTTTGATCCCT	1
AAGACGACCCCCTCTCTCAC	1
ACGCTAATAACCATTCCAAA	1
AACTACAAAAACACTGGCAT	1
ACCCGTAGGCAAGCTTCCGC	1
ATTTTGCGACTGATCCCTAA	1
TATGTGCTTGACATACTGTA	1
ATCCACACCGGTTTGGGACA	1
AGGACACACGAACAAGAAAA	1
TTCAAACGATCGTCTCTCCA	1
CGATGCTGTCGCGTTTAAAC	1
ATTAGCCTAGCGGACACGAA	1
GCCTTCCCGAACTTCTCAAA	1
AGCGTTGCAGTAATTTTTAA	1
ATGTGAAAATAAAGTGATCT	1
ACTTAAATGCATACGCCATG	1
CTGAAAGAGATTGAATACGC	1
AACGAGAGGCAGGTTTACGA	1
GTGCCAATCGTATGAGGAAC	1
AACTCATTACGGCATGAAAC	1
GACTGAGCTTGTGGTTTACG	1
AAGCGAACTGCATCATCTAC	1
AAAGAGAACGTCACCACTTT	1
CACAACTCATTCCCTTCCCT	1
TCGATCCACCCAGTCATTCC	1
GAAGAATGATACCAAGCAAA	1
CTAGTAATATAAGACAACAT	1
CTTTATCCCCGTACTGACGA	1
TAGAAAACAATAGCGGTGCG	1
GTGATCTCTCGAAAGTCAGC	1
TGGTCTTTATACTTCGAAAA	1
GCCATATAACACCGTGCATG	1
ACATCTCTATTCAGTCTTAC	1
TTTACCTGCCCCGGACCATT	1
TCAGCCACAGAGCATAGTTC	1
TTCACCCACTTTCTCACCTC	1
CCCCTCACGGGGACTAGGTC	1
TCACAAAGCGCAGGGCACCC	1
GAACTCACCGTACACTTCAC	1
GCTAGAGTACTGCTGCTTTG	1
TATACCCTCACGCCCACCTC	1
CGCACTACTAGAACCTGACG	1
GCCGGTGCCTGAACACTCGT	1
TCGTTTTTACCACCTAAATC	1
GCTTGCCACGACTAAACCCC	1
TTTTATCCTTAGTTGTTTAT	1
ACAAACACCCCAGGGCCAGG	1
TAGGTGCCCGCTGTATATCA	1
GATGTACTACAAGAGATGAT	1
AACAGGATGGGTGAGTGCAC	1
AGGACTCAAAGTTATATCGC	1
GGTCAGCATGCAATTCCAAT	1
TGTTACATAGGCGTACTCGC	1
AAGCAAGAAATTACAAAAAC	1
GCCATCTATTTCCCGTTCAC	1
TCTACTGAAGTACGCGCTAA	1
GCAGCGTGTAGTAACGGAGA	1
CTGGGCTTACCCGATCTAAT	1
TGGCATCGCCCATCACAAAC	1
CACCCACACGTTCCACAGAA	1
TAACAAGACGATTCCAAATA	1
GGCGGAAATATGTCCCAAGG	1
ACTTCTGTACATGATTTCCC	1
TCGAGACAAAAGGGCACACT	1
TGTAACCCTCACATTAAACC	1
TTAATACGCGCATCGAATAC	1
CAGCGGTTAAACTAGCGGGG	1
TAAGACCACATTACGCGAAA	1
GAGGAGACATGGTGACCTGA	1
TTTACATCCGTTCTTTCACC	1
TTCTTTGATGATAAGAACTG	1
ATAACACACCGTGACCCTGC	1
GATTAACGGCAACGCCACGC	1
ACACGATTTACCAGACCAAT	1
TACCGTCGTGAATCGTAAAA	1
CAGCTAGGCCTTGTACACAA	1
TCTTTTACTCTGGGTTTATC	1
GTTATTCATTAGGCGGATTA	1
GCCATGCCAGCCCCCCGTAC	1
CAACATACCTATCGTCTTTC	1
GGAAGTTGAAGTTAGGTTGT	1
GATAACACATGAATGGCACG	1
ATCTGATTCGACACAAACGC	1
GAAATGGGAATCACCCGACT	1
CTCACACTTTAATTTGTTTG	1
TGCGATGGGGAGGGTATTTG	1
CTTCACGGGAACGGAGGGAT	1
ACCACGATTCCGATAAGAAA	1
CCACTTCGTGCTCTAACCGA	1
GTCCATGGGACTCTGCGGGG	1
CATGGGAAGCAGTATTTCCC	1
AACCACCTTATATCCTCCCA	1
TTATAATACAGTTTGCAGAT	1
GCCAGGTAATAAGAACACTT	1
AGTCCTAACGAAAAAGACAG	1
AGGCACGACGAGTGAGCATC	1
CCACTGAACAAGTACACGAC	1
GGGTGCCCACGCCGGACTTG	1
AAGGAAAATGTATACGCCGA	1
TTTGCTATGCCTCCCCACGC	1
ATTGTTTATCCGACACACAC	1
CAATGAACACCACACCCCAC	1
AGTAGTAACGTGATGGATTG	1
GTAATCCGATAGAAACTACT	1
CTTCATCAGACACTGTGACA	1
TGTTAAACGGAGCAGTAAAA	1
AGGGCGACACACCAACAATT	1
TACCTCCCAAATTATCAGCT	1
CATATACGAATCGACGTGCT	1
CTGCATGGGACGCCTGAAAG	1
ACCCTGGGGATACAACGCAT	1
TAAAGCCTTACTCCGACCCT	1
CCCGTTTTTCATGACTCTTT	1
CAATGCGGTCTGAACTAAAT	1
AGATTAAGATTCTACACGAT	1
CACAGGGGGACAAAAAAAAA	1
ACCGAGACTAAGAGAATATC	1
CCGTTACTGCACCACCACCA	1
CGCCCCAGACTGCGGACGTC	1
ACTAAAACCAATGCAAAATG	1
TTTATCAATTACCAAGAAAA	1
GAGCACTGGTTATAGACACT	1
CTAAAACAGATAGCCAACTG	1
CAGCAAATGCACCTCAATAC	1
CACCGTACGTGACGTGAACA	1
ACAATAAGGAGTAATTGCAC	1
GACAAACGTGCATCCTTGAC	1
AAATTAAGTGAGGAAATGGC	1
GAAGGTGTAATCACGGCCGT	1
CAAGGATCTATGCGACCACC	1
TAAGCGGATGGCAGCTGGCA	1
AAAGGATTAAGAATAACGAA	1
ATCAATAGGTTACTCGTCGG	1
ATGCCTACTCAACGGCAAAG	1
GTGTAGGGGTGACAGCCTTC	1
GGGCGAGAATGCATTTACTC	1
CCTGCTCCCGAACATATATT	1
TCAAAAGGCTCAGTACATTG	1
ACTGAAACAAACCAATGATG	1
CCAATGAGGAAAAAGTGAAG	1
ATAAATGGCGTTCCCTGAGA	1
CAATCCCACCACCACCGGGA	1
CGATCATGTTATCAGCACAA	1
TACCTTAATACACGCATTTC	1
TTTACCAACCATCCACTTTC	1
TTATTTTCCATCATAACTGC	1
GCCCAACAGATGGGCCGCAA	1
CCGATAGGACTAACTATGCA	1
CCCCATTTGTACAAGTTGCT	1
GTAACCAAGACGTTTTCGAG	1
ACGAACCGGGCACCTAACCC	1
TAACGCCAAGCACGCACATG	1
TGACTGGATTTGGGCAAGAT	1
GCCTTCTGAGGACCCTTGTC	1
CGCTTGATATGGTCGACCAT	1
AAATAAACTCTAAGACCTAT	1
TAGCTCACGCCCCTCATCCT	1
TCCTGACATCAGGACAAATC	1
TTTTAAGTTGAGAATTTGTA	1
AGGAAGAATACTGAAAACTC	1
ACCACCTCCTTAAAAAGGTC	1
AACCGAGCGCCCATCCCTGA	1
ACTTAAGTCACACGGTTACA	1
GGTGAGGCTCTGTGTCTAAT	1
AGTCCTGCCCCACTGGAGGC	1
ACAGCCAGTCCCGAACAGAG	1
GTCCCAAAACCGCGCCCCTA	1
CAAATTGTACATGTAAAAGC	1
CTCCGATCCCCGTTTAGAGA	1
ACCCGCGTCTGTGTGCCCAG	1
TCCGGCATGCCACATATAAT	1
ATACATAAGCATCTTATAAT	1
ATTATTTAGGCCACTAAACC	1
CTTACGTTCATAAAGCTTAT	1
TAAGGCAAGCAGGTCAATCC	1
CTGAATATGAGCTCTCGTAC	1
ACCAACTGCAATCGTTAAAC	1
TGAGTAACCCTGACGCGCTA	1
CAGGCCGGCGCACCCGCTGA	1
TAAAAGCACTCAAAGTCAAT	1
TATTCGAACGCGCATTTGAT	1
AGTAAGAAATACCAAAATGA	1
TATCCCAGTGTACACCAACC	1
CTCACCTCCAGCCAGCTTAC	1
ATCTAGCAGAGGGGGTTTTA	1
CCAAAGCTAATGGAGGCATT	1
GTAGCTTACACTGCTCACTC	1
TTAATCTATGTACCATCATT	1
AATTGCATGTAGAACGTAAG	1
GTCTTAACCAGCGTTGCCGA	1
GTTTACGCCTGGCTTCCCTC	1
GTAACATTATATCAAAAAGA	1
AGTCTAGCTCACCGCGTTGC	1
AATAGATGCAAAAAGACTAG	1
TCGTTGACCATCTTTGCACT	1
GTATCACGCCCATTAGTGGC	1
TGAATTCAATTAAACGAGTA	1
AATATTCAAACGGCCACGCC	1
TTTGAACGGGACTCTTACAT	1
ACCGGCCTTATGTACACCTA	1
CAGCGAGTGATACAGGCTCC	1
AGTTATGCCCTTCATTCCAC	1
CTGTTTAGCGTTAGGTAAAT	1
CTGGGTAATCAAAATCGAAA	1
TCATGTTCCAAGCGAGACAA	1
AGTGATTTTTTTCCGCATCA	1
CCATCATGATATCACAAAAT	1
CGGACATGATGTGCAAAAAA	1
CTGCTACCTGCACACTCTAC	1
CCGAAGCTCTAATTTTCAAA	1
TCAATATGACTTATTACCAA	1
CTGACAAAACCTTACCCCGC	1
GCCCCCCTGCAGCATACACA	1
CCTCACCTCTCTCGAAGCTA	1
ACGCATGCTCAAACTTTCAA	1
TACGCGCCCTACTCCTCAAA	1
ATTGTAACTTCCTTTCTAAA	1
GCTGCTAGCTCTCCCTCCAT	1
ACGCTTATAGAACCCCTTTG	1
ACTGCAAATCGGCGGGCTTA	1
TATTAGAACTGCAAGCCTTA	1
CGATAATTACTAAAAAAATT	1
ACCCCTCATTAATTTATGGC	1
ATCCCGTAGCCTAGTTCCGC	1
ATAATTACAGACACTATGCA	1
AATGTCACCGTAAGACGAAC	1
AACGCATAATTCACCAAAGG	1
AAAACTTGCTCACCACGCCA	1
AAAGATAGGCGCCCAACCAC	1
ATACTGCACGCCCCTTCCAA	1
CACATTCTCTACATTTAGCA	1
ACACTAGGATAAACTAGAGC	1
TGAGAGGGGTTCAGAGTCTA	1
TTGAAATCTTCGTTGGTGCT	1
AACCTAAAAAACAATAAGCA	1
GCAAATCAAAAACGGATATC	1
GACCCCCGATGCGCTTTAGT	1
GGGGCAGGGACCCCACGGCC	1
TAATTCATGTTTGCTGAACG	1
CACTCCCCGAACAGATATAA	1
GAAAGTATCCACACAAGTAC	1
TTTAAAATTACACGGTCAAT	1
GTTTGGAAACACAGCTACGA	1
AATAAATCCCGCCGTTTTAC	1
AAGCAAACAACAGTTACTTA	1
GCCTACACCAACAATCCTTC	1
CGTTCCGTATAGGAATCGTT	1
ATTGGCTACCACGAACAAAT	1
TACCCTTTTTAACGCCGCCA	1
GCTGTACGATGGAAACCATC	1
CAGGGATACGATGTCTAAAC	1
CAGGTAGGCCAGTTTTAAAT	1
CACCATGATCCCACATCAAC	1
AAGGTACGTTGTCAGCCTAC	1
CAAATGAAAATACATTATTG	1
GTGGAATCACGCTCACCACA	1
TGAGGTCGGTGCACTTAGAC	1
CCACCCACTATTGTTACAGT	1
CGCCTGCCCCGAGAGTCCCA	1
ACACGCGACTGTTGCGACAC	1
CAAAAAACAAACAACAGAAG	1
AGACAGAAAAAGATTTCGTA	1
CACACGAACTGCCTAACTGG	1
AAGCACGCAATTAACCTTCT	1
GGTACGCGCGCTATGACACA	1
GTGAGAATTTCACCTGAAGG	1
ACCTATCCCCTTCTACCTCT	1
ACATGCAGTTTTTAGAAAGA	1
ATCAACATTAATCCCCCAAA	1
TTATTACGCGTTATATTTAC	1
TTATTGATGCGTCATCTAAA	1
ACGCATATTCAGCACTCGCC	1
TGTTATAATGCACTTACCTC	1
CAATGATGCGCACCGCACAC	1
ATTCCACCAACTAACATGTC	1
GATTTACTACCACCTAATTA	1
GGCACCCAACACCTAGCGCG	1
TCATGGACCCGGGGTCACGC	1
TACGATGTTGCCAATTAATT	1
AAAAAATAACAGTTCGCAAC	1
ACCTTCGAACCAGGACTTGC	1
GGAAACTTTAAGACTTACTT	1
TATATGCCTCCGTAGCGGTG	1
GATCATTGGCACCCTCAAGA	1
AGCTGCGCGCGCCCCCTTAC	1
GAACACACAACAGATATTAC	1
TGATACGGTGCACCGATGAT	1
ATCCGACGAAATGTGATTCG	1
CACTTCTACCACAAAGCAGT	1
TGCGTGTTACAGTTTTGATG	1
AGGGAGCCCACGCGAACATA	1
TTTTCCAAACTTACATACAC	1
AGCAGCCTAAACCAAAATTA	1
AAGGGCGGTCCACGACTGTA	1
CCCGACGCATGTCATATATA	1
ACTAAGGGGAAAGCGAGAAA	1
ATCAACGGCCGAAGTTCGTT	1
CAGACCTCCTATCAGTTTAA	1
ATCCTCCTTATTTACTGTCC	1
ATGTGTCCTAACACGTACAA	1
GGCTCTGGCCCGTAAAAAAA	1
TTTGTCTTAAAATGTAGACT	1
TTACTTACAATCCCTCCCAG	1
ATTCGAGGATCCAGCATACT	1
ACCGTTCGTCGACGGGAGAC	1
AAAATTCATCTTCCGAGTGA	1
CAGTGACTAAACAACATTTA	1
AGAGTAATACCTGTGAGTGG	1
AAGCAGAGTACGAACTCGCG	1
TTTATATCTGCATGTATTCT	1
TAACAAGACCCAACAGGGGG	1
GCCCGTGGAATGCGGTGGCT	1
ATATATGTTGGTGACGAATG	1
ACATAGGCACAATACGACGG	1
CCCACAAAACCCCCCCGCCA	1
CGCGAAAGTATATGACTGAT	1
GCATGATTAGCTCGGGGTGA	1
GTGTCGGACGTACTTAACTC	1
TGACTTACAACGGAGTAAAC	1
TAATTTAACTTAACATTCAC	1
TTAGCACTTTACCTCCCCCG	1
CCGTTACCTCACCCCTACAA	1
GACACAATAAAGCTCCAAAA	1
AGCTAGTTCACATTTCGAGC	1
AATCCTTCTCGGGTAGCTCA	1
ATTTTCCGACGATCGTCAGT	1
TGCTGCCGGGTATTCCTAAA	1
ACATTCAACGTAATTTTTGA	1
GTTGTCGTTCACGGAGATGA	1
CTAAGAATGATAATTCGCCA	1
TCAAAGTCCCGTGATATCCT	1
GTTCGGACCGTTATACCTGG	1
CAGGCGGTCCGAGATCGGGC	1
CGGCTCCCACCGTGTCTAGC	1
TGACAACTTAAAGCAGTCGT	1
TATACAGAAATGGCGGAACG	1
GGTCGCTCCGCCCAGACAAC	1
TCTAGATTGAAACATGCATG	1
TGTAGTTGATCCGGGTGTAC	1
AGACTACGAAGATGTAAGCA	1
GAGACCGAAAAGGGATATAC	1
AACGTCGCTACGGGTAGTAG	1
CACAACAATTTACTGAAAAT	1
CACATTATACGCTACCTCAC	1
TTTAATCACGGTACAACCCC	1
TCCATGCAACTTTTACAATA	1
GCATAGCTCACTGTATTCTC	1
ATCTGCCCATACTGACCTCA	1
CGCGCTTTTTATTAAACGAC	1
AACTCTCAACGTAATATGCA	1
TAAATTGTGCCGGATCTGTT	1
AAAAGTACATGCAGAAAGTC	1
TCATGGCCCACCATAACAAG	1
GTTCCATGAAAATACGCAAT	1
TTGCAATTTTACCTCGATCG	1
AGTCAGTGACCCCGCCTACC	1
CATGCTCTCAGCCTTACTTC	1
AAGTTCATATCAACACAAAT	1
TTGGGATTCGCGGCCGAACA	1
AATTTAGTTCTCAATTCAGT	1
GGCCACAATTTACTTGCTTT	1
ATCCACCCAAGACCGCCAGT	1
TCTAAGGCGGGTTAAACTGT	1
ATTTAGCGCTGCATTACACC	1
ACGAGGAGTTCCGGTTTTAC	1
GAAAGATTTAACATCAACAT	1
AGATTCTGCGCGAATTGAAC	1
ATTGTGGGTCAATAAACGTT	1
AAATCAATAACCTATAATAC	1
AGCAAGGAGAAAGCTATCAG	1
GATAGAATATAGCTAGCAGA	1
TTTATACAGGAAGCTTTAAG	1
TGGACTTACACCTTAGATTT	1
TATAATATAACCGACCAGCC	1
TACTACACCCAACAACAAGA	1
GCACATTCAAAATGCCACAA	1
CTAGCCACGTTGTTCCCGAG	1
CCTTCTCATTACTCACCTTT	1
CAACCACTCGAATGTGACCC	1
TGTTAACTATGAATGATGCA	1
TCAGGGATGCACGCTCCACG	1
TCACTCTGACCTTACGGCGC	1
TTACGAGAACAAATGTACCC	1
TTATGTGATGTCTGGGCTAG	1
ACTAGAACTACTTAAACCAT	1
GCCCCTACCCGCCCACCGTC	1
CCTACATCCAGTACCCGACC	1
GGGGAAGATAAACACACTGT	1
ACAAGTACGGACTTATGAAT	1
CCACTACTGCAATACAACGC	1
GACCCGCAAGCTCCCCTCCC	1
CCGCATTGAATGCCCACCTA	1
CATACACTCCCCACCGGCCT	1
GACAGGTATGGCAAGTTAAC	1
TCAGGTGCTGAGGTGCACAT	1
TTGGACACTACCCCCACTTC	1
GGACGCAGCCTTAACTCCCA	1
CTTTGGAGAAAATATAAACT	1
TCGACCTTGCCTTATATTCT	1
GCGTGAAAAGGTGTATCAAC	1
TCTTTTCCGCAGCCCGTTCA	1
AGCGATGATCATGCTTTTGC	1
TCTAGGACCCCCCCTCAGAA	1
GACTAGTTCTATTTTGTGCT	1
CCCGATATGAAATGTCACGT	1
AACATCGTGAATACACCCAT	1
GTTGCCAAATTAACTATGCC	1
ACGATAGGTACGATTTCAAA	1
TACGAACACTTACCGATAAA	1
ATCATACGCCCGAAACCATT	1
GCCTGAATGTTCAGGAGAGC	1
CGCGGAGTGAATCAATCACA	1
TTGTCCCATCTGAGAAAAAT	1
TTTCTATCACCCACCCTTAC	1
GGCCTTAACCACCTCCTGTG	1
CCCTGTGCTTACTCAGTAGA	1
TAAACACGGCAACAAGCACA	1
CGACTGCAGTTTGGTATAAT	1
CGACAATTAAATTATGGATA	1
AGATTATCATCCATAGGACG	1
ACCAGCTGTCCAAATTGAAT	1
ATAGCCCAACCTCAACCTGC	1
CAATTGCTAGCTTCCCACCG	1
TGATAGGACATTCAAATCAC	1
AAATCACTAAGGTGTACATT	1
AAGTTACAACTTTCTTCTAG	1
CGAAAGAAACCAGTGTGGTA	1
ATTCCGCAAATATTTCAGTT	1
CCGCCGATATAAATCAATCC	1
TCCGCCAAAGATGTTTTTTT	1
AGCCTTCGCGCAGTTCTTCT	1
CCTCATCAATAGATTAGAGG	1
TAAGAATGCATCTCCCCATT	1
CGTCAACCGACCCTGTCTGC	1
ATTGACCGTTGGGGTCGAGT	1
TACACACAGCACACATAACC	1
GACCGCACGATGCCGAGGAC	1
TAATCATGGCACCTAGTACG	1
ATGGAGCACCTTAATAAAAA	1
TATTAGTTTTTCCTTATCAG	1
AGTTCAATCCATATCACGCT	1
GCCAACGCTCACTGCCTTAG	1
CCGATCGATTCGTGCACGTA	1
AGAATAATCGGCGCCGTTCA	1
TTATACGCCTATCATATGAT	1
ATGGCCTAGCACTCTGACTA	1
AAGAGAAATCACGGCTGACA	1
TACCCACGCCGACCCTGCTC	1
TCCTATCCCGCATAGAGAGA	1
TGCTAAATGCTTGTCTACCA	1
ATCTTTCAACCATCGGGCAA	1
ACAAGAGGTCGGGGAACAAA	1
AAAACGAACTGCCCCGCATC	1
TCCGCACTGACATGGAGAAT	1
TGAGGTAGTCATTAATCACT	1
TACAACATCAATCCCGTTCC	1
ATTATTTGCACAACGCAACG	1
CTACGTCTGAAACCGCTCAA	1
AAATCAGCGAAGATATTCGT	1
TCATATCGGTGCAAGCCTCA	1
CCCACTCATAGAGGTGTCGT	1
ATCCAAATACTAGGCGCTCT	1
TATTGTTCAAAGGTCCCAAA	1
CAAACTCAGGTGCGCTGTGC	1
ACCATACTGCTCTAGTCTAC	1
TGAATACGACTAAGCCCTTA	1
ATCAACTCCCATATGGAACT	1
GGAAATGGCACAAATGCAAG	1
GCACAACTAGACACTATCCC	1
ATTTATTAACAAATCATCGA	1
CGTCTCCAAACTGCTGCACC	1
GCACCCAACACTCGCGAAAG	1
GCGGAACATAAAGGCCCGAC	1
GTTTCGCACCCCACGTCCAG	1
ATATACGCACAAGTCCCATC	1
CCTCGGCCCAAACAATACTA	1
AGAATGATAGATCCTAGCAA	1
ATTTAGACAGACATGACAAG	1
TACCTAGCACAGTGATCAAC	1
ATAGATAGCGTGTCTACATT	1
CGTAGAGTTAATGGATAGTG	1
AAGATGCCTTTGATATATAT	1
ACCTATCCAACGCACTGTAC	1
AAAAATCCGAAGAAGCCCCC	1
TACACCCTTCGCAAAAATGA	1
CCGCTCGTATACGCGGTTGT	1
CGTACACTACTGAAATAAGG	1
ATTGCGCCGGTAGCGAGAGA	1
TAAACATGACGGAGCCATGG	1
CACACTCACCTAATCTGTAC	1
TTCGCCCTCACTATGAACTC	1
TCCATTCCTTCAAAACTACC	1
AGGCGATTAAAATCGTTCTA	1
CATGAGACGTAAAGTATCCT	1
GCTTCCACTTCGAACACTCT	1
ATCTAAAAAAAATTATTATA	1
TGTATGAAAATACGGAAGGA	1
AGACCGAAGGTATAACACGG	1
ATGATAATTCAACCCGTGTT	1
TTTAGTCTAAGTCACGTTTG	1
AGTGAGGTATAATTGAGAGC	1
AAAAGACATCAAGCTTTAGC	1
AAGGGAACACGACCAGCAAC	1
TTTATTCGTTGTATTAGGCA	1
GGCACGGATACAATGATACG	1
ATAATGCTCGTATGACGTAG	1
AGGTATGCAGGGTAGTACGT	1
ATACATCCCTGTAATATTCT	1
CTCCACGTCTCAATGATCCC	1
TATATACTCTGACTCCGAAA	1
GTGTTCTAAACGGAGACGAT	1
CTCCACCATCACTCAGCCAG	1
GCACGAAGACCCGCTTGTTC	1
AAAAAATAACGAAGGCTGTT	1
ACATCCCCCCTTAAGTTGCT	1
GAACATACGTTCCTTTAACT	1
GTTAATTGTTTAATGGGAAC	1
CGTTGCGACTAGTTTTAAGA	1
GGCACACTCCATCTGACAGC	1
CACCGAGGAAGGTTACGTCA	1
ATCGGTCGCGTAGGTTACCC	1
ATCCTTACCAGTCCCGCCCC	1
TTCCTGAATACATGATTTAA	1
CCTGGTACTAGATGGTTTCA	1
TTAATCTACGTACAGAAACG	1
ACCGGCAACTCCACGCGGAG	1
GGATATCCTTTATAAGTGCA	1
GAGCTAAAGAGGTGAAGGTC	1
CAGAACCTCTTAGTGACACG	1
CCGTATCCCCACCCCCACCA	1
TCAAAACTATGGCGTATTGG	1
CAACCCCCGGCGTGACCTAT	1
AGAGACAGGACCACTCCTAC	1
AAAGAGAATGTAAGCCAATA	1
AACTGCCACTCATCTCCCAA	1
TTAATCAATCCGTTCCTATG	1
ACCTCCAACGACACATCGCC	1
GGGATCCCAATTGTTACTTC	1
ATTATTCGACGAACCGCTTT	1
AAAGACAAATTTCACCGCGA	1
ACGTGAACCGCCCCCACCCA	1
CTACCTTTGCCCTCATCAGA	1
TGCGCTCGGGTAGACGAATC	1
GCATTGGCAGGGGGTTGACA	1
TATGCTTCGAAAAGCCATAT	1
GTGCTATGTACACATAGGCC	1
ATAAGCGAGAACATGCTACG	1
ATTAGACTTACGCGAAGCAA	1
AACTATTGTCGTTGCTCGGC	1
CATCTTTTCCCGTCTAAGCT	1
TCGCGCTATATCGTTGTTGC	1
TGAGAATGGCCCTCCCCCAA	1
ACAAACAACTTTCTTAGAGA	1
TAGTGTGTGATCATAGAAAG	1
GTTATTCGCCCACTCTAACG	1
GCCCCTGTTATAACGTTTTT	1
TGACAAAAGAGCACCTGGCG	1
CTTCCTTATCATGGGTCAAC	1
GGTTTACTCGGAGTATTTCT	1
ATCATAACCAACAGGTTCCT	1
ACCCAGATCAGTGAATTACT	1
CGTCTCCTCTCCATTACGAC	1
AGACATTCTCGTCGCGCCTC	1
ACACATTCCCCCGAAAAAGC	1
AGGTACCGAGCAAAAAATCA	1
GCCACTTTTCTCCCCAAAAC	1
CCGAACTAAAGGCCGAACTC	1
CTATGACGCCCATTGAAGTG	1
GAAAAGGCTTTCTGTATTCC	1
GATTGCCGACCAATAAATAA	1
GCCTACATAATGACTGCCCT	1
CATCGGATTCGCGATGACGG	1
CTAGAAAGGCGGCGGCATCA	1
GATCATGTTCACACGAGGGA	1
GACACACCGACAACGTCATC	1
ATCACCATTCGCAATTTCAC	1
CAACGTATAAAAGTAGTGCT	1
TGGGGGAGGCTGTATTAACC	1
GCTGTGAGGAAATTTTTCAA	1
CACCACATGTCATCGATTCA	1
CAGTGTGAATAATTACTCTT	1
GTCTAGACCCAGAACCCGTT	1
ACCGGTACTCCTTCATAGGT	1
CACCGACTAACGCGCCAACT	1
AATGGTAGGGGTATGGGTGC	1
TAGCGTCGTCTAGTCACCGT	1
TCTAACTTGGATTACCATAA	1
TAACAAAACGCGGGTAGGAT	1
CACCGGTTATGGTTCGTCTA	1
CGAAGGCGTGACTCCCTTCG	1
ACAAACTATACATCGAATTC	1
TTTGTTCAGTAACGCCTAGC	1
TACCAACTATGCCATCCTTT	1
AAGTGCACCTGAAAATGAAC	1
ATTAAGAGGCGAGCAGTAGA	1
CTCACCCTAAATTGCATCTA	1
CCTACCTACAACACTTATTC	1
CAAATATACGGCAGATGACC	1
TCTACTTGCAGGACTATTGA	1
AATGGGTTCATGTCTCACGC	1
TACATGCGAGCGCCCGCGAC	1
GTAAACTTTCCGGAACCAGT	1
TCGCGAGGAATTACTTTGAA	1
GATGAGTCCACCTGTAACCC	1
CGTATAATCCTGTCACATAG	1
TCCCTCGCCTCACGTCACCG	1
CCGCATGCCCACCACCCCAC	1
TGGATTTCCTTACGTAGCAT	1
AACTTTATTTTTAACGGCTG	1
TCTCGACGTAGGTGCAGGAT	1
ACAGCCGATTCACTACTCAT	1
CGCGAAAATAAGTAAGGGTA	1
TATAGCGAGGAGGATATCAG	1
GCATTATAGCAAGCCAGATA	1
GAGAATACAGCCGCCGCGCA	1
TGTACTCGTAACGGGTTGAC	1
TATAAACAACCATCTCATCC	1
CATGATACCGATAAAAAATC	1
ACGTATTCGACCCCCGATGG	1
TCCAAGTATATTCCCTCGTT	1
GAGCCAAGGGTGTCTGCTCT	1
AATGAACAACATGCATGATT	1
AATAAATCCGGTACGACTCC	1
ATAGCGCATTACATGTCTCA	1
GACTACCCCACTACCGCGCC	1
GAAATACGGCATCTAAGCAA	1
CTCTTAAGGACGTATGGAAA	1
ATACCAATCGAGTTGTTCAC	1
AGCAAACGTTATTCACGGCG	1
CGCAGACTTCGCTCTTTTAG	1
AAGCCCGTGCCCAGCACTAG	1
GACCCTCTGGCCCTAGTATT	1
ATTAACAAATTAAGCACGAC	1
GGGATACATTATGCGCGACA	1
ATAGGACATCAGGCGACTAC	1
AATCAGGACTTAAGTTTTCA	1
ATTTATAAGGTCTATAAAAA	1
TGCAGAACAACATGGAGCAG	1
CTTTACCACGTAGAATCAGT	1
AGCGGAGAGATTTCCCTGAG	1
AACAACCCCTCCCCCCCCCC	1
ACAGATACTTGTAACCCTGA	1
TCTCCCCGTGCAATTTCCTT	1
AAACCAGAGAGAGTCTGCCT	1
TCAGCGCCTTACGTTTTACT	1
TGAAACCTCTAACACAGTTA	1
ACAACCAACCCATGCCGCAA	1
CGCCGGAACTACCAGAATCT	1
ATTAAATTCCTAATAAAGTA	1
AGCAATTCTTCTGCCGCGTT	1
CGAGGAAGCTTAATTCAGTA	1
TGGGCAGGGAATGAATATTG	1
TGCCACGCGTAATTTATTCA	1
ATGTCGCAGGACGACGAAGC	1
GCAATTGACCGCCGGAGGAC	1
CAATCACTCCCGCTGAATGC	1
CTAATGTTTCCAGCGGCTCC	1
TGAACTCTATTACCGTCGAT	1
TTACTACGGTGTCTTCCTGA	1
ACCAATGAAGTGGCTTCTAA	1
AACTTTGCCCTCTAAGCCAC	1
CCACCTTACATTCGTTTACC	1
ACTAGGAGCATGCTGATCTC	1
GGGCCGCTATATTCTTGAGT	1
TTTTGAGACGCGTTTCAGAC	1
ACAATGAAGCTGTGGCTCAC	1
TAAATTATTCCTGCTATCAC	1
TATGATAGATACAGCAAGCG	1
TTCAGCCTGTAAGAACAAAT	1
CCCCTCCCACGGCACGAACC	1
CTTTTCATAATTGGGCATAG	1
AGTGCAACCGACGCTGGACC	1
CTGGATACCAAAGACGTGCC	1
ACGATAAAAACGAAATGATG	1
AAGTGACCTTCCCACCGAAT	1
GTAAGATACTTTCAGCGTCT	1
TACGTGGCAGATTTTTTTGA	1
GCACGCCTACTAACACCCAC	1
ACTTCCCATAGTACCTTCGA	1
TCTTGTATCATTGCCTGAAT	1
TAAGTTCCCACAATGTTCAA	1
ACCTCGCTTATTTGAGAGCA	1
GAAAGCTAAGAGATAACTCG	1
GCTGTCCAACTCAACTCAAG	1
GCATTCACAACCGACAGTTC	1
TCCTTGTGTTCGCCCCATCA	1
GCGGGTAGTAAACCATCGGT	1
TCTGCTTACAAGCCTCCAAA	1
CCTGAACATCACCAATACAT	1
TACTAAAGCGACCCAACCAA	1
AAGGAAATTAGCGAGGAAAT	1
ATAATGATTACACAATCCCT	1
GTGATCAGTTCCCGCTTTGT	1
TCATACAAATGTGGTATAGA	1
CGCATAGACGCTTTAGTCAT	1
ACAGAGGATAGGTAAACCTG	1
TGTTAATGGCTGCGGCGATC	1
TCAGGAGAGATTACCGAGGG	1
CAAACTAAATTCACGTACAA	1
TGTCGACTCTCAATGGTAAC	1
TAGGCAGGGCACCAATGTCT	1
AAGATGGCAATTGGGTCCGT	1
GACCACCCGCGGAAGTCCTG	1
AGACTTACCGCGAAAACATT	1
CAAACCTATGCCTATCCCCA	1
ACTTAATTCAAAGAAATGAT	1
AGACAATCAATTTGGCCGGT	1
CCGTACTAGGATTGAATAAA	1
GTGAAGCAATGACAACTGGC	1
TACAACTTACTGAGTTCCTA	1
CTACCATCAGACATCGTGCC	1
TATCAGTGCATCACCAGTCA	1
CGGTTATCTCTGACAGATAC	1
CGGACAAAATCATCCGTAGC	1
AGCGTATTGCAGTGAGATTA	1
TTTACTACCTGAAGCCGATC	1
TCCCTGTATAATGCCACACC	1
TCAGCAGTCCTGGCGCTGTA	1
CCTACCTTCCGGCATTCTCC	1
GTACACGTTAACCAATAAAT	1
GATTTCTAAGGTATCATGAA	1
GATTGGTATGGGATAAGCGT	1
TTTCCACCTATACTTGACAC	1
CGTTGCCTAGTGTACGGTAT	1
GCGCCCTCACCCACCCAGTG	1
TTATTATTTGCGATTTCCTG	1
CTGGCTGGTATTCGAATCAC	1
CACAACTGCTGGCAGCTTGC	1
ATACGTGATCCGTTGAACCT	1
AGATTATATCTGTAAAGATA	1
CTGCCCACTTTAAAATAAAA	1
CTTCATGTGTTCCCTCACAC	1
AGTAATAAAAGTATGGGTTT	1
GCCTCTTCCCTTCACACACC	1
GTATGTCACTGGGCCCTTAC	1
TCTGCTTCCCTATTTACCCA	1
TACAGACCTCAAGAGTGGAA	1
TCGTTTATCTTATTAAGAAT	1
ATAGCCTTCCCCTTTATTCC	1
ATCATAGCAACTCTTGCACT	1
CGCACTAAAATTCCCACGGA	1
TGTAGGTTCTGAGGGAAGCA	1
TGATCCAAGACTAAGCGAAA	1
GTCCCCTGATACAGAAATCT	1
CTTCATGTGATAAACATAAA	1
GAGACATGTTAGCAGCCATT	1
ATTTTGCTCTTACTAAAGTT	1
AGTGAAGAAGGCTACAATTC	1
GCTCTTTACGATCCCCCCCC	1
GGTACGTGCTACCAAATGTT	1
ACACAAATGGACTATGCAGT	1
CCCTTCGTCTTCATCCTTAG	1
TAAAGTATATAAGTACGCCC	1
ACGACAGGTTCTTAACTGAC	1
TTGTCGACGCTCCTAGGTAT	1
TCCCATAGCTGGTGTAAGAA	1
AGCCTGGGAACTTGCTAATG	1
TAGACATGGAGTAATTCCCC	1
CTCGCTCCCCTTCATGACAA	1
ACGTTGCCGGAGTTAGGAAA	1
TTCCGGTAAAATTCTCTTAA	1
GTGAATATTATCCACTAAAA	1
ACGAGACCATTCGCATTACC	1
TAGGTGCGAGAATTTCCCGT	1
ACATGTCATACCCTGGCTGC	1
GTAAACGCACAGCTAAAAAA	1
GCCGGGTAAATACAAACTCG	1
AGTCGATCATCACAGATCGA	1
GACACGACTGCCACCCAAAC	1
ACGAATTCTTTTACCGCCAA	1
CAACTGCGGAGCAAGCTGGT	1
CGGCGTGGAGAAAAGTGTCC	1
ATGTTGGCCTAAACGCGTCT	1
CGACAAAGGATCCTCGGTCA	1
CCAGCTTTGCTTCCCTCGCA	1
GAATGCACGCAAGCATCATT	1
ACCTCACGACAGGTCTGCGT	1
GATCTACCCCCATGTATCTC	1
AGGACAAAATAACAGTTAAA	1
CGGAACACTCTCAAGCCCTG	1
CTGTTACCTAGTCCTGTGAA	1
AGAGCCATTCGATGTGCACG	1
TCCTCACACAAACTGCACCA	1
CGATGTAATCGGCGTTGCGT	1
TGCGCACATAACTTACTTAC	1
CATCGCGTAACGCGCCCACC	1
CGTTCCTGAACCGAGCGATA	1
AATGTTAGCATTCTATGCCG	1
ATGGAAGTGATCCGCGTCCC	1
TATAATTGATCCTTCTCATG	1
CCCAATGAATTCCCCCCGTA	1
GACATCGATAATATATGATA	1
GACGCCCCCAAAACCCGTTT	1
TCTAATCCGAATGATTGCAT	1
TGACTCGCACGAATGACCAC	1
GGTTTTCAATGATCTGAGCC	1
CAAGCACTGTCTACCTGGAG	1
AGGTATATTTCTCCAAAGGA	1
TACACCACCTACCCCACGCG	1
CCTACACCCAGCTTCCCATC	1
ACTAACCTAACCCAGTCCTC	1
AGGAACAGTTTAATCCGCGA	1
ACGAAGCGCTTGATACGGTC	1
CCTTAGTTCTAGGCATTCTC	1
ATATATATAGAGACCAATGT	1
GAAGCATGAAAAGAGATAGC	1
CAGGCAATAGCCCAGCAATG	1
TAGAAAAATTTGAGACTGGA	1
GCACATTTCCCTGTCTCCCC	1
GCAACTTGCCTCCCCTAGCG	1
GAAAATTTTACGAATTTACC	1
ACACGTAAGCTGACGGGTAC	1
AACGCGAACACAATGGAACC	1
TCAACTAATAGGACAACAGG	1
AACAGCACCCAACGCACACT	1
ATCGTCCGCGTAAGCTAGTC	1
ACAGCGAAGAACCTAAATTA	1
AAATCTGTGAGACTCGCTGA	1
TGTTTCGACCCATGTATAAC	1
CACAATTAAACTATGATTCT	1
CTAGCGCGACCAAGCACTGT	1
TAGTAGAATCACCCATTTTC	1
GTCCCAAACACCCTTCCTGC	1
CTGGTTCTTGAATGAGAGCA	1
GATAATCCCCCAATGCTTCC	1
ATAACATAAAGTCTTTATGG	1
CTCTTCCCCTCCAACCACAA	1
CCCGTCTGGCCGAAACGTTC	1
TTGTAACCACTCTTCCAACC	1
GGCACATAGGCCCGCAATGA	1
AATGGCTCATGCCACAATCA	1
AAATAGAACAAAAGCGCAAG	1
AAAAATCACCCATTGGACGC	1
GGTGAGACGCTCCATTCACC	1
TTGGAGTTCGGATAATCTTA	1
TCACATTTAGTGGGCTGTGT	1
AATTTTAAGTTGCAGAAGGA	1
TGAATATGTAATATGTGTCC	1
ACACGCCCCTTGGACCTATC	1
TGTTTCAAGTCTGACAAACA	1
AAACACTGCTTACCCCCTTT	1
CTTGAGTAGAGTGATCTTAT	1
AAGGTCAACTCCGTAAAGTA	1
GTAAACCACGGAAATACGAC	1
GAGCTACACCTTAGAGCCGG	1
TCTAACAAATCCGCTAAGAA	1
AAGACGGCTACTGAACTGAT	1
CTACTGACCTAAGACCACCC	1
GCGCGCTGGGGGTAAGTGGC	1
TTGTAGAACTTTGCCTCCGC	1
TGAAAAAATCGTTGATGTAA	1
AACCGACTCATCAATAACTT	1
AACCGCAGTAACGCGTAGTC	1
GTCGAGAATTAGCCGACTCA	1
CACCCCAACATTTAAACCTT	1
CACCCGGAAACTTATGTAAC	1
TCCAAAAAACCCCGTTTAAA	1
GCCCAGGACATCCTCAATAT	1
TTATTCTTATCCCAGCAACG	1
CAACTAAACCGGGCTTGTTT	1
CAAACTCAAGTCTTAAGTTG	1
ATCCGCGAACGACGCGACAA	1
TTATATTCCATTGAGTGCCC	1
GTATAGCAACCATCACACGT	1
TCACAATGGATCGAATGAGC	1
TAAGCGTTGGCAGTTGCAGT	1
AGGCAAACACTACAAAATGG	1
TCACCTGTAACCGTTCACAA	1
ACAGCGTTTAATTCGGGTTC	1
GTAGCGAACAGGAAACTAAC	1
ACTGTAGCTTTTGTTGCTAT	1
CGAACCTACCACGCACGTAT	1
TAGATATCAATAACGCAAAA	1
GCAGCCTAAATGCCGACGAC	1
AACGACTTTCGAACAAGTAC	1
TTCTCGCCTATCTCCCACCC	1
AGCTCATATCTAGGAACGGG	1
CCCGCCGAGCAAGATGGACA	1
AGCGAGTTAGTAAAATAATA	1
CAACCTCGTACACTTACGGT	1
CTTCATTACAGAAAGCACGC	1
AATTGGAACTCCAATTCATC	1
TGAGGATCGACGAGGGAGTT	1
ACATGAGGAAAACTAATTTT	1
AAACAGGCCAGCTTGTGCTG	1
TGCATGTTCATCCCGTTAAA	1
TAAAAGCACGGACCTGCCCC	1
GAGCGTTGAGGTAGCAGCAT	1
GATAAAGGTATGACGTAGAG	1
ATCTACCACACGACCTGTAC	1
GGTACACCAACCAAGGACAC	1
GAGGTAACGGGTGCCTGACT	1
CGGTGAACGACCGTTCGCCG	1
ACTCAAATTGCAACCACCCT	1
GATCATAAACCATACGTACA	1
TTACCAGGGATCGGCTCTAG	1
CAATCTCTAATTCCCATTTA	1
AGCTTGGGCAGAGCCCTCAC	1
ACTTAAATACCTACGCATCA	1
AGTCTTTCACGCTTGAATAC	1
CACCTACTCCTAGAACTATC	1
TTTGCCCGAAGGGATACCAT	1
TAATTCGGGCTATTAAGAGA	1
TTGTTAGCGGTGAACTATGT	1
TCACATATTCCATACACACT	1
GTACACATGATTTCGGGTAC	1
TTCCTCAACGTGGAGGAAAC	1
TGACTCTCCAAGGTTTATTA	1
TTCGATCTAGAACTCAGGTT	1
ACAACCGGCTAAAAGCTTTG	1
GAAAATGAGCGATATACGCT	1
TGGAGGAAAATTAGCAACCT	1
AGAAGACAACGGCACAATAA	1
ATAAATCGAAGGACTAATTA	1
ATTGCTCTCGCATGGCGAAC	1
TTAAATTAGTAGATGCACCA	1
AGCATAGCGCTGTACAACGA	1
TATCTATTGACCTTCCGTTG	1
ATCATTCCCCACAGGACCCA	1
ATCTATAGTAACCCAAACAC	1
CATTCGACCGCAAGTCTACG	1
AATCATTATTTCCCTTTCCC	1
ATCTTTTCACAAGTTATGCG	1
CGTAGCCATCCTCGCCTACT	1
CGACGAAGTAACGACTCACC	1
AGCACCTATTCAAATGGAAA	1
ACCACACCCTAGGCTCACCC	1
TTGACAGAGGACTGTAAATC	1
AACTTAACTATAACTGAATG	1
TAGTACACAATGCTCCTAAC	1
AAACGAAAGGGACGCCCTCA	1
GCGCTGAAACCGACATACGA	1
GGCACCCCCATTCCCACCTG	1
TGTGAATTGACGAGGTTCGC	1
CCCTTAGCACTAACAGGACG	1
ACTGCCACCAGCATTTAACG	1
ACACTGAATCGAGGGAATAT	1
GCGAGCTTGCCACCGCTCCG	1
TGCCGCATAAAAAATTGCTA	1
GCCGCTTACAAGTCGGATTC	1
ATGCTAGCTCATATCCGCTA	1
AACAAAACAACAAATCGCAA	1
CCCTTATTCTCTTGTTAGTG	1
ACGCGGATCAGCCGCAAAAT	1
TTGTACAACAGCATTACAAA	1
CTCAGCAGCTGCGGATTAAG	1
GCAGCGCATAAACATCTACT	1
TTGTAAATGGAGGAAAAAAA	1
TCGTCAACCACTCATAGTTG	1
CGAGCCCTTATATGGTTACT	1
TTGAACTCCCCACTCTCCCT	1
AACACATTTAGGACGCAACT	1
CCATGTCCCATATCCACCCC	1
AACTGATTATCGGATCTTGG	1
ATGGAATTAAGACTGGTGAT	1
CATACACCACGGCGTAGCAT	1
TACTGGATTTATTTAACGCG	1
GATGTATATACAATTAGACA	1
TGTTTGGGTGAAGCCGAATG	1
ACATCCAACAGGGCTCTTAA	1
CCTTCACTTATTTCCTAGAC	1
CAATGAATGTTTATAATTCC	1
GGGCGTAATACACTTAAACA	1
AGCACCTCCACTCCACCCAT	1
AGATTACGATTCGCCTATTC	1
AAATCCGGAGCTCCGTAACG	1
CGAATGTGCCCCGCTTCTTA	1
TTCCCGTAGAGCAAACCTAA	1
GTTCCCGAATAGTCATAAAA	1
GCTCACTGTTTGTGCAAATA	1
TATCATTGGATCCACGCCAA	1
TATAACGTTCTCGACCCCCT	1
GGTAGGTCGAGAATTTACAA	1
TCCTCTATCCCTGCCCCGAC	1
AGCAACACGGTTCCAACGAT	1
AGGCTCAAAGTTCTTAACTT	1
GTACAACGGGCATGTTAAAC	1
GGGCACGGATAACCGAAGCT	1
ACGCGCGTCGTAACGCGCTC	1
TACCAACGGTAATACTCGCT	1
TCCGCACACTCAAGCAACCA	1
CAGTAGATCAATGCGCCCGC	1
CTAGCTGTCTATCAAGAAGC	1
ACCAACCCACCCTCCGGCTA	1
GGTGGCTGTCTAAGGTAAAC	1
GTCGAGAACATAACGTGCAG	1
ACTGAGCGATTTGCGCACCA	1
AAAGTACGAAGCGTCTCGAA	1
TCCTTTCATGTCGCCCACAC	1
ATGCCCAGAGATTACCCCCG	1
GACTTGAGGCGGATATAGCA	1
AGACAGAACCAATACGTCAC	1
TTCCTCGCCGCGAACATAGC	1
GGACCGAGAACGGACTTAAG	1
GGGGTTTATATCCCTCCATG	1
AAATTCACTCCGATTGAGGG	1
GAACCTAGGAACTCTTCGCT	1
GCTGTTCTGGTTAGGAGCTC	1
GTATACTGCCGTGCAAGAAC	1
GCTTTCCTATGGTTAGCACC	1
ACGCCATGGCGGGATTCGGA	1
CCTGTTCAGGCATACGGGTA	1
TAGCGCTTGGAAATCGAAAA	1
CCTACTCACCTTACCAAACT	1
TTCCTCCACGTGAAATCTGA	1
CGAGAAACACAAAGCGCAGC	1
CGGTTTTGATTGAGACCGAG	1
TGCGTTATAGTGATGGAGTA	1
CACACGTGTTGCTTGTGACT	1
CCCCTTTAATTTCGCGCCGC	1
TTTTTCCTACTCAGCTATAG	1
GTCACTTAATTGCATGGAGA	1
CGTGCAAATTTACCCTGAAA	1
TGCTCAAACTGAACACCATT	1
TCTGGGGCTTTGCACTCCTC	1
ACTGATACAACAGATTAGTT	1
ACATGTGAGCGAACTCGCAT	1
CGACCAATAAGTCGAAAAGT	1
CCAGAGTCACAACACTGAAC	1
ATAAAAACCAAGATACGGTA	1
ACAAAGGACAATTACCATAA	1
AAAGCTTAACCATTGTACTT	1
TTGGGAAGGGAAGCATTCCG	1
CCTAACACCTGCCTGAAGAC	1
TGTTTAAATCTCAACTAATG	1
AACATAGCCACAGTGTCGTA	1
TACTTACAACACGGGATAGG	1
CTAAAACTCTTCCCCACAAC	1
CCCGTTACATCACTGTGATG	1
AACGAATTACTAGCGGTTAA	1
AATTACACTAAAGCACGGTC	1
ATGTAAAGCCGTACACTTAC	1
CTAACAGAGCAATAACACCC	1
GGAAACCACGGGGAACTCAC	1
AAGAATACGGCTCTCAGGAA	1
CCCTGTTCCCACGGAAGGAC	1
GGTTAAGTCCGCAAAGGATA	1
TATACTTAAATTCGACTTAT	1
ATGATAATGCTGTGCAATCC	1
GCTACTTCTCACCCTCCCAG	1
TTTCCCTGAGGGCTGTCAGC	1
GACAACAGAAATCCGTTGGC	1
GTCCATCACGCAGCGGTACA	1
TGAAGATAACGCATAATGTG	1
TATTTACATACGTACATCAT	1
AACATATGAATCGTTAGCGT	1
TAAGGCTCGCGCTATGTTTA	1
AAGCGGCTAGAAATGTGACA	1
TGAATTGTGGGTTATATCAC	1
GGATAAAAGTAAAAAAAGTA	1
TGAATGACGGAGTAAACTCC	1
CCAAGTTGTTTTGAAACGAA	1
AAAAACAGCAAGATAGAAAT	1
AACATCAGACGCTCCTGCTC	1
AACTTTAAGCATATTTTCGA	1
AGCTTCTAACGGGCCGCTAC	1
TAGCCGCACTCTGCTCGCAA	1
TGCCAAAAACTTTCGGCACT	1
AACCGGATTGCTGAGGGGTT	1
CCTCTACCCTCGATAATTAC	1
GTAAACAGAGAGTCCGCGTA	1
AGAGCCCGCCTCGCTATTAC	1
TAGCATTAGTCTTACTGATA	1
AACTACGACACTGATAAAGC	1
CAAAGTTGGCAAAGATGCGC	1
CGAGGTAGGCGGGTAATCGC	1
AATAAGTGGCTTTCGGTACG	1
GTATCATGCTGCTTTAGAAC	1
CCTCACCCTACCAATCTGGG	1
CCAAGGACCGTGAGAATAGG	1
ACACCTGTTACCGAGTCCTA	1
GACAGTCCTAACCATGATCC	1
GGACGCTTTCGGTCGACTGG	1
AATGCACCGAGAATGAGATC	1
TGGAATGACGATTTGGGTGT	1
GATAGCGATCGCCGTTTTAC	1
ACGAAAGATACATGTAACGA	1
TAGCATCGGGTACGCACACA	1
TATTTCTGAAGCATGACTCA	1
TAAGACCAACTTGTACGTGT	1
GTGCGCGCAACAACTTTCTC	1
CTTAACCTCATCCCTCTCAC	1
AGCCAATTATTCGTAGACCA	1
GCTAATTTTTTAGACTACAA	1
TCTGAAGTTTGTGGCGAACG	1
GGGAAATCCCGACCCATTAG	1
TGAAGTATTAGATGCTCAAC	1
CTTCGGATCGCAATAGAAGG	1
TACTTTTCACTCGGCACCCC	1
AGTAGCGTGATGATTAACCT	1
AGAGTGAACGAAGCGCGAAA	1
CAACTTCAAATTCTCGTACT	1
ACCTAGCGACCCGTCTCCCC	1
GCACTCTGCTTAACCACGCA	1
CCGTGGTGCCTACAGCAGGA	1
CAACGCACGTTATTACAAAC	1
ACCTAACTAAGCAGAGTAGT	1
CGCAGAAGACAACAGGCCGG	1
TGCAAATATTGCATATATGA	1
ATGAATGTGATAGAATGTAG	1
GTATGGTTCGTCACCTACAC	1
AATGCAAATCACCAGCTTTT	1
CAACGCGCCTCTCACAAACT	1
GTGCATTCGTGAACTAGTAC	1
CATGTAAAGGTGGCCGGGCG	1
ATACACAGACATACCCACCT	1
CAATACATATTGCCAAACAC	1
ATTATGGCCATCCAATACGC	1
CATAACCACAGCCAGTATTC	1
AATAAACGAGTACGACGGGT	1
GTTATGCACGCCAGAGCACA	1
AAGAACAATGAGGGCTCCCG	1
AACCGACCGTTTGCCGGTAC	1
CCGCGTTACCCAACCCCCCA	1
CTTCCCGACACTGTACGCTC	1
TAAGGACTGTAGATCACTCA	1
TGCTGCACCAGTGATGCTCA	1
AACTGTCCGCCTAATTCGCA	1
TACATAGACTATTACAGCCT	1
AACCTTTGGATTATCTAGAC	1
CACTAGTGAACTACAATTTC	1
GTTTGACTACGAACCATTGT	1
TGTTACTAGGAGCCAAACCT	1
CCTGCTAGGCGCTCTATGTA	1
CAGAATGTTTGCCTTGCGCT	1
AGCTAGGACGAAGTGTACAA	1
CGACACTGCAGGCGTATCGC	1
TTTTGCATAGCAACCTGCTC	1
TCAATAATTGGCTCGCGTGG	1
GATCTACACCAGCCAGACTA	1
TGCCTTAAGTACCGGAAGAT	1
CGCCCCACGTTCTATTATGT	1
ACATCCCCCCAATCTATACC	1
CGACGCCGGCCCCCGCTAAA	1
CCCCTGTCCCTGCCGCTCCC	1
ATTTACAACCCTGATTCGCT	1
ACCGAAACCACACCTCGCAC	1
TAGGGATTAGATAATTCTGT	1
AATGAAAGATAATTAATACC	1
CACGCGTATAAGTGGAAAGG	1
TCATACCACGCTACTCCCCA	1
TCTAAGAAGACAGTTTAGGA	1
TCACTCTTGATACGCGCCAT	1
ACCCCTTACCTACCCCCTAC	1
TCTTCCAACTATACACCCTT	1
CGAACACCCCACACCCAACA	1
TGTCAACATAGAAAGCCTGA	1
CCAACCGGAAGTTTCTGAGA	1
GCGTGGCAGGCACTCACTTC	1
CCGCTCTAATTCGCCTGGTA	1
CCAGAACAATTCAGAATATC	1
TCGCATCGCCTTGCTAGACT	1
TACCTCAAAAATGAACATGA	1
ATGGGTAAGGAACTGTACCT	1
GAAGGGTTGAGTGATACTAA	1
TCAAACGAATGCGCTTACGA	1
TATCATTCATAACCATTAAA	1
AAACATGTCACGTTAGAACC	1
AGACTTATCCTGATTAACTA	1
TGAATGAATCGCAGAGTACC	1
CAACGAATTAATGGACACCG	1
ACCGCTCTACTGAATTGTTG	1
ATCGCGTAAAATGGCGACTT	1
CCCAGACTCAGACGTCCCTA	1
CACCACCCTTGTTCCGAATC	1
ATGCTCGGGGCACACCCCAT	1
GCTATCACATATAACAAAGT	1
CTCATTTAAATGAGATCACA	1
GCGATATAGAGTGCAAGACC	1
GAGCTAGCAAGTGTCATGCC	1
ACCATCTACTTGAAGCGGAT	1
CACCACTATGCTTTGCGCCA	1
GGCGTAACTACACGTTAATA	1
CCAATGAAAACTTATTTCTC	1
ATTTCCTTCCCCCCATTCGA	1
TTAACACCGCCGTGAATGCA	1
CCTCCATAAAGATAAAGATA	1
TAACGCTGGCTCTCTCCCAC	1
TCGCGACATTGAGAAACGTA	1
TTAAACCTGGAACTATCCCA	1
GATGCAAGGTACCTCCACCC	1
GCAAGGAGCTTAAGGGAAAA	1
AAGTGCCAATTAGAACCTTT	1
CCGTGCTGCAATGTGCGTGC	1
TTTCGATTACGTCCGAAAAC	1
ACTTCCGCAAACGCTATTTC	1
CGATTAAGGAAGCGCCTTTC	1
TTCGAAAAGATGAGGCCCGA	1
CTGATAGCCAACACAGCCCT	1
TTCCACACGAGATCTGAAAT	1
TACCGTATGGTAAACGAACA	1
TCCTGCCGTTAGGAGATTTC	1
TTCATGCCATTACCCGATAT	1
TGATTCCATCTCGCGGCACC	1
TGCTCTTCCGTTTTATGGCT	1
GCCAGGGGTTTCTTGCCTAA	1
ATGGCCCCGATTGCCAGCCA	1
CAAATGTAACAACCCCGCAA	1
AGTTACATCTTTTTCGCGTT	1
AAGGGAGACCCGGACAATTC	1
AAACGCATATTAAATGCACT	1
TCACATCTCCACATGTTCCT	1
AAATGTTGAGCGAGTGCAAT	1
TTTTTTGCATTGATTTTGCA	1
ACTGAGATCAGTGAAGGTTT	1
ACGCCTTTCCCGCTTGAAAC	1
GCATTTGAAAAAGAGATGCA	1
AAGCTATGATATACATTCAG	1
CTGAATAACTCGCTTGGAGT	1
AGAAGGTAATAGTAGTAGAA	1
TATTTCCAACAAACCCCTAC	1
TCGTAACTTGATTGTTCCCA	1
AAATGGGATTTGCTTAATGC	1
AAAGTACAATTGCTTCCAAC	1
TTTAATCCACTCTATCCTAG	1
TGCTGTAAGGCGCCACCTGT	1
CTTACGCCAGCTAAACTTTA	1
CGGTATTCGCGAGAACCCAC	1
AAGCTCATGGTGGGAAACTG	1
AGAGAAGTAAAGACCGTTTA	1
GTGCTCAGAAATAGGCACCG	1
GAAGGAATGGACAGTTGCAC	1
TGATGTTCCGTTGGTCACGT	1
CTACATACGTTATGACAGTA	1
GTAGACCGCCGGGCCCACAT	1
TCCCGCATCCCCCAAAAATT	1
CAGTTACACACTTATCGCCC	1
CGCGGCCATACATCATCAAC	1
AAAGATACACGCAACAAGAC	1
CGCAAAATTGTTTTTACTTG	1
ACAACGAGGACTAGTACAGC	1
GAACTTCCAAAACACTAATC	1
TTGATACATCATGAGATTCT	1
TTTTTACCGTATTTGGTTCA	1
TTGGTTAAAGAAGGAGCTCT	1
TCACACTCAACCGCGCGTCC	1
GGGAAAAGATCTCCGCAATA	1
TCCAACTCTAAAGCTAATCT	1
GACTCCGAGCATTAGTGCGT	1
ACTGGCTCCCACTCCCACTC	1
ATGCGCTAATGACTGCGAGT	1
TGTATGGCAATGTTTTGCCT	1
ACTGAAATGTCGGTGCTCTC	1
TGGCGTACAAGACTCCCTCG	1
ACAAGTTTGCATACGACGAC	1
GCAGTCGCTCGTGTGACATG	1
ATAAAAATAAAGCAAGACTG	1
AGGAAAAAAAATCAACTGAA	1
AAAAGTTATCAAAATAACTC	1
AATATCTTATTTAGGGCGTG	1
TCTTATTCGAAACTTATAAT	1
CTAAATTGAAATGGATCCAC	1
GTAAAGAAGCAACTATACTC	1
TAAACACGCCCACGCATTTA	1
ATAAGCCTTGTCTCTGTGCC	1
ATACGCTACTACGCAGTTGA	1
AACCTACTTAACGAGCTACC	1
TGCCCTCTAAAACAATTTAC	1
CCGTACTGATATCGGCCGGA	1
CCCCACAATGAAATGAGACC	1
ACCCTAGTGGAAAAATGCTT	1
TACTGCTACATACCATTGCA	1
TGATGAATTCCCTAAACGCA	1
ACTGTCTTTAATGTAGCCCA	1
TCCCAACTGTCCCCACCTCC	1
TTCCACGTGTCGCGGGCTCC	1
CTGCATATATCATAGCAGCA	1
GTACCTTCCACCACCAAACA	1
TGGCAGCTTTCACATAGATG	1
GGTGAAAAGGAACAATTACG	1
TTCCCCACTATCCCCACCCC	1
TTCGTCTATCTAAAATGCTT	1
TCAAACTAAACCAAAAGCCC	1
GCGCAAACGAGACTGCACGC	1
TCTCAAAACAGAACTAAACT	1
GAATTTCTGAGGCAGTGCTC	1
GCATAGAAAACCAAAGAAAG	1
ACTCATAACTTCTTACACGA	1
AAAACTAGAAAGACGTAACC	1
ACCAAAAACAGGTCATATCA	1
CCCAACGTAACCCGCACCTA	1
AGCGAACCTGAACATAAGTG	1
ATGCGCAGGACTGGGACCAT	1
CTGGAACCTAGGCCGCACAA	1
TTAAATAACGAAGCGAAACA	1
CAAGCGCACGTTCGCACGCT	1
GTCGACTTAAATAAGAGATC	1
TGAGGTGAAAACCCGTTGGT	1
ACAGTTGTGTCAATAGAGTT	1
CAAATTAATCTTGTTTTTTT	1
TAGAGGTATAGATATCCAAT	1
TGACTAACCCCCACTATAAT	1
GTCCAAACGCTAACGCTGAC	1
AGTTAACCTCTACGTACACC	1
TAACAAGCGCACTTAACTTT	1
TCAACCGTGACGAGAAACAA	1
AAGAAAATGAAGGGCAGAAT	1
TAGCGGGGCACACGCACCTA	1
AACAGAAAGGTAACGTCAGG	1
TTGCACCGCCAGATTCCCCT	1
AAACCGTCCGCCCATGCAAC	1
GGTAGCTCTTAGCAAGTCAC	1
GTCGCCTTTTCATTCTTATG	1
TATAATTCATTAAACCTGCA	1
CATAATAACTCTTATTCTGC	1
TGTGGTAAATGCTACCATCG	1
TATTGTTAGTCGATGTACCC	1
AGTCACAGTTCTGTCCAAAC	1
TTGAGCATGTCATAGCGGTT	1
GAATCTCGAAGCTTCGTGCC	1
CTCCTTAATAAAGGGCTTTC	1
CACCCTTCGGTTCCTTTATA	1
GCGAGAAAACTTAACTCTTC	1
AACCGCTCAACAGCAAGTAC	1
GTTTATAGCAGTAGTGGATC	1
GCTTAATGTGCACAGTTCAT	1
TTAAAGGTAAGGAAGTTAGT	1
GTAGTCACAGAGGAGAATCA	1
ACAATCTTAAGGGTAAGTAT	1
TTGCAATAATGTACTAACCA	1
CCTGCAGACCCTACACTCCA	1
AATGAAATGTGAAAACCTTT	1
TTATGCGAATGCCATCCTGG	1
TTTGCCGAGCTAAAGCCACA	1
TGTATAATAATAGGCAATAG	1
CAATATCACTGTCCAAAGCA	1
CGACGGGACAACCATAATAA	1
AGGCACAGAGGGGGCGCATA	1
AACACAGAGCAATCCTCCTT	1
ATACGCGCAAATTGCTCATA	1
AAGGAGAAGAAACATGACCA	1
GTCATCAACAGCACGAAGCG	1
CCGAGGTTAACCCCGTTAGC	1
GACAGTGGGCACAATGGTTA	1
AAGTGATATCTCTGACAACC	1
CGTACCAAAAGGAAAACCCA	1
AATATGACTACGACTAAAGA	1
CTGTGAAAACAGGCACTTGC	1
AGGATTTTTTGTTTCGCAAA	1
GAGTATTAGCGCGTTAACAC	1
TATATGAGTTCGATTCCCTT	1
CCCGGTCACGCGTGCCCAAC	1
CCTTCGCAAGTTCCATTTCC	1
GAGCTCTAGTGGTTAGGAAC	1
GCGCCAAGAGCTTCGAACTG	1
TCAGCTAATATCGATCTATG	1
GAGACACTTCCCTATACGTC	1
AAATGCACCCTCCGCAACCA	1
ACGAGTTTCTGTCGGCAACA	1
CCCTTTACTCTGATATCCAA	1
GAAGTTTGGTGAAAATTGGT	1
TTAAAGATACGCATGAGTAA	1
ACCTTCTGTTACATGCAATA	1
GTCTGTATCGCCATTTGTAC	1
ATGCAGAACACACTTACCTA	1
TCGCGCAGCTGCCCTGACAC	1
ATAATAGTACCAAAATCGAG	1
TAACACCTGAACACCCAATT	1
GCATAGGTGGAATATGCTGA	1
CAATAAGCCCCCACACTTCC	1
CTGCAAACCATCGCCCGTAC	1
TCCTCCAACATGCCCGACAT	1
GGTAAACAGTGATGTGAGAC	1
CATCAACCAACAACATTGGG	1
AACTTCCTAAATCGCGGTAG	1
ACACATTGTAACCCCCTCAA	1
TCACATACCCCATACACCAG	1
CTCCCCCGAAGTAACTACCA	1
AACTCATCCTGTTCAATGCT	1
ATGTGGCAGTATAAAGAACA	1
TACATCCCACCTGGTGGAAG	1
ATGTACCAAACCTGACCCAG	1
ATACAACGCATCGTCGACAA	1
GATCCATCAATAAGGTACAA	1
ACTGGGGAGGACAGGATGCG	1
TCACAATGTCTGCATTAGAA	1
GGTTTTGCACAGTCCTATAC	1
CTTAGGAGCCAATAAATTTT	1
GAGGAGCGGATTTATCTTTC	1
TTCACTTGGCAATGTACAAA	1
ACCAAAATCTTAGCAGTTGC	1
AGCCTAGCGTGGGCTTTGAA	1
TAAATATCAACGCCCCCTAA	1
ATTGCGTGCTAATTCCGACA	1
GAACACCACTCCCACCCAGA	1
TAGACCTGTGTCCATTCGTA	1
TGATAGACAATTGGCTGATC	1
CATGAACACTAAACCTTTAC	1
AACTTTGCTCCAATGTGATG	1
CCCCTTCCATTTTTCATATC	1
ACTATAGCACATGAAATGGC	1
TGGAACACACACAATGTCCC	1
TCCGATCGTCTCGCAACCGC	1
TGACATGGAGATGACGACTA	1
ATTCAAACCACCGTTAAAGG	1
CATATACACACAAACACCAC	1
CTCCACCACTATAGGTCACC	1
GTGCGCAATTTACAAAGCCC	1
ACTAACAAACGGCCTCTGCT	1
GCTCACGTAATTGGTACATT	1
ATTCGACATTCCCAAACGAC	1
CCAGACGATAGGACCTAGTA	1
GTTTGCTTCTACTATTGGTA	1
CATCTTACAGCGAGACAGAA	1
AGGGGTGAAGACGGTGGCGG	1
GCCCCGATATGATGTGATCG	1
ATAACCTGTTATACAATGAC	1
GTTTTTAAGAAGTGGGACCC	1
AGGAAGGATACTCAACGGCA	1
AAGCCGGTTGGTATTACGCT	1
AATCACGAAAAAGGATGACA	1
GCGGGATGACAGAAACGCGC	1
AGCAGGCGGCCGACAACAAA	1
TCCTAGGTCAACAGATCCAT	1
TCACTGTGAATAGAGAACCA	1
TCAATGACGTCTCTACCTCG	1
TCCTATGAAATACGATTATG	1
AAGCATCCATTAAAGTCAGC	1
GTATTCTGTACGTGCTTAGG	1
AACACTTGACAATGAGCACT	1
CAAAATTCGCTTGAGGTTCT	1
TTAGGGTTTAGCCAGAAACC	1
GCGCTTTTCACGTGCGTACC	1
ATCCTGGAATAACACTTGTA	1
AATGACAAACCCGAGCCTAA	1
GCGCACCATCGCGCTTAAAG	1
CAATTTGACGAAGAGCATTC	1
GCATAACCACGTGAAACCTG	1
GTCGGTCGTGACATGGCGTT	1
TTTAACTACCTAACATAACT	1
AGTTCCCCCCTCAATTTCAC	1
ACTCAAGAACGCTTTTTTGC	1
CGCAAGTCCCATCCTTCCCC	1
AGTAACCTATGAGACCACAA	1
TTATGAGTTAAAGCATGATT	1
AACAGTTAAGAATATCCCTC	1
TAAAAGAAAGTGCGCTGAAT	1
GGAGAAAATTCTCTGCCTAC	1
ATGATACCAGTAATAAACTC	1
CTAATGACACGGCTAATCAG	1
TAATGGCGTCTACCTCGTCG	1
GTTGGAGCCAGGCCGTACCT	1
AAAACCGAAGTGTAAACAAG	1
ATATTGTAACGACGTCATCA	1
TCCTTAAAAAAACTGACAAG	1
TCGCACTTAACTATTCCGAT	1
CGAACCCATTCTTCGCTTAC	1
AAGGTGTAAAGGCTCTATAC	1
TAACAGTCAACGACGTATAC	1
GGGGACATTGGTATCACCGG	1
CTCGTAACTCCCTCTACCTC	1
TAACTTACAGCTCGTAGCCC	1
AGAAACCTCTGTGACGTTGT	1
AGTAGAGCTCGAAAACGCAT	1
TACACTTAACAAAGACGTAT	1
ACATAACTACTCCAAACCAG	1
ACCTCGACCGTCACGTAATC	1
CATTATCCCTATACATTACC	1
GCCTTAGCACCGCTAAACCA	1
GTTTATATGCCCACTGCGTT	1
CTACACTCTCCCCCAGATAC	1
GTGAGCACACAAGCGCCATG	1
GACCATCTGGCGTCGTCCAA	1
TCATAGATGGAACTCACCCG	1
AACCTTCAGCCCTATGCCAG	1
CGAATCCGGCAACGGCTAAA	1
ATGATTCAATTGTGAGAAAG	1
ATTCCTGCAATAGTGTACCG	1
TTTCTACATGCGATAGCAAG	1
TAGGAATTGGGGGACCGCAC	1
AAGTTTAGTAATTATTTTAA	1
ACTATTGGATTAAGATTAAA	1
ACGGATGTGGGCATTCGTCC	1
GTGCCCATGTAGGCTGCACA	1
TAATTTAGTAGGATCATTCA	1
ACGTTAAGCTTATATGCAAA	1
GGAAAACAACACCCCTCGAC	1
AATCATAATTCCAGTTCTTC	1
ATGAGGAAACTGACAGAAGA	1
ATGACATCGCAATAAACACC	1
TAGAGAAAGTTTAAAGGAGG	1
AATGGCATTACAATGCCACA	1
CGTTGTTCGATGCTGTCTGC	1
GGCTTCTCTACGCAGAAGCA	1
CCTGTCGAATATATGACAGT	1
GCAATGCTACGCGTTATGGA	1
TAAAAAAGCTAATATATAGC	1
GACATACTGGTCATTATCAT	1
ATCTGCTACAGCACACCGCA	1
TAGTCCTTTTAGAACAGAAT	1
CTATCACCCAAGGTTACTAC	1
GGCGACGTTTAAACATTTGG	1
TTTGAAGACACGAACACCCA	1
GGCTTATAGTACCCACTTTT	1
ATCTGGAACGTACGCATCCC	1
AGTGGGAAATACATTCCACA	1
GAACCATTTGCAACCACTAC	1
ATAACTCAGTGTACATGCGA	1
GTAGTATCACCTCTAGCCTG	1
CTCTGTGCCATGGGCAAGAT	1
TATGCTGTGAACAATTTAGA	1
TCAGTGATAGTAGGGGGCAC	1
GCCCACGATAGCATGACGAA	1
TCACAACCTATAGTATAACA	1
GTATCGCACTGATTGAGATC	1
ATGATCCAAAACCCAGCAAT	1
ACACACCGCTTGGAATACAA	1
AACCTCATCCCCCCAGGCTC	1
GCTAACCCCCTTAATATCGA	1
GGTTCCCGAGCACCGCTTAT	1
TAAATCGAAACTGAATTTAG	1
TCCATGATACAAGGAATGCC	1
CCAGGACCTCGCCTAGGTAA	1
TTGAAATCTGCCATGTAACC	1
TAAATGCTTCAAAAGGTCCT	1
AATTGATTAAGAGCTACCTT	1
AAAGGAACATAAGTACTCGA	1
ATAGCGCAGTCTTAATATAT	1
TTGCAGCGACTGTTTTGGAA	1
CAGGCACGAAGGCAAACAAT	1
CAGATACTACAATGACAAAA	1
GGTCAACCACCCAAAAAATT	1
GAACACTGATACTTACTGAC	1
ATGTGTTGTGATGGTGTTAT	1
GCGGGTACACGTTCCCGCGA	1
TATTCACGTTAAACTTTATT	1
GCACGCTAACATTGGCAATT	1
CGTAGAACTTATAACCTTTC	1
CTTGATCAGCGGTACGCGAG	1
CCCTTCCCCACCACCAGCTT	1
GGAAAAAAAAGAAATAATAG	1
GCTAAGTCGGGTGTTCCAAT	1
CGAGACCCACGTACGTATAT	1
CGACCATCCGGAACGGCCCG	1
TAGGAGAGGACGCAATACTT	1
CAACACACTTGAGTTAACGA	1
TCGCAGGCTGCGGGCGCAGC	1
TGCTAATATACAGCGTACTC	1
TCATGACACCCAATTGCCGC	1
CATACCACCAGTCCTCCCGC	1
TAAATGACCCACGCGCGACT	1
CGGTAAATGCTAATGAACCT	1
AGATAACTAACCCACGGCCT	1
GATACAGATCCTAAAAGGGC	1
GCATGCCCTGGGTTTGTCAG	1
TCGTTACATAGGCGATTATT	1
CCACGACTGAATGACTTCCC	1
TCGCACACCCGAAACCCTAC	1
CTCTCTTTCGCAACTGCTTG	1
CTCACGGGGTAACTCATCAG	1
TCTCTAATTCCCACAATGGC	1
ATTCAACATAACTCGTTACG	1
CGAACGCCATCCAACCCTTA	1
TAGTATATGTCTATACAGAA	1
TAATAGAGACATGCGTCAAC	1
AGGATGAAGTCGATGCTCAC	1
TTGCAACCAAAATATTCTCC	1
CCGACGACATATACCAGTAA	1
ATCCTCGTTGTATCTGCGAA	1
AATTGTACAAGCTGGGTGAG	1
AATGCCGTTATGTTAAAATT	1
ATTCAAGACACAACTAAGAC	1
TAACACTCCCTTATCTTATA	1
ATCGTCCCCTTTTCGTTCCG	1
GAAAGTCTATTTCTCCACCC	1
TATTATAGTTGTATTCGATT	1
CCCATCCCCAGGTCCTTCCC	1
AAGCTTTATCCCGGCTTGAC	1
ACTGAGTTAAGCAGGTATTG	1
TCACAACACTGCACCATCTG	1
ATGCTAAAAGTACGCGAACA	1
CGCTTAAACCCAACTAACCA	1
ACGCGAAAAATGAATACTAA	1
CACGTTGTTTTCAGCGGACC	1
ATAGCGGCGAATACTACACT	1
TTTTACCATTGCCGCTACTT	1
GGTAAAGTAATTGTTCGAAT	1
GTAAAAAAGCGCATTGAGTC	1
ACAAATAGCAACTTTGCTAT	1
GGTGAGATTCCATTTTGACT	1
TACAACATGATTTCTTCAGT	1
ACTTTCAGGGGACCGCTTTC	1
TTCCACAGAATTATCCAGCT	1
GTTCCTAGCACAAATAAAAT	1
GTTGTAATAAGTCGTCCACC	1
ACAGTGGCAAATGAACATAA	1
AACAGTAGCCTCCATATCCA	1
ATGTAATGGAACACTAAAGA	1
CATAACTTCTAAAATGATTT	1
ACACGAGAATGATACACCAC	1
GATGGCCTTATACACTATCC	1
GTACCAACGTCTAGTCTATG	1
ACCGTGACCCGCCGCCTATG	1
TACGCAGACTGCCCATAGCA	1
AGGTTCTCTTCACTAAACAG	1
AAATCCCTCTCCACCAACCA	1
GCAGTGCGTGGACTTGTTAT	1
CCTAGTGAAGCTTGCGCGTC	1
TACCAAAATGCTCATCTTTC	1
CCTCGTCCGTGCGCATAGGT	1
TCACGAATGGGATGCTAAAA	1
ACAAGAGTTACTGACTAACT	1
AGATAACGTCCAATACTTAC	1
GACGCGGTATACTCCCCGAT	1
CAGGCTGTTCTACCAGTCAA	1
TCTTTAGACTCATTATTCGG	1
CTACTTATAACAGATCCTAC	1
CTCCCCCTTCGTATACCTAA	1
TTAATAGACACGCACTTTGA	1
TCAAACCCTCTATCCTTGCC	1
GCAGTACACAGACGACATGC	1
GGACAGGGATTTCAGGGTTC	1
TCCGTAGTTTGGACGCTGAT	1
GCATTGCCCTTAGGCACACG	1
CCGAAGGATCCCAGGAGGTG	1
GAGAAGAACACACATGAACG	1
TTAATTCCATTTCACTGTTC	1
TTTAAAAGCAGTTGTTAAGA	1
ATGCTCAACGTGATAGCCCA	1
TAGCCAAATAACCCACGATG	1
TACAGCCTCAGGGCAGACAA	1
GGATACTCCCCAATGTTAAC	1
ACGAGCCATACGTCCCCATA	1
TTATTTTTCCGCGATCACTT	1
TAGCGTGCAAAAAACCCTGC	1
TTAGATTGCTTTAACGGTCT	1
CTCGCCCCTAGTATTCCCAC	1
TTAAGATACGCAGATAATAC	1
AATGTTCGGCATGGAGAGGA	1
GAGTTATCCGGTAGGTATCA	1
GAATGAAACAATAAGATACT	1
TCGTTTGAGCTGATACTGTC	1
CTGCCGCTATCATTAAGTAC	1
AACTCGACATGGTTTCCGGC	1
AGGACTATCACATATAGAAT	1
GCAAATTAAGCATGGCTCCA	1
ATGAGGGCGGGGCTACGATA	1
TGACCCTCTACGTGACGTCG	1
TAATCCGTAGCACTCTATTC	1
AATAAACTGCGCTGCTAGCC	1
AAATAATGCCGTGTCCCTGA	1
TGAATTCCTGACTTCCCATC	1
AACGGATAGATCTCCGCCAC	1
AGTACTGAAGTGGCGATCCA	1
ATTGTTAAAACGACCAAATA	1
TTCTCTTTACTAACGATTGT	1
TTAAACAACGAAAAACTTTA	1
TTCGCATAAAATTTTCAAGG	1
GACCTCCGCTCACGCTTTGT	1
CATACCTTTCCGTAACATTG	1
CCTTAAACCGTTTAATGCCC	1
AATGAACTTAGAAGCATTTC	1
CGGAGACGTTGTGATCAATA	1
CCTTTCATAAGTTTGAGGCG	1
CGTGCAACATCTTCCAATCC	1
TCAGCACTTAATCCTACTGA	1
TGCATCCTGGACAAAAATAA	1
CATACCCACCCACTAGCCGC	1
AGGACGACACCAAGCCACAC	1
ACGGAACTAATTTAGAATAA	1
GATGAAAGTGTAAAAGGTAA	1
TGCATAACTTAAATGCACCT	1
TCATCGAGTTACAGCAATTT	1
TACCAGCCCCGTGACACCAC	1
CAGTTGTCTTTTCTCCCCTC	1
TGTAGTTGCGCCTAAGGGAA	1
CCCAGGCTGATTGTACACTC	1
AAACGCCCAACCTGATAACA	1
ACGAAATGGGAAAGCTCCCA	1
AGCACTAATGAGGCCAAACC	1
TCGATACGCAAACTGCCTAC	1
ACAACACGACTAGCGTTGAT	1
GCAATGTGTGCTGAAATTAT	1
TGATATTGAAAGCTTTTAGA	1
ATCCCTTATCACACCGCCGC	1
TGACAAGAAATGGTCAGCCA	1
TAGGATGCCATCCCTCTGAT	1
ACTCAGTCTGACGCATCTGA	1
CGGACAAGGATGCCCCAAGC	1
CATAAACATCATTTATCCCA	1
AACACTTCTTCAACAATGCT	1
GACCGCGCAGCTTACCCATC	1
TTCCGCCAAAGGCGCCTTTC	1
CAGCTCGGTGGGTATCGCTA	1
CAAGCGCTCCTGCGTAACAC	1
GTGGATCGCCACCGGATAAA	1
ATACCGAATCCACACAACTT	1
TATACATAGAAAGCTTGAGC	1
GGTCAAATCCTAAGCCCTTC	1
ACTCTACACACCTCCCATCA	1
CTATTTTATACGAAGCGTGC	1
CGCACTTACAAGCCCCCTAC	1
TTTTCTCCGCCCGTGAATAT	1
CTGAAACATTCATTATCTAA	1
ATATTGGTGACGGGTTCCTG	1
ATATGCATGCGAGTATACTA	1
CCAGAGATACGAACACGCTG	1
GTACCCGTACCGCTATGAGA	1
GAGGTATTTACCCCCGTTGA	1
GACAAGGTACTCCTAAAGCA	1
TTTTGCTATTAAGGTAGTTG	1
AGTGTCATTTAAGTGCAAAC	1
TTGAATAATGTGCGCGTTTT	1
TACCAAAGGCATTGGCATGG	1
ACGGCTAGTTTTGCTAATTA	1
TGCATACTTACATTTTCAAA	1
ACCTCCCGACCCACCCCCCG	1
AACCCGTTCCATACATGTAC	1
CCGGATTAACCCGATCCCTA	1
TGATTTTGTACCATTACGCG	1
ACCTGAGAACAACACCACGG	1
ATAGCAAACGCAGAATAAGC	1
ACAGTTACCCGAATGTTACC	1
CCCCCTCTTAAACGTTCACC	1
GTACCTCTGTAGCATCCGCC	1
GGGGTCAGAGGCTGCGCCTG	1
AGAATACGCGATAGCGCCTA	1
AAACCCACAACTTCCGAAAT	1
AAGGCATGGTCCAATGTACC	1
GTAAGCTCACACGTTACCCC	1
TAACCTTCTTCTTTTCTATA	1
ACCATACACATGCACAAGAC	1
AAGGTGACTTCAATACACAT	1
ATGTGCTAAGATCCCAAACT	1
AGAGATTTTTAGAGGTGTGA	1
ATATAGCAGCAAATTAATAG	1
GACCAGGTGGTGAGCCCTGA	1
TTTTCCAGTTTGCCCGTAGA	1
CCTCGAAACCGCAACATGAC	1
TTGCGTGAACGTGCATGACA	1
AGTCAACGGCGATGGGTTAG	1
TTACCCCACCACAGACCCTG	1
TTTTGTTTATAGTAGATACC	1
TCAGATCATGGCACGCAAAT	1
AATACGACACGGTGCCACTT	1
CCCAGATTGTCTATCACAAA	1
TGTTGACTGTTGAACATGTA	1
GTAAACCTTAACCTCCTACA	1
CCCATTGTGTTGCAAGCTAA	1
TGGGCGCGTGCTTACAAGAA	1
TAGTCAGCATTCTCAAGTAG	1
TTTGATCGTACAACATCTCA	1
AAAGTACCATCTTCATGTCA	1
TTTACGTACTCGCTCGGTGG	1
GCATCTCTGCTACGGAACCA	1
CGAGACACTTGATTCACGAT	1
AATAAGACTGATGATCGCCG	1
CTATAATATGGAATCCTTTT	1
TATATAAGGGACATGACTGC	1
ATGCCCAACGCTTCAAGTCC	1
TAGTGCGTCTTCCTGAAAGC	1
GCTAAAATAAGGAAAAAGTC	1
ATATCTAACCGCGAAAAAAC	1
TAGCTTTGGGTATGAATAGC	1
TTCAATTCCACCCTCCAAAA	1
CATACACTACATGCGCATCA	1
AAACAGGAACGATGCATGGG	1
TCTTCCACCCATTTCTCTCA	1
TTATCCCGAGCGTCGCAGGT	1
CCCTCAACCTCCGACCCCAA	1
GTCACTAACGCTACCACCTC	1
GTGAGTTTTCTTCCCCGCTT	1
TCCTACGCGAATTCAATTTG	1
CACACAACCCCCCTCCACTC	1
AACACACTGAACGGACCCAG	1
TGAAGAATGACAATGCGTTC	1
AACTGCGGGCGGGAACTGAT	1
AGAGAGTACTTTAATGTGGT	1
GCTCCGACGCCTGGCATTCT	1
GATGATCGAGTAGTTGTACA	1
AACCTCCTTGATGACGATAA	1
TTCCCTATTAAGCGATCAAC	1
AAGAGCATTTAAAACTACGA	1
GAGGCCGCGTCACCATACCA	1
GAAGAGACTGGAGGCTCAAA	1
GAGGAACCAACGTGATGAAA	1
AGCCCACGACGCAACCTGAT	1
AGGTGGGGGAATCTTAAAAA	1
ACGAGAAAGTAATATATCCA	1
CGATCCTTCAAAGTCCACAA	1
AATGATTAAACCTGACTCAA	1
TTTACCGTTCCCAATGTCAG	1
GGAATATGCATTATCCGACA	1
TTATGCGTCCATAAATTCTT	1
TATTTACGAACATTTCAGAT	1
TAAAGGCCATGCTGCCAGTA	1
AAACAGGAATTACCTAACTC	1
ACTTACATTAAATAACTTCA	1
CATTCTGTAATTTGATCCAA	1
TGATTTAGGGCGGGTAGCTG	1
TAGTCATGCAGCCATTGAAA	1
AAAGAGCACACTAAACAGTA	1
ACTGGTTCGACAGACGGTTG	1
CGACATCCCTCGCCGTACCG	1
CAGACATAAGGACTACTCGG	1
AAGTACGCGTGGCGGGAAAC	1
TGAACCAGGTAATCCCCGCG	1
CCACTTTAGTATTACCATAA	1
CATTCATAATCGCATGCTTT	1
AGACACCCAGAGCGACTAGA	1
ATAGACGTCTTTCCTCATGA	1
AAATCAGATACCACCACCCT	1
CATGTTGACGCCGGCCGTCC	1
GCCAGATAAACCACATGGAA	1
ATTACCTGTTGAGCAAAAAC	1
CCGTTTGCCACGCCCCGTAA	1
ACATGAGATACACTCATTCA	1
TAAGTGCATTACTGAGAGAA	1
CCATTCCCAGCCCGCTCACA	1
ACCATTGAAAAGGCTCGGAA	1
AACGGGAATCTCTAACGCTA	1
ACGTCCCGACCTGCAGACTA	1
AAGCATCCATTTGGACCTAG	1
ATGAACGGGGCGCATTCCCG	1
TCTATGTTGTTATATCTCAT	1
TCGCAAACACTCTCCATCGT	1
AATGTAGTAGAGGCGACCAA	1
GGGATCACCGCATTAAGGGA	1
TATTCTGTTCTGTATGACGT	1
ATTCTCGGAGATATTAAATT	1
GCTATAACAGTTACCCGCTT	1
ACAAAAAGAGAAAAGTACTG	1
GTCACCACACAAACTTAGTT	1
GACAACGAACTGACAGCAGG	1
AAAGAACATACCTTCAACAC	1
AGCCCTCCTCCCGTTACACC	1
CCAAATTTATCAGCAATTCC	1
TGAAAACCCCTAGTCCCTGA	1
GAGTGAATGTCCGCTGCATT	1
TATACATATGTAGCAACAGC	1
TAGTAACGCCCGTAATCAAT	1
TGAAACTGTTAAACCCACAA	1
ATTAGATTCATCAATCACTC	1
AATGTCATGATGTACGGAGC	1
TGTCTACCTGCCCTATGCAC	1
CGATATAACGCGGTAGACCG	1
CTAGACTCGTGATTGGCCAT	1
CCTGGATTAATACTCGGTCC	1
GAGACACTAGCACTTCTTCA	1
AGCCACCTGTACGATAGCTC	1
TTACGCCCGACCCGCCCCCC	1
CATTGGCGTAACACTCAGAC	1
GTCAACCTCAGCCCTCGTCC	1
GTGAAACGGAGGGGGAGAAG	1
TGATTGAGAAAGGATCCCAT	1
ATACTTAAATCACAATTTAA	1
ACAAGGCAGCGACCTTAATG	1
CGTCAAATAAAAATTGCTTT	1
ATCCCTGTCCAGCACGCTGA	1
TTGTATTTGATTGCTTGCAT	1
CCCCACCCCCGCCGCAAACC	1
CACATGGGGTATGACAGAAT	1
AGGAAGCACCTAAGGAATAC	1
CTCCCTTCATATAGTTCGAG	1
CCCCACCTAGCGCCTTTGAC	1
ATAAAGGAAAAAGGGACGTA	1
GAAAATAGTCACGCCCAATA	1
GGCCCTTAACCGGGGCTTAA	1
ACGAGCAATTGACCCTCAAG	1
TCTTCCTTGTGACTGCCTAA	1
TATCTTCCACGCCTATAGCC	1
AAGCTCCATCCCATCATCGA	1
TGCCCGCCACACCCACCAGC	1
TCTTTTTTCACCGTCTCAAT	1
AACGCGGCCGCCCCTAGGCC	1
TAAGCATATGAATTAATCTA	1
CGCAGAAACGTGCCATCCAT	1
AAGAGTGAGAGCGAGTAAGA	1
CCCATATATTTTGCAATGCC	1
TACGCCGCTGTACAACGCTT	1
AGACACGAACTACGCCGGCC	1
AGTTACGCCTCCACCAAGCT	1
AATGAGGGTGTTCTCCCTTA	1
TCTCTGCATTGGTTCTACCG	1
AATAGAAGGAACGGGATTAT	1
AAAGCTATAGAACTCATAAG	1
ATCACTGACTCTCTCAAGGC	1
TAGCACTCACTTAATGACCC	1
GTCTATCCTCAGCGGTATCC	1
GAACATTAACCAAGCTGAGT	1
TTTGAACGCCAAACCAGTCA	1
TGTCAAGAAGGACAATGTGA	1
CATGAATATGGAAATTCCAA	1
CGTCCGCCCACCAACAACCC	1
CCGTCTCCCACGAGAGCCCG	1
TATCGCCGACTTAATCTTGA	1
ACTTAGGTCTCAACGCGTAC	1
CCCTCGTTAATGCTATGCCC	1
GACTATATTAAGACGAGCTT	1
GTACGTCGATGATGATCGAC	1
CAACTAATGAACTATACTAT	1
AGCTCTATGACTGCACTGAC	1
TTTTTACTGAATATGTTGGA	1
TTTGGAACAATACCACGCAT	1
TAGACCCTGCTCCCTAGCCC	1
AATTACTGAATCGACTTTTG	1
AAACAGAATGTAGCCGCGGC	1
ATGTGTGAAACAAACAGTAC	1
GTCTACTTCAGTCGTAGAAT	1
AGGGCGCTTAAAATCGTGCT	1
AATTATCATCCCGCAGCTAT	1
CGTTTTCGCTGAGGTTCACG	1
TCATTTCTCTTCATGGTCCC	1
TTGTGCTCTGTAAGAGCGCT	1
GCTTTTAATGACCACCTATG	1
ACTAGGGGCAGCCACAACAA	1
CACCACACCCACGCCATCAC	1
ATGTCCGCTCAGTGCTAAAA	1
TTCATGGGACTGCGTATGCA	1
AGACTGCCTTCAGCGCTCAC	1
CGGAGGAATGATGAATAGTC	1
GCGAGCCTACATTAGGTATG	1
AACTGGTGATGTGTAATTGG	1
AGTTAAAGTGAATAGTGGAA	1
TCGTATGAATGAAAAAATGT	1
AACGTACCCCACTCCTGAAG	1
ATTACTTTATCACTCTTTAT	1
ATTATATTCACAGAAAATGC	1
TATGTCCATAAGAGGTACTT	1
TTATTCCCATAGTCTCAATC	1
CCAGGCCGGTATGGGCATGT	1
TCACGAACCTGGAGACAAAA	1
AAACTTCAGATTACCTAAAA	1
CGATGCCATTTTCCTGGCTT	1
ACCATAGACCTTGCTCTTGA	1
TATCCACAAAAAGGACAAAA	1
ATGACTCCCACCTCTAATTG	1
ATGTCTGACTTCCGAGCATC	1
GTTTAAAGCATAATTGCGAA	1
ACGTGATACAACATGCAGCT	1
CCAAACTGACACTTGAACTT	1
CCCAGTACGACATTTGGTGA	1
CTAGCGGCTGCTTACAAACA	1
TACGATGAGCCAACTCGGAA	1
CACCGTCATGCGGGACTCTC	1
GATAATATGATCTTCTGCCC	1
CGTACACCGATTACCAGAAC	1
GATGCATTGCAGCGCTGGCC	1
AAGAGAGAAACCCCTCCTCC	1
TGTCCACTTGAGTACATTAG	1
GTTGATGTGATCCGCTCCAT	1
TGAAGCAAATCTTAGGCTTA	1
TCCAGCACACCCCTCCGTAC	1
AATGCGCATAGCCGCGACAA	1
CCTTCCACCCCCAAGCCAAA	1
AAGCCCATAAAGTAAATAAC	1
GGGACATACTCACGCGAGCT	1
ACCTGCACGTACTGTGCAAT	1
ACACCACGTAATTACTTCCA	1
ATCAGGCAACAAGCTGCGCA	1
CAAAACCGACAACCTATAAC	1
GTTCTTACCCACTTACCTGA	1
AAATAATCATGCATACGCTA	1
AGGGTGACAACGAAGATTAC	1
TTCTAAATTGCAAACCCTAA	1
CCTCACTATGCACCCGCATC	1
ACGATGTTCTTAGTGATCCT	1
CCGCCCCTGCACCTATACCA	1
TGGACCGCCCCAAATACGTG	1
TACCACGGGTCTTAGGATAT	1
ACCTAAGGAAAGATTTTGCC	1
CCGTAACAGCAAGCTACCCA	1
ATATGGCGGAACGCATATTG	1
ATGACTAGCCAACTCTACCC	1
AGATACTGCCAACACGCCAT	1
TTAATTATCCATTAGGTTTT	1
TGTAAACCGTTATGTGCGCT	1
GCATAGGAAACTTGTATTGA	1
GGCCTCTCCAGCCTAATACT	1
GACGTCTATTGCACTCCCCC	1
TCAGAACATAGACACCTATG	1
CCACCCCTGTACACTATTTC	1
AAGTTCAGGTTAGGGAAGTC	1
CCTTGCCCGGAACCCACTAA	1
ACCTTTAACTTAGCCATTCT	1
CAAAATACCGCTTCTACATC	1
AGGAGAGATCCGAGAATTGA	1
GCCTCTCCGCACTCTCCCTC	1
TGGCGTAATGCATCGAGTTA	1
ACCGGGGTCAGGCTATTTCC	1
CGTTGGCTTAAGCTCGAAGC	1
TATCGCAGGACATCGAAACA	1
CCGGCGTAAGTGCCGATGTC	1
ACAAAAAAGCGCAGGCGACG	1
ATGTTGCTTGGGACGCGTGA	1
TTTTGTCCAACACGCCCACC	1
ATCCTTTGCCTCTGGCATCA	1
ACATTGTTTATACAAATAGA	1
CCGGGCGTGTTATGTTCCAA	1
GTAAACTACAACTGGATTAA	1
TATTCTTATCATGCTATTCG	1
GGCCTTACGATTAGTAGAGC	1
GTTACATATCACTTATGATG	1
AGAAGCGAGCACGGAGCCAA	1
CCCCCCACGCCATCCGGTGC	1
ATAACCTCCAGACTGCGCCC	1
ACAGAATTATAGAGAAAATA	1
AACCAGATGGATAAAAATAA	1
TAGAAAAACAGCGACCCTGC	1
CCGAACACCATCACTACGTG	1
AAATACCTCAAAGTACAACC	1
CCAACCACAGCACTCTTAAC	1
GATCTACACGCAACCGGCCG	1
TGTGTGCACTTGGTTCGCTG	1
TCGCGCGCGAAGCCACGTCC	1
GCAACCCGAGCAACCTTAGA	1
ACGTTCAAGGTTCCATGAGA	1
ATAATCGCGGACCAACGTGC	1
ATTACACACTTGAAGTTAGT	1
GGACGCATACTGTTTGAAGC	1
AAACGAACCCTTAGCCAATT	1
GACCATCCAGAAAACCTCGG	1
TAAACTGTATGTCCAAAGAA	1
GATTACTCCAGCACGTCCGC	1
GGGCTGGGGTTGGCTCACGC	1
TAGTAAGTAAAAAAGGCATC	1
GACCCGTGTCACAGTACCTA	1
TCCCTCGCACGTCGAGTGGC	1
AAAGGGTCTGATTTCCATCG	1
AATTTTAGACTAAGCGATTA	1
AGTTGCTCGTACATATTTTC	1
TCAACCATCAAACACTTTTC	1
ACTTAACAAACAGCTCTGCA	1
GGAGGGGAAGAGAGCCTCCC	1
AGGTGAAATGTTGTAATTGG	1
TGCGTAGACTACATTACACA	1
ATACTAGCCCAGGTAACACA	1
TACACTCTGCTACAGTGGGA	1
GTATGGTGCGGACTGACACA	1
CTGCACTACTAAGCCCCGTT	1
ACTTACGCGCACATCATCTA	1
AGGGTCCAGTGAACTTGAAA	1
AGCAATTCCGGTTGAGGGTT	1
CAGTGCTCAATGACCCTACG	1
TCCTAAAAGCGGGCCAAGTT	1
GTACAACGGTGGGACTGTTA	1
CATCACACATCAAATAAAAA	1
TAAAGCTTCTCTGTAAATTG	1
GCCCCCTTTACAGGGACAAT	1
GGAACGAACAATGCGTGCAA	1
ATTCACACTCACGTCAAGGC	1
TCATCCACTTGAAGTTTGCC	1
CACGAATGTCCACGCTTACC	1
GACAGTAAGTTTCCACATAA	1
TACAACGACGCTCTTAGAAT	1
CCAATTAATAGCCCTTCCTT	1
TGCGCGCCCTCAGTCCCCCC	1
ACGGATAGGTAACCCTGATA	1
ACAGCGGTGCTTCGTTAATA	1
AGTACACAGCTTTAATAACC	1
TTGGCGACGAATGGATGATT	1
AGTTGGAACGCATAACATAC	1
ACAGCGAGGAAAATGACATG	1
TTCAGGATAATTGGCTGCAC	1
CCGAACCAGCATTCATTAAC	1
TTAGATCCCATCCTGATAAT	1
ACTCGAATCCCCTAGAGCAA	1
TGCGTTGTTACCATGCAGGG	1
AGAGAAGGTTTAGCTTAATT	1
AGTCCTAAAATATACGCAGC	1
TATCAAAGAATGAGTAAGTA	1
ATCGATATCGGCCCGGTCAT	1
ATGGCAACACATATTGCTTC	1
ATCTAAACACCCCTCTGAGA	1
CCCATTCGACCCGCAGGACC	1
GCAACACTGGAGACCCACCA	1
CCAAAAATTAGTAATAGAAC	1
AGATTACAAAAAACCGAAAA	1
ATAATTGCAGTTATGACATA	1
CGAGGATACGTGCAGCATTA	1
ACCCACTGCAATATCAGCAA	1
AACCTGTTTAATTTGTATAA	1
ACGCGAACCTACATGTCTCC	1
TCAAACTTCCTCTAAAATCC	1
ATCATTTCGGCGTTTCCCAG	1
AGCACATCCCCACATTACGA	1
CATCCACGTAGATATTCCTA	1
GGGTGCAGACAATTAAGTCC	1
GCAAGGAGTTTAACTGTAAG	1
TATAATACACACCTCGTTAC	1
ACTTCACCCGGTGACTACTA	1
TCGCCACATTTCCCTGCACG	1
CATAGACGTGTGAAATATAC	1
CGGCTAGTAAACCTCACGCG	1
CGTCCACTCACCTGGGTTTG	1
TGAAACTCAGGACTACATTT	1
GGTGGAATGGAATAACCAGA	1
ACCTGCCTCAAACATGCAAG	1
TCGAATTTCAAAGGGTGTCT	1
GAAGAAACATTAAAGTGACT	1
AAAAAACATTAAGCGCCTAG	1
TACCAATAATAATTTCCCCC	1
TACTCACAATCCTTGCGAAA	1
ATCAACCGAACATATCGTTT	1
ACCGTTAAATTCTGTAAAAG	1
TTTCATCTGCCCCTCAGATA	1
GACAGCGACCCCTCGTAGCC	1
TAACAGGAGGCATCCATGCC	1
TCACTCTCTGCCTTAACACC	1
ACTGCGAAATGATGCTCACA	1
AAGCATCCCCACAACCTAAC	1
ACACACCCCTACTATACGGC	1
TAGTTTCCCAACTGATATGC	1
TCTACGTATGTGGGTTAAGC	1
TAGGCCTGACTCCCCTAACC	1
TACAATCCTGACCTCCCACT	1
ATTGTTTACAGATGGTGAAT	1
ACGACATGATGTGCCGCTTG	1
AAATGCCAATGCATGTCAAA	1
AAGCACGAGGCCCCACTCGA	1
ACGCACTCTAGCTGATATTC	1
TCCTAAAACATACTAATTAC	1
GTGCAATATAGCTTGCACGC	1
GAAAATCTATCAACGCCTCA	1
CGACACTCGTTTTGCTGCCC	1
AGTGGCTTAGGCCCCGTAGT	1
CGTCCTTCACCCGAAAAGGG	1
CCACCTGGCATGGCGACTCA	1
CTACTACGCTCATGTTTATA	1
ACGCGCTTGTTTTGAGGTGT	1
ACCACCGAACGACTTAGGTA	1
TGATCTAGATCCGCCCTCCA	1
GATATCTATGTCCAGTTTCA	1
CCTTACGGAATTATATCTGC	1
ATTTCATACTCTTGCACCGT	1
TTCACGCTCCTGACCCCACT	1
AGTCAACGGGACGGCAAGAC	1
AATTTCCCGAGACTTGTACT	1
CAAATCGCAGATTATACCAG	1
TGAGGCTAAGTTATTTCAAT	1
TAAAATTCTAAGCGACGCGG	1
ACACTGAAGCCCTTTATTGC	1
CCCTTCCCTAACAATGGGCG	1
AAATGTTGCCACGCCCTCTT	1
TTTATGAAGCAGACATCTGC	1
ACCCTCATCCCAGCACCTGA	1
AGCAATTCTAGCATTTAAAA	1
TTTGCAATTACCGTACTCAA	1
GGTAAACGCCCTGCGAGGAT	1
ACGCGCTTTACTTATATAAA	1
CAACCCTAGCCTTTCATAAA	1
AAGGATGTGCGGTAAATATT	1
AGCCATGATGCCAAGTTTGT	1
CGGACCGGAACCAAAAGTGC	1
AATATGAGACCACTGAATGC	1
CCCTTGGCTTTCGTTGGAAC	1
TATATGGAAAAGCAAGGACA	1
GATCTGACGTTTAGAATTTG	1
TCCCGTCACTCTACGGTAGT	1
GCCCTGCGTTGTTAGCTCGC	1
AACATGCTGTGACAAATATG	1
GAGAGTATATAATCTGAGCT	1
CTACCGTCCTACAATAATAA	1
ACCCCGGACCGACCCACCTT	1
CCAACACCGCACTGTTCGGT	1
AGACCTCCCTCATGACTTTG	1
TTATGACCGATATGAAAAAG	1
GGGGGACCTGGTAGGGGCTT	1
GACGAGACCATATTGACGCT	1
CCATTGCTTACTCCAGAATC	1
AAACCCCTCACCTTGACCTC	1
TTGAGCATTTACTTGTACAA	1
ACAGCATCCAAAAATGGATC	1
CTAGAGCTATAAAAAACGCT	1
CGACTTGAATTAGCTACGTC	1
ATGCTTGGTTAATTACTACT	1
AATTCAATGATACGCGCCGA	1
CGCGGGATACAAAAACGGTG	1
CGTGAACCTTTTTGGATCGC	1
ATATAAGATCTGCACGCTAG	1
GTTCACGCGTAACCGCAACG	1
TAACGTACACGAGATCCGAA	1
ACAAAGTAATCACCCACATC	1
TGTCTAGCAACCCGTGGGTA	1
TCACTAGTATTCCCTAATTA	1
TATAACCTGCCCTTTTTACA	1
TTAGTATTACGCTTCCCAGA	1
GTTGTATAGTACGATACAAC	1
AGATTCACTTAACATGTCCC	1
TCCCCAGTATATGCGTACAC	1
AAAGCCTAAACGAATGTAAT	1
GACTCATGAGGCATATAGCT	1
ACCGAACCCCCACCCCCCTG	1
AGCCCCAGTTATCCCGGCGC	1
AGTCGAAAAGCGGCGCCGAG	1
TTTCAACAGGCCGGCACGGC	1
ACGCCCCCATCATATACCCC	1
CCACCCATTGTGCTCTAGAT	1
ATAGAACGAGCCCACCCGCC	1
GAAAGCCTAGCCTCCTAAAC	1
TAGAAATCCCTGAAACTTAC	1
TTGCGCCCCCTTTCCTTTGA	1
CTGTTGATCATAAGAAAGTC	1
CACATGCTCTATATTCCTTA	1
CGCATACACTTGCGACCCTT	1
CAGCCAACGGGAGATCCATA	1
TTCGAAGCTGCTTGCCAGAC	1
ATCTATCATTGTCAAAGCTG	1
GACATCCTAAAAAACACTCG	1
GTGGGGAAGATAAGGAAGCG	1
AAAATGACCCCAAACTCACC	1
AATCCAATTAAACTTGAGGA	1
ACAAAAAATCCCCCGAAACC	1
TACCCAAACGACCACCACTC	1
GTGATGGTTAGAGAAGGTGA	1
CATGCTGGACACGTCCACCC	1
TGTGAACAGAAAGGCGCTGC	1
TGCTTTGTTATTTTGGACAC	1
TCCAAAAACTCAAACTGAAC	1
GGTCGGTAGGCTACATTCGA	1
AGGACTACGCAACACACAAG	1
TTAAAGATGAGAATGGGAAA	1
TATTGTGTGTGTGAATACTG	1
TGAACTCGCGGAGCGCACCC	1
TCCGTCCGACGCGGCCCTGA	1
TTATAAGCAGAAGAATCAAG	1
CAGATCTCGGAACACCAGAC	1
GAGTGACAGGCTGCACCCTG	1
CACTACTCCCCATGCACCGC	1
CATCGGTTACACCACCAACA	1
ACGTATGAGTGATTAACGCT	1
CTTGGAATATATCCGAAAAA	1
AGAGGGATACATGAGCAACA	1
TGGTCTTATCATTAGCCATA	1
AAGAGTAGGAAACCAAACTA	1
ACAACGGAGTCAGCGCCCAA	1
GAAAATATAGAAATTACCCA	1
AATAGACACTCCCTCGAACA	1
CCGCTTAGGGCCCCCACGCA	1
TTAAAGGTGGACAAGTCCTT	1
AACACCTCAGCACTCACTCC	1
CGCGTTGCACGTGCTGCGCT	1
TGCTTGACATGACGACCACG	1
CCATTCACGCAGCCATACAC	1
ACTAACGTGCATGGGATCCG	1
TTTTCGGGTAACACAACGCA	1
CACCTATAAATATTCAGAGA	1
GCGCGAATCTACGCCCAATT	1
TATGCCATTAATCTAATACA	1
CTTATGTTTGCGTTTGACCA	1
TCCAACCGCGCGTAACCTCC	1
CCTTAAGAACCCCCCCCGGC	1
GCAATACCAATGAATCTTTG	1
TCCTTGAAAAAAACACAATG	1
TAAAAACATTGAAAGTAACA	1
CCCTGGTGACACGACATCCG	1
CAGATACGATCCAATCTGCG	1
TCAACAGTCTTGTCTCATTA	1
TATCTAGAGTGGAAGATAAT	1
GGTTCCGTCAACGACGCTGC	1
CCAGCCCGACCCATACATTC	1
TCTCAGATTCGCGATTATGC	1
GTTAGCGTGGTTATTAGTTT	1
TCATTCGGTCTAATGACTCA	1
CCTTACGACAGCTAGTGCGA	1
GATCTACCTATAGCACCAGC	1
CGTAGCCCTAAGGTAGAAAC	1
AATAAAGCAATGCAGAATCG	1
TCTATTAGTGCGAATGAGTC	1
AATCTTATCCACGTCCCAAT	1
TTTAGACAATAGCAGACAAA	1
GTATCAATCCCTATTTACCA	1
AATATATGATTGGATTCGCC	1
ATTAGATCGCGGGTAAGTGG	1
CTTGTCAAACTTCGATATAC	1
GTATGATTCGTGGGACGACA	1
TTCTCACGAAGCATTTACTA	1
AAATGTTACAAGACCTTGTC	1
ATCCTACTACAAACCCGCCC	1
CTTTGGTAATGAAGCGAAAA	1
ACTTAGGACTTACTTGAGTA	1
ATGTCACTCTACATAGCCTT	1
TGTCATTGAAAATACTCATC	1
ATTGGAAAACGAGAATTTAT	1
GGTCCTCTCACCTTGTGCAT	1
CCTCCCCCACCCTGCCCGCC	1
ATAAATCTGCTTGAAACTCT	1
GCATAAGACTGGTAAGACCA	1
TGAAAGGGCGTGAGAGATGC	1
GAAGCGTTCCTTAGAATGAA	1
CCACGATCAATTAGCGTGAC	1
CCATCTCCCACAACCCATCG	1
TCCTACCAAGCATTCCTGTT	1
ACATCACGAATTAATGCAAA	1
AATGTTATATGGTTAAGCAT	1
GCAGGGAGGGGGGCACCAAT	1
AGAAAATTGTCCGAAATATC	1
TGCTCACTAGTTTCTAAACG	1
CGAACCTACCGCACCCTACA	1
CGATAACGATAAATCCGATC	1
CGGCGGACGACTCCGCCCAT	1
ACCTATGGCTATCTGTCAAT	1
CCACGCGATATACAACGAAC	1
ACTTGATGTTCACCCAAGAA	1
TAAATGCGGAGCCAAGACTG	1
TATGCCTCACGGTCTCGGCC	1
ATTATTATGCTAGAACTTCA	1
TGATATTCCGTCGTAGCGAA	1
AGGGGGATCATCACTAATTG	1
ACTAAACGCAAAATTATTAA	1
ACAAATTAGGTACTGTCGCC	1
GGTATCGTATAATTGTTATA	1
CCTGTTGCATGCAGCCCCCG	1
AAGGGCCGAACAACGATACC	1
GAATACAAAACCGTTATACC	1
GAAAGCCACCTGCCACTGAA	1
AACCATTGGTTCCGTTCCGG	1
TTATCTATCCCTCCAAACAC	1
ACCCGTACCACGCCCAGCAA	1
ACCAACCCACTTTCCCACCC	1
CAATAATATCATCGGATCCT	1
AGGTCGGACAGACATAGAGC	1
AATGTTGGTTGTCCATCGGC	1
CCAATGTAAGAAACTCTCAT	1
ACTCGAATTTTTTGATACTA	1
ATATTGGTAAATCCTATGGA	1
AAATGTTAAACGGGATATCA	1
AAGCCCGAGTATAATGACAA	1
GAAGGATTTCATTAAATCTG	1
ACACGCCTGGCACATCAAGT	1
GGGGAAAGGTTAAAATATCG	1
TGGGGCATTAGCTTCAAAAC	1
TACTAGCCATAAGTATCGGA	1
GCTCTGTTTCTCTTTAATAC	1
ACAGAAACAAGGCCGCTCCC	1
CTAAAAGCATGTTATTTTCC	1
TAGTGACTGTGTACCATGCA	1
TTTTAGGTGGTAACTGAATG	1
ATATGGTTTTGCTACAAGTC	1
AGACTAACTCTCTACCCCGG	1
GGAGAGGACTGACTACTACC	1
GGTAAGCCCTGAAACCCCTT	1
TACGACTATATTTACGTTTG	1
AATGATACGAATATAATAAT	1
GCTACTATCCTCACATAGTC	1
TGTAGGGGAATGGCAACACC	1
TGAAGGATACACAAACACCA	1
TGATCCGCCCCAACGTTTAA	1
TGCAAAAGGGTGAGTAACTC	1
CCCCAAGAGGAACAAACGTT	1
CGGTATCAAAATCACCGACA	1
ACCTAAGCGATGCTTGCAAG	1
ACTAGTACTAGCTTATTGCT	1
CGCAAGATATTGGGCTGCAA	1
ACCCTTAGGATTTAAGGAGC	1
ACTGAACACAACATTCCCCA	1
TGCCTTACCATTCCAGATAA	1
AGATTCCTTTGAAAGCGCTG	1
CAAAATTTGAACGAAAAACA	1
AAACAAACGTTACGGTTTTT	1
AACACCTTTACACCAGACTC	1
AGAACCCAAGTGTAGCAGAA	1
ATGTACTAACCCGCTAACCC	1
ATACGCTCGTATCATTTCCG	1
AATTTTCTGCCTACACGCTC	1
CAGAGTAGGCGTAAGGTGGC	1
GGACAGAAGAGCAGTAAACT	1
GATACACATGATACTGTGAC	1
AGGAAATACTATTACTACAA	1
TGCTCCAATCCAATCTTAAA	1
GCAGTAGCTCCTTTATTTAT	1
TTTGAATGATACGCGGAATC	1
GTTCTCGGCTACCAATCGAA	1
ATTACCCCTCTAGCTCCCAC	1
ACTACGGCGTTAGGTTTCTC	1
CATCTTTCACACCACAAGTA	1
CACCTCCCACCCGAGATGTC	1
TTCGAAAATATATTTCACTG	1
TACCTAACCCTCTTCCCCTC	1
CGGGAATGACTAACGCTCAG	1
TTTCGCAACATGAGACCATG	1
CCGTGCGGGGTCTGATCCAC	1
AATCCGAGAACGAAGGACCA	1
GAATTATTCCGCTCACACAA	1
TCACACCCGTGGAACCAAGA	1
TCAGAGGACCTTTTTTGTAA	1
CTATTCCCTCAAAAACGCGC	1
CCATTCGAATATTTCAAGCA	1
AACCTTAAAGGTAAGAAGAA	1
GTTTAAAACTGCTCTTTATC	1
CTGCCCCAGGCATACGGTAA	1
GGCGATTCAGTGAATCGTAC	1
CAATTTAAACGAAGAACTGC	1
CCATTCATCATACCAAACGT	1
ATTATACTTACCCACTTTCC	1
TCTCATTTACTTATAAGCTC	1
GCGTTTTTGGGACTTAATTA	1
TCCCCTGACGAGCCAAACCA	1
AGTGACTTTATCATTCGACG	1
TTTCCCCAACATCATAATCA	1
CTTAAAGCGGAGGGATGAAC	1
CTATAGATCACACGCGGCGA	1
CCTGCATGTATATCTCATAC	1
CCTCCAATACCACACTGTAA	1
AGCCGATACACCGGACAGAC	1
CCAGCAAAATAATGCCTAAT	1
AGCGCCTCCTAACGGGCCAC	1
CCGCCAACATGGAACGGACC	1
CCGTGACTGTACCGTATCAA	1
TCGATACCCAACACCGAAAA	1
AAGTTCGCGCATAAGATGCA	1
AAGTAGTCATTGGTACTAAA	1
ACCAGGATACACGCCGGCTC	1
TAACATGAGCACTACAAATC	1
TGCAATTTAAGCTGACACAG	1
AAACCTAAGTGACCACCACC	1
CATCTGTCGACCGGCGGCAA	1
TCTATTTGCATCAATTTCCA	1
ATCTATATCGAGCCCTCTAA	1
TATTGAAGGAGTAAACCATT	1
CCGAACCCCATGGCAAACCT	1
ACATAGGGAGGGCCCTCGCG	1
AACGCGCTATGGTCAACGTC	1
AAGTGATTTATATCGTTTAA	1
CAAATGCGATTCCGCCTTTC	1
TTGATAACCAATCCTAATGT	1
TTCAATTAGGAAAAATAGCT	1
CACACAGATAGGTACGCTGA	1
GATACATTTAATCCATCGAC	1
CGCTAGCGTCCAGCGCACTG	1
AACACATCAGAACCTGAACC	1
TAACATAAAGTAGCTCGCGA	1
AAGCACCAACTCCCGCGACA	1
TGGTCGACTATGTGTAGGCG	1
GTTAAAAGTCGAACTCCGCG	1
GTCATTGTGAATCCTTATAC	1
GTATTCAGTTTAAACCAATG	1
CCTATGCTGCCCTGAGTCCG	1
GAAGAAATTGGGTACGCACG	1
ATTGTACATGCTGCTGCCCT	1
CCACCACAGCTCTGATGCCA	1
AGTTGATGATGTCATGGCTT	1
ACCCAAGACTGGAGTTTAAT	1
ATAAGTCGCTGCCCACGCCC	1
CCGCATCAATTATTATTTTG	1
TGCTAGCCAGACTTAATGAA	1
GCTTGTTGCACCGGTCGCAA	1
TATTAACTTGAAGCTTGATA	1
AAACTCCAACGTAAGGATAC	1
TAATGTCAAAGTCTTGATCC	1
ACTACCCTTCCTTCCAGACC	1
ACCCTTCCACAGCATCGTAT	1
ATATAGGCCTCACAGGCCAC	1
CTTCACTATGATACTTAGCT	1
ACGATACAAATTTTAGCCCC	1
AGCACTTATGGCACGGCCGC	1
CTTCTACGATCGCTCGGAAC	1
ACTCGTAAATCCCAACTAGA	1
TATAATACAAAACGCGATCG	1
CAACTGGTAAACTTGTTAAA	1
GTGACACGTATACTTCCTGG	1
ATGGTCGGGCGGGACTCCCC	1
GATTCCTTTAAGCCACTGAT	1
ATATATAATGAGAAGTGCTG	1
TCCACACGCTACCCCCGATA	1
GCACCTCTAGCTCCTAATAA	1
ATAAGAAAACCTGCGCGTAT	1
CAAACGTCTACACAGATAAT	1
TATGCTTCCGTAACTTGCAG	1
GAAAACATAAAATAATGTGA	1
GCTGTACAGCCCAAGCTATA	1
AGCACGTAATCGCCAACGAC	1
ATCCATTTAATAGACCCCCC	1
GGTAGGATGTTATCCGTAGT	1
TCATGCTGGGAACCTTTAAT	1
TCTACGCAGCATGCGAATAC	1
GTACAATTAATGCGAAGAAC	1
CTTAAACGGTTGTTCCGTTT	1
GGATATCCGTATGAATTCGT	1
TATTGGTATATGGATGAAGA	1
ACACTTTACAGCCATCGTAA	1
GGCTATACTATCCACATCAA	1
CGATCTACTAATGACGAAGT	1
ATTAAGATCGCATCTCGCAT	1
AGTGATATTAACCTTTAATT	1
TAAAAATGGTCACTACGGGG	1
AACAATCACAACGACACTCT	1
TTAACCCCGTAGTGGCTGTA	1
TTTCACTGCTCCTATGCATC	1
TGAGGAAATACCAACAGCAC	1
AACATGAAGCGAGCTCGGTA	1
GCTCACGAGCCTATGTATGG	1
GTAAAAGGTTAACAAGAGCC	1
TACATTGGTTATACCTAACA	1
AATTTATTTGCATCTTACAT	1
TATACGTCCTGACTACACGA	1
ACGACCTACATCCTGAGGTA	1
CTTAAAAAAACCGCCCTCTT	1
CGTCTCCAACTTAGTTGACC	1
GAGGATGGGCAGAAGTGAAT	1
GAAATATTCGGGAACTACTA	1
ATGTCTTTCCACCGCAGCTC	1
TTATAAAACAAGTTGCCGTT	1
GAGACGCGTGTCAGGACCGA	1
CCTGATTGATATTCTCCGAA	1
ATAACCAACACTACTAAATT	1
AGGCGACTTTAGCACTCCTC	1
GGTCTCCCGAGACTGAATAG	1
GCGTGGCAGTGGTCCCCAAA	1
GTACAGCCATTCATTAGCAA	1
TGACTTAACACGTAACCCTC	1
ATTGAAAGACCACCCTGGCC	1
TTGGTCAATGAAATAAGATC	1
AAGCATCAGAGAAGCGATAC	1
CCAACGGTATTTCGCTACCA	1
CATCGAGACGGTTACCGAGA	1
ACTTACTTCCTGAATTAGTT	1
GCATATATTTAGCCGCGTAC	1
GCCTATACTTAAGAAATATC	1
TGACACTTTGCAAACCTGCT	1
TCTAATGTATGATCATGAAT	1
CTACACGACCCCCCCTTCCT	1
TAAGGCTTGGTAGGCTTTAT	1
AGACACCTAAACCACGACCA	1
GAATGAGCTGGAGACTTGGC	1
AATTACCGAACATTGGTTAC	1
CTCAATACTGACCGCACAGA	1
CAGCTGACCAATATAATCCC	1
TAGCTAATGAATTATATATA	1
CGAACTGTCACCCCAAAATC	1
CCCGCTAACAAGCTACACCT	1
GAACGACCACAACAATCCAC	1
AACCCGGGAAAGCATTGGGT	1
CCGCCGCGGAATCGTCTTTG	1
ACTGGAAAAAATACTCGCAC	1
TTATTAATTGTTCCCCGAGA	1
GGTATTTATCATGGTTAAGT	1
GCACTCTTCTACGGGATTAA	1
ACAAGTTGCCCGCCCCGAAC	1
TCAGGTCAGCAATCTTAGCC	1
TCACCCCCTCATCCGACTCA	1
CCTCCTTTGATATAACAACC	1
GCAGAGCTAATGTCAGACCC	1
TACACTTGGCAAGCGGTCCG	1
TCGTCACTTAGTCATGCTAT	1
AGGACCATACGCATAAGTGA	1
ACTTGAACAAACAATAAAAT	1
TTTTGTTAGAGGGCGCAACA	1
ATTTTCACCATACTAATGCC	1
CGTGCTAAGGATAACCACCA	1
AAGGGACAGATAGCCCTCAG	1
AACACATTATGCGGAAGCTA	1
TAAGAAGTATTAACCCACCA	1
GACCACAATGCGCTCCATAC	1
GAGGAAGTTTCGTATATAGT	1
CTTCAAGGTACGGGTCCCTC	1
AGCATCGTATGGGGTTTGCA	1
TTCGAATACGAATACTCACG	1
TTATGAGAAAGAAGTATAGT	1
GAGCAACACCATCATTACCA	1
AACAGGTGACGCGTCATTGT	1
TGTTATTTCCCGAGCCGTAG	1
GTGTCCGTCGTTCCGGCAAA	1
ACCGGGATCAGGCGCCCACT	1
TACAACCGGCGTTCTCAGAG	1
AGCAGAACTACAACTAAAGT	1
CACAAATGGAGCATCGAAAC	1
TAGGATCCTTGCAACTCAAG	1
AAAAAATAATGTACGAGTTA	1
AATACTCCTACCCACCCCAC	1
CACGCACTCAACACCTTCCA	1
CTGGTGCCCTGGATGCATGC	1
AGATTCGCAACAACGGAATG	1
AAATCTTAGAGACAGTTAGT	1
GTAAGAGCCGAAAGAATTGA	1
ATGCAGATCACTTGAGGTGG	1
TGGACCCAAAACTGTAATAC	1
TTTATCTTGAGCTGTAACCG	1
CTCATTTGCAGTCAGTTTGT	1
CTTCCTTCCGAATGCCCTTA	1
TAGTTAGTAAAGACAAAATT	1
GGACACACCCCCAGTCCTCA	1
TCAGAGGTGAGCGTATAGAG	1
CGAATACTATAGATTTGCAT	1
GTAACACATGGGGGTGTACG	1
CTTGCGAACACTTAAGAGAA	1
AGGGAATGCAGCAATCATCC	1
AACTTATAGGGCACTTCCAT	1
CTCACCTCGTACTCCCACAG	1
GACGTAAAGACAGACGTTTG	1
CTGTCTCACCATTAACTACC	1
GTCCAAGGAGGTACCTAGAC	1
AATACACGAAAAATGGGAGC	1
ACTCGCAATCAAGTAAGGAC	1
AATGCCTAAATTGAGCAATG	1
CAGTACCTCAATGACTCTCG	1
TTAACCATCGCTTCCGGTGA	1
ATTTTAATGCAACCGTATAT	1
CCCGTTGCCCTTCATACTAC	1
TAAGTCGTGGGCGGGTACCA	1
AAGTAAGCTGCAATTAAAGG	1
TGCACCACTAAAAGCAACCA	1
TGCCCCGAGCCACCTAAATT	1
TGACGCAGGTCTCGGCGGCC	1
AATGATATCCGGTGGGAAGG	1
TAGTAGCCACCGATTAAGAA	1
CCCTAGGTACCCTCTCTTCA	1
AATGGCGCATGACCTGGTGT	1
GCCTTAAATCCATGAGTCTC	1
AACGAGAAAGTGGCCAGACG	1
TACCAACAACTAACACCTGC	1
TCATGTGCTAATACCTGTAG	1
AAACTAACCCTCAGAATCAC	1
CTTAACGCCGCTGTGGTAAG	1
AATAAAATCCGAGGAAACTA	1
GGGTATACTACGGCGTGTGT	1
CAAGTACGGGATTACCTTTA	1
ACGGTGAATATGCTTTTTAT	1
TCCCTCCACCTATAGCGGCG	1
TCACAGCCGTCACTCGCTTC	1
TGATCAAGGAGCCAGACATA	1
GGTTTTTTCCTCGTAACTAC	1
ACAGATGGCGCAGATAGATG	1
GTTCATGCATTGCGGAAAGC	1
TAGTATTCGCTCTGTACCTT	1
CCCCGCCTACTCCCCCTACG	1
AATTTACACACAGGCTTGAA	1
TAAACGTGCACCACTTTAGT	1
GTACATCCTTTAGTACTTTA	1
GCCCCCCCACTAAGATCCAA	1
GAGCACCAAGAAATGTATTC	1
ATTATTCACGACCATGCTCC	1
AGCAACACTCCGCGCGGGCA	1
CGAAATTTGCACTCCCTCTA	1
CGTCCGTATGGAACGTAGCA	1
TAAAAACAGGATGTTCTAAC	1
AAAATAGTAAACTGCATCAA	1
TAAAAAAGTTTGTGCACTCA	1
ATAGTAGAAAGCTAAACTCG	1
AAGACTACCTCCTTGAGATA	1
ATCGACTAACGAAGTCAGTC	1
CATGTTAAATAATGGCACAC	1
CACCCCAATCTTATTCCCCC	1
AGCTAACACTCGCCCCCCCT	1
CCTCATTGCAGACCCTTAAC	1
AAAGAACACTTTCCCAACCA	1
CTTCACCAAGTTATATTAGT	1
CCATCCTTCATCAAATTGTA	1
AAGAACCTAAATAGGAACAA	1
CGACCCCCTCCCTGCCCACA	1
ACTGGATGAGTTTAATTCTA	1
GCATAATCAAGGTAACAATA	1
CATAATGGGTTGGCTAGATT	1
CCTTGTACGACTGTTCTAAT	1
CAACTTGTTAAAACCCTTTT	1
GTTGCAAAATATGTCTGCGA	1
CCGAACGATTCCCCCCCTCT	1
ATGAGGACACGATAATTTTT	1
GATTACCGTCACATTAACTA	1
ACTTATTGAGCTTCCAATTA	1
TACGTTGTACCGGGGTCCAA	1
AACACCACGTGCTTTCGAAC	1
AGTACTGTAAAGATTCGTCT	1
CCTCTCCTACTATCGATGCT	1
ATACTCAATCGCATAGGGTA	1
AAATTGAGTTAAAATTATAA	1
AATCCACCCCTTGAGCAGGC	1
ATGTAGTATCCTACTATTGC	1
CCTCCCACTTCCTCTACACT	1
CATTACCAACAATCCCCCAC	1
ACGCTGCGACTTAGAAACAA	1
GACCAATCATTTTGTACTAG	1
AACGTGTAGCTTATACCGGG	1
CGAACACATGATTCTACGGC	1
TAAAATAGAGTAGAACATAA	1
CCAAGGTGAACTAATTGTAC	1
GCGTGGACACGCCCTGGGGC	1
AAGTAGTAGCCCTCATCTCT	1
CGAAATTGAATATTGAGTGT	1
ACGCCTTGTTAAAAGGGAAA	1
AACCCAGCCCACCCCATACT	1
TTTCCACCAGAGAGACCATG	1
AACCCAATAAATTGTAAGTA	1
AAGATACGGCTTGCTATAAA	1
AATGGCAGGGCCAGCAAAAC	1
CTTCCCAACACCCCCCACCT	1
ACTCATATGGCATGGAACGT	1
ACGCCAGCCGCGCCGTTTCA	1
AACATCGGTGGGGGGCCAAG	1
CTACAATGATCAATTGAAAA	1
ACGTCTTTGTTAATGAGTTC	1
TTTTCTTACAAATTAAGACT	1
GTGTGGTAGTAGCAAGGAGC	1
CCTTTACCGAACAGCTGCAT	1
TGATAAAAGTTCCAAATAAG	1
CATGTAATTCGGCTCCAGGA	1
ATACAATAAGCAATGGGGAT	1
TATAGGGTGCTGGGCTTCTT	1
TCGCTTTTTCCTAAGTGGCA	1
ATGGGTCGTGATTGCGCACA	1
ACAGTCCATTACCCCTCTAC	1
CACGTTAGAAAGTTAGCCTC	1
TATTCTATGAATGCCCATAA	1
TACCCTCCCCAAGCCCCAGA	1
TTCGCCCCCACTCTTCACCT	1
ACTCGACCGTGCCAACTTGC	1
TTTCATACACTAGCATGCTG	1
CTTGGAATATGCACCTGTTT	1
GCAGATCTATACACGCATGA	1
AACTAAAAAGATTGGCCCTA	1
GTCCACGAGATGATGGTATA	1
TCAATGAGCATATCGAGCAG	1
AGAGATAGCAACCAGAGTGT	1
TTTAAGACGCACCACAATAT	1
TGATGAATTGATAAGTGTGA	1
TTACTATAAGTATGTACGAC	1
TCATACTCAAGAACACGATT	1
GTAGCCTTGTACCCAAGAAC	1
TGCACGATGTTCATCATAAC	1
ATACTGCTTCACGTTCTCTC	1
TACACACGCAAGTCATGTTA	1
ATTCTTATCGCACTAGTTTC	1
AACGTAATTGTCTTCCGCAT	1
GAAATCCGATGGCTTGCGTT	1
CCACCTTGATTCACTCACTC	1
ATTCAGGGGCAAGAATGTTG	1
ATCCACGCAATAATTGTTAA	1
TTTTCGCGTCGGACCAAGAA	1
CTCAAGCGGCCTCTTGATAT	1
AAACACAGTAGTAGCCGTCG	1
TGAAGCCTGTTTACTAATGA	1
CAAACACATTCAACAGTCAT	1
TTCCACCTCCTTCCAACTGC	1
ACCACCCGGAGTACCAATGT	1
ACTATAGTTCGAAAAAAATC	1
GTGCAACAATTAGTGAGCAT	1
AACCGCGAGGAAAAACACTG	1
GTTACTTCATTGAGCCAGCA	1
TTCTAGTGACACCTTCACAA	1
TAAACAAAGACGAAAGCGTG	1
GCATCGTGCGTCTAAAATGT	1
AACCATGCTCTACTTACTAC	1
CCAACCGTGAGTCAAAATTC	1
AGCCACGGAGCCTATTAACT	1
ATGGAATGCTATAATGCCAT	1
GGATGCACTTAGCAGTCTTA	1
ACACGTCTGAGTATAGTCAG	1
AGTCCGATAGGCAACACTAA	1
GGTTACACGAAGAAACTACT	1
AATCATGGCCGACACTCACC	1
CACAGTCAGAAATATTCAAC	1
ACCTTCCACACCCACCCAAT	1
GGGGATAGTAGCAGCACCCT	1
CCAGAACAGCCCAACACTAT	1
ATTGTTATACATGGAGCGAA	1
CCCTCATTCACGACGCGGAA	1
AATCAACACTGCGTTAACTA	1
GAACTTAATAAGGGTCATCA	1
AAATAATGATTAAATCGACT	1
ACCGACTGAGGCCGAAGCGT	1
CCTACCACAATTAAGATTTG	1
AACCCCCGGTCTTAAGAATA	1
CCATCTATGTAACAGCTCCA	1
TTCTTATAATCATCTGATGT	1
GACATGTAACTTACCACAGC	1
CTATGATTACCACACTAATC	1
AGAACCTCTGAGGAATCCAC	1
GCACACCAGTCACTAACCTC	1
AAGACCCCCAGCACCGCTGC	1
TTTCGACGCATTGACGGTGT	1
CACTACCTAGCCATCATTGA	1
GGTAGAAAATGGCTGCGTTA	1
TTATACAGACAGATACAGAC	1
TTTATTGTGTAAACTTTCTG	1
AACGTATGCCTACACTCCGT	1
TGACAACAATCGATAACGTC	1
ATAAAAGACGTTCAAAAACG	1
GATAACATCCCCGCTCCAAC	1
GTTATAGTTGAACAGCGACC	1
CTCTACCGAGGGTGGAGATG	1
CCTTAGCCCCGCCCGATCCC	1
TAAAATGTGCCACCAATAGA	1
CCTATGGACAACCCCAACTA	1
AATTAGAAAACGTTGATGTA	1
CGTCGGATAGGATTCGTATT	1
ACCAAATCACAGTTCATTGC	1
GGGTTTGCATGCTTAATATG	1
AGAATATATAAGGGGTGCCA	1
AAAAAATTAACTATCGCGTT	1
CTGATATTATAATTCTAAAA	1
ACTATTGCCCAACACGCCCC	1
AAGATATTTGGCTTCCTAAG	1
AACCCTCCATCCGAATAATT	1
ATATCGCGGTGGTATGTAAT	1
TTACAATTACCAGTATTCTA	1
ACCAACAACCGCCACTACCC	1
TCGCAGGGCAAACCGTTGTT	1
CGAACATATATGCAGTCAAG	1
CGGCCCTGTTGTTTTTCGAG	1
ACGCTTGTTTCCGCTATTAA	1
GGACCTCACCTCCTCACCGG	1
TCATAATGACAGTGGACAGT	1
ACCCACTAGATTTCAAACTC	1
GTACGTCATACAAAGGGCGT	1
CAGTCCATTAAGGTTGAACC	1
CATTGAGTTGGTTGGCGAGC	1
ACAGCCTAAATGTTCCAGCA	1
GCCCATCACCCGCCCCTTCC	1
GTACGAAATTGTCACATTCC	1
TGGAATGAAGAGAACGTCCG	1
AACGTTACCAAGATCCCTTA	1
AAATTCTCTAAGCCGCTTCG	1
GCCAACCACCTTCATTATGC	1
GCACACTGAGCGCGCCGATC	1
TCTGAAACTCTCGCTCATAT	1
CCAGACGCAGCGCATAAATC	1
GGATACATACCACTCATTGG	1
TAAACACCTAACGAAGCCAA	1
TCCCATTAATACAATTACTC	1
GTGACCGATCATGTTACAAC	1
GACGCCGTAACTTCTAGACC	1
GAAGGTTACGTACCACCACG	1
AGTGACCTTCCCCTCGTTCG	1
ACCGGCCACTGGTTGCTGAG	1
GGGCACATAAAAGAAATGCG	1
CCATGTACAACCCGCATTTA	1
AGTGACACAACTAGGCCCAA	1
TTTGGCATGTAAGGAATCTA	1
TAAGTAATATCGTCACGCAC	1
GAAATTCAATCACCGACTCA	1
ATCTCTCTCAAACTTGATAA	1
GACGGAAATCTATCGCAACA	1
AATTCCTGGGACGGGACCAC	1
ACACGAGACCGGGCCCCAAC	1
TCATCACATCCACCCCGCCC	1
GTCCCTCAACTCCTCCTGTT	1
AGCACAAAGGTCGACGACGA	1
ATTTGCTACCAAACCATTGC	1
TGTACTCACACGTGCGTGCC	1
GTGAGGGCTGCCTATGCTGT	1
GACTAACGCCACACCCTCAT	1
TGGCGTGAGATCTAGTCGCA	1
TAGCGACTGAGTTCACAATA	1
ATTGGTACTCCGGCAAATCC	1
TATACGTAGTCACAAACAAC	1
ATTTTAGCCATCCCGCTTAA	1
AACGGTCACAACGAGATAAC	1
TTCATCCAGGACACTATGTA	1
TTAACAACAAGACTCACACC	1
TGAACAATAGTTGATATGTA	1
TGCGTCCGAGTGTTCTTAAT	1
ATTGACCTGTCGCTTTACAA	1
CTCTCAATGGAATATCCAGG	1
AAAGTTTATGGTTTATTATG	1
AGAACCTTCTATATGGGATC	1
GCGGGATAGCGGATTAACCA	1
TAGAATTGCACAACAGCAAA	1
GCGTACCGACAAATGGGCGA	1
CTATCGCTCTAAAAAAGTTC	1
ACATCCACCAAAACTTCTTT	1
TACCTGCCGGAACACCGCTA	1
GTTCCTACGCGTACTTCCAC	1
TGCGTGTGATGTATTAATGT	1
GACCTAATATTGTACGACTA	1
CTACCTCTACTTTCCTTATA	1
AATCACTAGAAGATTTGAGC	1
ATCCCCTATCCCCATCCGCG	1
AACATTGTTGCGATACATAA	1
CTTTCCCAATCAAAGATACT	1
ATGGTTGCCGGCGATAGTTT	1
TAATAATGCCCTGATCCACA	1
CCTTACTGCACATTCACCAG	1
ATCTTCCATACTAACTGGAC	1
GTTGTGTGTCGAACCATAGC	1
CACTACAATTACACGCTGAC	1
AAAAACTAAACTTCGAGTCC	1
ATAAATTTTCGACCACCAAT	1
CTATACATAATATGAGCAAA	1
ACGAATTGCACACGTGGCTG	1
ACCAAGACCATGAGAGAATA	1
CTCTGTGGTTAACCCCCCTC	1
AAGTGCGGGCTCCTGGCAGC	1
AAGCATCCCAACACACACAG	1
GTGTTTGCCGTATTCCTAGA	1
CCTACTACGAAGCGCACCGC	1
CTTCTACCCGTATACTACGC	1
TTCCTTAACAATAGTACAGG	1
CCATGTCCGCTTTGCACCCC	1
AGCACCTCACTATGCCACTC	1
CCGCGTAAAGTTAAAATAAT	1
GTAGCGTCAGCATCCACGTA	1
TAGGCCCACGTACCTGCGCC	1
ATTGTACCACCTCACAGGAA	1
TAAGCGATTAAAAAAGTAAG	1
CCGCCCAGAACCTCGCTAAC	1
TAATAAAGATCAAGCAGAGT	1
GTGCACTGAGCTTCACTAAC	1
GATGTCCGACGTGAAAAACG	1
TCATTCGCATTACCACACCG	1
CCCTTGCCCAATCCCACCAC	1
AATAACGAACAAGCTATAAA	1
TTTTATATCCTGCCTCCTTA	1
TGAGCCGACATGAATCTTTT	1
TAACTAGAACAATTTATGGT	1
CCCACATGATACCGGTCACC	1
CCGCTGCGGTAAAAACCTGA	1
ACAATTGACCCGTAACCTAA	1
TCACTAGTCAGCTCAAATAT	1
CAATTCATGTACACCACTTC	1
CCTGATGACCTAAAAGCAAT	1
ATTTAATTCCTTGAAAAATA	1
ACGCGTACGTGCTTAACTAC	1
GGACTGAGGAGCGAATTATT	1
CCACACCACAACAATATCCC	1
TTTAGTAAGTTGGCTCTGTG	1
TGCCGCTGTAGTACAGCTAC	1
ATTAGGACCGGCGCATGACC	1
ATCTAAAAGATGGCATCAAA	1
TAACTACCCGTGTTCGTTCC	1
CCCTGGAAAAATTATGTTCA	1
AAGGATGCAGCGTCCGCTCG	1
CCAAACACACGATATGTCAA	1
TGGCCGTCCCCGTTACGTGG	1
AACATGGCTTCACCTATATC	1
CTTGCGACTTACTTTTACCG	1
GCGTACGGAGACCCGTTGAC	1
TCCCACCCCCGCACCTTACC	1
GAACATCATTTATTACAGAG	1
CGGTTGCCCCAACACGCTCA	1
CATACACTGTCGATATTACC	1
GTCCTTCTTATAGTAACATC	1
CTAACGCCTTGAAATAGTTC	1
AAACACTGAGGTGCAACAAC	1
CGCAACGACCATTAACCATC	1
ACCCCTCCGATATTTGCAAG	1
TAATGTCGGTTCTCATACTC	1
GTGTTCCGCCATTCCAGTAC	1
ATTAACTTCAGCAGCCGCTA	1
CACAAAGCTAAGCCTGACCT	1
ACGGGGGCAGCTTCAGAGCA	1
CCACGCCCCGCACTCCGATC	1
GTGAGACTTATAGTAGTTTA	1
GCATCCCACCCATGCGCCTA	1
ACTTGCACAATTGTCGAGGC	1
GTCCAACACCATACGCGGAC	1
CCCCCCCCTTCACTTTAGTC	1
TTGGAAATTATTGTCACTAG	1
CGTCAAAAAAATAATGATAG	1
GCGTAAGGAGTGTAACCAAA	1
TCAATAGCCACGAGGCGCGA	1
TAGCCGTGCGTCCAGGTGTG	1
TCCCGTTGGTGATATCCCGC	1
ATCGTCTATCCCTGTCACCC	1
CAGTGGAGCCAACCCCAAAC	1
AAATTTGGGAGCGACATTTA	1
CGTGTTCGTAAAAAGAAGAG	1
CCCGACCCTCCTTAGCCTCC	1
ACGATTTGAGAAGAGGCGCA	1
GTGTAACGAACGTTGTGCAC	1
GCTATATTAACGCGAAGTCC	1
TCAGGATTCCAACCTGGCAA	1
TGACTTGGTTTATGTGTTAT	1
CCGAATTCAACGCCCACAGC	1
AAACACAGAACAGACGATGC	1
ATCAGTCGTCTTGCTTCTCG	1
TATGCTCTAAGTCTAGATGT	1
ACACCGATGCCCAAACACAA	1
CGACTAAGCATAAAAGACGC	1
GCATCTGTCATGCGAGCATA	1
ATTAAAAGTAACATTAGTAA	1
TAGGCAGGACGGCAATTCTA	1
AACCGTACTAATTACATAAA	1
TGACAAGGTCGATAATCTTC	1
ACCCACACAAACAATCGAAT	1
CATACCCCAACTAGGTACGT	1
GATCTTGACATAGTCTTCCG	1
GCTACTAATACGACGTTTTA	1
ATGTACAACACAGGGGCCTG	1
TCTTTAAAAACGTAATGCAA	1
CACTTGTTTGAGCATAGTTA	1
CACATCCGTTTGTTGAAATA	1
AATTGGTGGCCGCATCTTAC	1
GCTGATTCCCAGAAATAAAA	1
GCTTCCCCCTAACGCTAGCA	1
CTCGCTCTTCTACCGTCAGT	1
GTTATCACCACCGTCATGAC	1
ATAAGGTCCGTGACTCTCCC	1
GCCGTCCCAATCAGCTACCG	1
AACCTACGTGCCTGTGTTCT	1
CATAAGGAGGATGTCGCCCC	1
GACTAAGGGGAGCTCAAAAT	1
GTCGGGTTTAGACGGCGCCA	1
AGGCTGACACGCAGATAATG	1
CCTGGATCTAACCTCCCCAA	1
CATATGCCTAGAGGCACCGA	1
CCCCCCCTTCCGTGCTACCA	1
AGCCCTACTGTGCGGATACG	1
CGCTAGATGTGACCATACTG	1
GCATCTGCTGTGAATGTCTC	1
TCGGGTGGTACGGCGACTTG	1
CCGCGATGCATCCACGCGTT	1
AGAAGGTAACTGTTGTTTCC	1
ATTTACACGAAAGCTAAAAA	1
TTTAGATAATGTGTGACAAC	1
ACCACCACCACCAGCAGCTG	1
ATCCCCCTGTCTCCAAAACC	1
ACAGCTCAGGCGAATTATGT	1
GCCACCTCACCGCTGTCCCC	1
CCTTTATTTGTTGACATCTT	1
TGCCTCCTTATAACCCAGAT	1
ACCCGCCATGTTAGCCTACT	1
CAACACCACTCACCCAATTA	1
AACCGTGCGCGCGACAGCTA	1
CTTATAGCAAATCAGTCCCA	1
GTATGACTGCCTCGTTTTCT	1
ATCGATTGTGGCTTATATTG	1
AAGAGCTGCAAGGTGGAATA	1
CACCCAGGTTGACATAGCCC	1
GTGATACAATCACACATGAC	1
ATGGAATAGGACAGGGATAA	1
AGCCCAGCCTGCACTAGGCA	1
AAAAATTTATCATGCGACCA	1
CCGGTAAAGCTCACTGACCC	1
CGACCTATTTGCGCGGCGAT	1
AATTGTGTCACCCTCAAAGT	1
TCCAAAGTTACGCAATTAGA	1
TACACTGCACCCTTGAGTGA	1
CGTTACCGGCGACCCCCCGC	1
TGAGAAGAGCAGTGTCTGGC	1
CAAATCGTCCGATTTTGAGG	1
CAAGGGTCCTCACATTCGCA	1
AGCGAAGTATAGAACACAAT	1
TAACCAATCCCGATTGTATT	1
TTCAGATCTATATATGTTAG	1
GAGTCCTGCGCACGCCAGAA	1
CACAACATCAAGTCGTGATG	1
CGCAGAAAACGCTCCAAGCA	1
GCAGTGATTTGATCTCGTAA	1
ATAACCTATCCATTCATAAT	1
CAAACCCGGCGACCAGTATG	1
AATTTAAGGATGTTTTTTAT	1
ACGGAAGTAGCCTGTTCCTG	1
CATGTTGATGGGAAAATGAA	1
TGTTAAACCTATCCCTACTG	1
CCAAAGGAAGTGTTGCCCCC	1
TCAATCTATCCGTGTTTTCT	1
GATGTACCCTGAGTCGCAGC	1
CATTCTTTCGTCGACAAACG	1
ATGCCCTGAACGTTAGTTCG	1
TATGCCTGCCACACAAATGT	1
CCTCTTCGAAAACTTTTCCC	1
TGCCTCACCCCACGTACCAT	1
GCCTCCTCGTAATACTTTCA	1
CCATACAGTGCATCGACTAA	1
AAAAAATCGATTAAAAACGA	1
AGACAATCTCGTTTCCTCCC	1
TCACGGAAGCACGAAAAACA	1
GCCTCAACATTTGGCATTAT	1
CACGTTTCTACCAATAAACT	1
TCGCTCACACCTAACATTTA	1
TCCTAACACAACCACATAAC	1
TCGTAAAAAGAGACGATCTT	1
ACGTACTCTGCGACTAAAGC	1
GGGCTTTTATGCATACACTC	1
ACCTGCTTGGTGCGTCGGGT	1
TGCCTCTATATGAGAAAGTA	1
TCACACCCTCGCTCAACCCA	1
AATCACCTCCCCCTCTTATA	1
ATTTTAGCAGCTTCAGGCAC	1
CGCACGTATTGAGCTGCACT	1
GAACAACATTGGTGGCCATG	1
ACACAAACATAAAAAACATT	1
TCTCAACAGTTACCCTAGAA	1
TTCTATTCGTTCGCCGAGCA	1
AGGGATAGATCGACAATAGA	1
TCGCGAACACTAGAGAGCAA	1
CATCCACCAGTCTTTACACC	1
CTCGCCGACAAATTTAGATG	1
CAACATCTCAGACAGGTACT	1
CTGGTAGAACGACAACGCTA	1
ACTTGCCACCCCCCGCCCTC	1
TTATTAGGTAAGAAAGCCGC	1
AAATGAGATGTAAAACCAGG	1
AGATTAAATGACGCTGATTT	1
GCCCCGTACATCAAAATACA	1
AGCGTACAAGTTACTATGCA	1
TTTCTTTTTACTCCCTTTTC	1
TACCACTCAACACTACATCC	1
ACCGAAAATTAACTATACTT	1
TTCGCATGGTTTCATGTACA	1
TACTGCAAGAAGGCTTGTTC	1
AGAAATGAAGGGAATGCGCT	1
TTATTTTACCGTTATTCCGC	1
GCCTAGCTGTTCAACCTGTC	1
ATATTTCGGTTTCGTACCGT	1
CTTTTACCACGAGTGGAGAG	1
GGCGGTTAAAACAGTACCCA	1
CTTAGTTATAGGGAATCAGT	1
TCAATAGATGACACCCCACG	1
TCCGCGCAATTCAGACAACT	1
TTTCTGTCCTGGCGGCTAGA	1
ATGCAGGACTAGGCAGCCCG	1
TTGGATCCACTCCACACACT	1
GGTTACGTACCACACGAGAA	1
CCATTTAAAGGAGTGAATCC	1
GAGGTGTGCGACCTGTACAA	1
GCGCGATGCTGGTGACGTAA	1
GGATCCTTCGCCGGTGGTAC	1
CACGGGGTAAAAGAGGGCAA	1
ACACAGGTACACATTGGTGG	1
AACAACGAATCCATCTTAGC	1
ACTGGATTACGAAGAAAGAA	1
TAGTTGTCACTTCAAAAACA	1
ACCCGAATACTCTCTCCCGC	1
CATTTGTTCATTCGGAGACT	1
TGCGATTTTGACCCGGTTAA	1
AAGATTTATCAAGCTCCACT	1
CTTCACGTGCACGTTGAGCT	1
CTATAAGTTTTGTCTGCCGC	1
AGTGCATTAAGTGAAGGTGT	1
TGGGCTCTGAGAAAATCGAA	1
AGACGGGGTAGCCACCCAGG	1
CCACCTGCTAATCCTCAGTC	1
CCCTACATACCACTGACCCC	1
TAAAGTACTTTCCAATTTCT	1
GGGGCAACCACACCCCAACA	1
ACAAAGAAAATTGTATCAGA	1
CGTTCCCACTGATAAACCCC	1
GCTCCCTCACTGCCCGAAAC	1
TAACGAATTATCTGTACTAA	1
GTATATTATCCCTCCCTGAT	1
CCTCACCCTTACTCCTATCC	1
CTAAGTTCGGTCCCCCTCAC	1
CGGAGAAAGTAGAACTACCA	1
TAACTTGGAAGAGACGTGAT	1
ACTGAGAACATATTCGCTCT	1
GACCAAAAGTGGGATGGCGT	1
GTTGGTGTAATTTGCCAATA	1
GAATACAATAACAATACACA	1
CACAGAACGCCACGAAGGCT	1
AATGTATAAGATATTCCCTG	1
CTCTAAAACCAAGCGTTCTG	1
CCCGACCCCCCGAGCCCTCC	1
AGACAGACATTTTTTTGGTA	1
TAAGTAAATGTACGCACGAA	1
CTCATCGCATTCTTCCATCG	1
GCTAGCCACGTCACACAAGC	1
AAAAACAACAGGGAGAGCGC	1
TGATTCATGTGACACACAAA	1
GCATAGAACCCACATGCAAC	1
CGCCTCATGTACACCCCGAC	1
GTATTTATCGATCCGGCGGA	1
AATAGAGCATTTCGATCCTC	1
CAGGCTCGTTTATTTGCATT	1
CTCAAATACAAATTCTTCCC	1
GTCGGTGCACCGAATCACCA	1
AGAGCGCGGTCAAGGACTTG	1
TAACAGCGCATGATGAGGAT	1
GCCCTACCACCCAGCTCGGC	1
GTATGAAAACACGTCACACT	1
AACGAAATAGGTGGGGGTCC	1
CAAAATGAACAACCCTACAG	1
CTTCACTTATATGCTCCGTA	1
CCGCATCTCCGCACCCCAAC	1
TTCCCACCCATGAAAACCCA	1
ATACTCCTGATCAGCCTCCC	1
AAATTTAAAGTGACACTTTC	1
TACCCGCTGGAAAGCCCATA	1
TGTACACTTTGTTAAACTTC	1
GGTCAATCCGATTTTGGATA	1
CAAAGAATGATACAAATGGT	1
GCGTAAAGTAGTTGCCTAGC	1
TACGCTTCTTGGCATACCCA	1
CCGAGGGTCCTACCGCCTAC	1
CACAAAGGGAATCGTATCTT	1
CTGCCGAGAATAATAGCGGA	1
TAGACTATAAATCATACGAT	1
AAATATACCTACACTTGCGT	1
TCGGCATTAGAACCTCACTT	1
AAGACCCAAACACGTATGTA	1
AACAGATGATGCTTGGGCAC	1
AACTCAAATTGAATTAGTCC	1
ATAAACCGTAGCACGCTCAG	1
GTTCGAGGGCAACTATGTAA	1
TAATACCACGAAACTCCCGC	1
TTCCGCAATCGTACGTCCAG	1
ACCAAGACCTAACCGTATTG	1
AGCCGACGGTGCACTGTAAG	1
ACATTACCGAAAGCACACTT	1
GAACATAAAAATCACCGAAA	1
GAAATATGACCTCCTATGGG	1
CCTGCCGAAGTACTTGTACG	1
ACCTTCATAATAGATCGAAG	1
AAGATAAACAAAATAGCTAT	1
GAAAGGATGCGATAACCTCG	1
CACGCGAGTACGAACAATTG	1
AGCTCACGCGCCTCCAGCAC	1
CCTTAATTGCATGTGCAGAC	1
AGTGAACATCCTGACCCTTT	1
AATCGCGACGGACAATACAG	1
CAGCAGGAGAACAGTTTCAC	1
TCAACGGCGCCGCACATTTT	1
GCGCGTGCACCGGCAGTGAG	1
ATTATACATTGGACCACCAT	1
CGAAGAATCAGCCTAACACC	1
AGGCCCTTCTGAATCCTTAC	1
TCCACGGTCCCCCTCATGCA	1
ATAGTTTGATCAAGGGTTGG	1
ACCGAGTTTGGGGCTATCTG	1
ACATAACATTTCCCCCACTC	1
GCGAGACCTGCGGTACGCTC	1
CAACACCGCGGCAACACTGC	1
GCGTATATATGCGTCTGAGC	1
CTGGATGCCCATCAGAGATG	1
ACCGTGCCACGGTCGATGAG	1
GGCCGTTACCAAGGCTTACG	1
TTAAAAACCCCTTTCCCCAC	1
GGTTGTTGCTGCAAATAAAC	1
TGGATAAAAAAGAAGATTCC	1
AAACTTCCCCCACTTCCCAG	1
CGAGTTTCTATCCGTTTACT	1
ACCTGCACGCGGACACCAGT	1
AAGCTCCATACATACCTTCC	1
ACTACTCAACTTATCTATCA	1
ACTACTACGTCACTACGGAC	1
TACATTATCCTGGATAAACC	1
TAGCGCACGCTCAGAAAGCA	1
CTTTCCCTAAACCCGAATAC	1
GTCGCAATGTCATTCCTTAA	1
TACGAAAAGCTGATCCTCTC	1
ACACGTTGACGTCAAGGCCC	1
GACCCCGGCCGCCTGCAAGC	1
AGCTAATCGAGATTAGTTCT	1
AGCATCATTGAACTTGATAC	1
TCCAGGAACGCTCAGCGTAG	1
GTACTCCACAAGCCGTCACG	1
GTGAGTTTTGAAACTCTATA	1
GACCGGGGATACTTTAGAAG	1
AACCACCACTGTGCCAACGT	1
TCTAACCAAAACGCTTGCTG	1
TAACAACGGGCAGATAGTAC	1
ACGATAAAAACTACTAGTTG	1
TAAAGATAGAACTCTGACAT	1
CCACACACGCTCCCAATGTC	1
TCCCGAGATAGCATACGGCG	1
TCAAAGCATTTTGAAGACGA	1
GTACGTATTGAATTGCAATC	1
GAATCGTCGACCCCCTGTTT	1
GATTGGCAAGAGGGTCTCTC	1
ACGAATCCCCTTCACTCTTA	1
GATTTATCCATTGAGAAATT	1
ATACACTGTTAGCACAGTAA	1
CTAATCAGCCTTTCGCGGCG	1
AGGCAGTGCGATACAAAACA	1
GCGGGGTTGACCTCGGTCCC	1
GGGCCAAACTTGTCTGGCGG	1
TCAACATGTCAACAAGGATC	1
TAGACTCTTTGCAATTCGTA	1
CCACGGGCGCCCCCTACCAA	1
CGTTCTCCAAATATATACAA	1
ACGTTCCCGTTATAATTAAA	1
GAGACATTGCACCGTTCATA	1
ACTGTCCTTCATAGCGCGCC	1
TAGCAAACCAGCAAGCGAAA	1
TCCACTTGCCACTTAATTCG	1
AATTCCACCGAACGTTCAAT	1
CAACACATTTGACGCTGCGA	1
GCGCGACTTATGGTCTGCAG	1
AATTTATCGGGTGGGAAAAT	1
AGGGCATAAACATTAAAATC	1
TGACTGTAGTCTTGTAATAT	1
CGCGAACACCAGGCAAGACC	1
GGGTCTACCAAGCTTAGGTG	1
GGACTCCACAAAAGCCAGCA	1
TGAATTATAGCGCAGAGTAT	1
AAAGACCATCAGCAGGCCCT	1
AACAAACCAAGTACCAAAAC	1
GCCGACCCGACAAGTGAGGT	1
AACACTATCCAGCGGCACCA	1
AATTGAAACTTGTAGGAGCT	1
ATTTCTGTTCTTGACTTAGT	1
TATTATTGATGGAGAGATTT	1
AGGCCGGGTTAAGGATTGCA	1
TTGCTTGTACGAGACCAGAC	1
CCAAGGACATGGCGTGTGAA	1
GTAAGCGAATTATGTTCCCT	1
GATTGGTAAGAGATTAATTT	1
TCTTACGAAACACCAAAGCT	1
CATCACCGCGCCTCTGACGT	1
CAAAAAATTCCTCCCCAGCT	1
AGGCAGATACACTTCGAGAA	1
TGTTAAATATGTGCGGTTAT	1
TTTTCCAGCGTTGCTTTCAT	1
ACGCTCCCTTAAGCCAACTC	1
ATGGACGAACGGGGTAGTGT	1
CCTTTTATTAAACCCGATCT	1
ACTCGCCGCAAGGGCTGCCA	1
TTGAATGAAACTAAGAAAGA	1
GCAAGTGTATAGAATGCTCT	1
GGGTAAATTGGCTGCAAATC	1
ACATATAGAAAGTCCAGAAA	1
CGTGACCTGCTTCCATTGTA	1
GCATAAATGCTCAATAGATT	1
TACCCAAGCTGTTATGAAAC	1
GTCAGAGCAGCAGGCTTAGC	1
CAAATCCCTCAACAAACTAG	1
CCAAGGTTGCGAGCGAGTAT	1
ATTGAAGAGAGCCGCTATAG	1
GGCACCCGTCCAAACACCCT	1
ATTGATAACGCTACTTACTC	1
CTGGGTAGAACAATAGTCTG	1
CTATCGATGTGGGGTGTGAA	1
GAGTGTTTATTTTGCAGTGT	1
CCCTCAGCGACATGATGGCT	1
AAAACCGCTCCCTACATTCG	1
ACCGCTGAACGCTTCTGATC	1
GCCCCGCTTTGCTTGGCAAT	1
CGGGCTAATGTGAATTCCGT	1
ATCCCATTTGATTGTCAACA	1
GTTGTACACATTTCACCCAC	1
TGTCAATTCGGCGGACGTAG	1
GCGACGCCATGCATCCCCAG	1
CGTATGTGAACAAACACCTT	1
GTGCAGCTTTACATTTTACC	1
TCCCAGCCACCCGTATCCCT	1
AAAGTGTTGCAACAGTAATG	1
AGTTGGGGTAGAGGCTCAAT	1
ACCTCACGTTGCTATCTTAA	1
ATGATAAGTCTAATTCGGTT	1
ATCAGAATAGATGTCGATGA	1
TTTGAAGTTAGCGGTAATCC	1
AGCGAATAGACGCATTTTTA	1
ACGTGCGAGACCACAGGTGT	1
GCCGTAAGCGTCATGGGACG	1
TACTGAACGATATCTTTTTC	1
GAATCCATGTTCAGGTCGCC	1
TATTGAAAAGCTGGACTCCC	1
TTTATGATAAATTTAACGAT	1
TACATTTGTTCCACGACAAC	1
GTTCGTCTTAGCAATTAAAG	1
TACAGGTAATACAAACTCCA	1
TTTTACAATACCGAAAATTA	1
GCCCTTTCCGGAATATAAAA	1
AAGGGCGAGAAATGCTTTAT	1
TCTAGATGTTTTATTTGAAT	1
CCTGCCCGTCACCCACGCTA	1
GCTTTGCCGCTAGTGGGTGA	1
GAATACCGCAACTGGCGAAC	1
AGCGCCACGAAGCCAAATCC	1
GTAGCATTATCCTCTACCGC	1
TGCGAAAAGTAAATTTATGT	1
GCGCTCGAGGGGACATATAA	1
ACGCTTATGGGGCAAAAAGC	1
CCCCTCATCCGAGTATCCAC	1
CTCCATGCATCTGTAATGTG	1
ATACAACATAGCATTTCCAC	1
TACAACCTAAAAATATGCAC	1
TTGCCTCTATCAACCTTACA	1
ACCAGTTATGGGGCGAACAC	1
ACTAATCCCCCCCAATCTCA	1
CCGCAACTAACTTTCTCGGT	1
ATCGATTTCCTCTACCACTA	1
CCTGACCAACTCTCTAACCC	1
CAAACACTTCTCATTTCTGC	1
GATCCTAAGCGGAGGTTGAA	1
ACCGAACTTCCTGTGGTCCC	1
TGATCCGACGTGGAAACTTC	1
TGACGGAACTTTTCACGTGG	1
AAAAGCTGCCATCTGAGTAA	1
TAGAAAAGGAAGAAGGGCCG	1
ATACCGTCCTACCCTAAAGA	1
TTCATTGCAGTGTGTGCTCG	1
AGCACACTAACCCCATGGCT	1
ACGTTACTACTGACTACCTC	1
AGTTGTGAAAGTTCTTTGAT	1
TGAAATATTCCTCACCCGCT	1
ATTTGATTTTCCTCAGATTG	1
TTCCATCCGCTAATGCTTTA	1
AGGGTCGTACTACACCCCTG	1
AACTTCCCCGACCCCCCAAC	1
CGATGTGAGTAATACTTAAC	1
TTAACTGACGAAGGAAGATA	1
AGATGCGCAAGCAGTAGTTT	1
GACCACGACAGGCTGTGAGA	1
CCCAATACCAACTCAGCGCG	1
CACTCTCAAACCGAGAATCT	1
AACTAGACATGGCATTAACA	1
TTCGGGAAGGCGTCTCCCAC	1
CGGTATAGTATCCTTGATCA	1
AAACTAAACACCTCGCTTAA	1
GATATACCAAATAGCTATCT	1
CTACCCGCCCCACGGACCAC	1
AAATATCTGATCCCGACGGA	1
TTCGTACTAGCGGCCCAAGT	1
ATAAAATTGTGTCAAGTTAG	1
TGAGGATAAACATGAAACTA	1
TATTGCAACGTAGCGCAAAT	1
CCCACGCCTAAACACCGCGA	1
TGAAAAACTAGCCGTAATAC	1
TTCCTGCACCCCAAATTTAT	1
AATTCACATCTAGTCACTCT	1
GCTGAAGGGTACACAAGAGC	1
CCAACAATACCCCCGCCTAA	1
CAGGCGCGGACCTTGAAACT	1
ACAAAACACGCCACTTGAGC	1
GCGCAACAAATCAAGTAGAC	1
CGGTATAAGCACTTTAAGCG	1
CAAACTACGATAATCCGCAT	1
AAATTAAGGGTGTCACCGTG	1
CCTCTTCAGCATATTTACAC	1
CCCAAGTCCTGAAGGTCACA	1
ACGAAGGCAAAAACCAGAAA	1
AAAAGTAATAGTAAAGCACG	1
ACGAGACGAACCGAATAAAC	1
AAAACTTAACAAACATTATT	1
ATCCCAGTTAGTGTAAGCGC	1
CCCCCTAAATGGCCCTGTAA	1
GAATACCTCTTCGCTAGAAC	1
ACACTTTTTATTAAAGAAGT	1
TCCATCCATGCTAATAGTGT	1
CCCCTTGGTTATTTTAAGCC	1
AACAAGACCGACTGATTTGT	1
TACCCCTTGCGGCACGCCCC	1
CACTATAGCGCGCGGGAATA	1
GCTTTTTTGCACATAACCAT	1
AAATACCCCATTCCTAAGTT	1
TTTATACGCCTATCACTACC	1
AGATCCTATTCCCACTCCAT	1
TAGATAGCACGACACATCGC	1
AATGATGTATGGGAAGTTAC	1
ACCCAGGATAAACTGACCAT	1
ACTGCAACTAATGAACTCCT	1
ACGACTTACGATTTCCGATT	1
GGAAAATCTCCTTACACCAT	1
GCTGCACTCCGTCCCCCATT	1
AAGCCAAACAGTGAACAAAC	1
ACAGATGGGATTTGACAGTC	1
TGTCGAAGGGGGAACGCACG	1
AGACTACCATTTACGTACAA	1
TTACTACCCAACCTCACAAT	1
ATTCCCAAGAGTTCCATTGT	1
CCTCACTCTTCCAGGAGTGC	1
ACGTAGTATGCTGATATTGA	1
AACGCGCATTCTTAGCATTA	1
GATTAGTTAGCATATAATTA	1
TAGCCCCCACCTTAATCTGA	1
GCCAGGACCAATCCCTATTT	1
ATGTTGTGCTGATCTTGACC	1
CTAAGAGAGATACACGGCCC	1
AGGGGCAATAGACACTTGTT	1
GACGTCACAAAGTCAGCGCC	1
CTATAAGTCCGCGAATATCC	1
AGAGACCCACCAAGCTCTTC	1
CAAAAAGACACCCAACCCTC	1
TCGCGACTTAAGAGAATAAA	1
CGCTTACGTCAACATAACCT	1
GTACTATAAAACTGCCCGTT	1
CATACAAGACACGCGTTTGA	1
GCCATCACAAAAGTAAATAT	1
AGCCACCCCCTCCCTTCTGC	1
TTGGATTACAGTATTACCAG	1
CGCATTCGATTACGACGGAA	1
AACTCCGTCATGCACGCTTA	1
CCAAACTACCCCACCTGCAA	1
ATCTATGCTAATACATCAGA	1
CACGAAATGTAACAACAGTT	1
CCAGCTCGGCTGATAACACT	1
ACTTATAACAGCCAGACTGT	1
AGGTATTAGCGGGGGTACAA	1
ATTAATTCTTATATAAGACA	1
CCCCGCCTAAGCGCCCACCC	1
AGAGAGAATGTGCGCACCAG	1
AGAAGTAATTATTCAAGAGA	1
TTCCCCCCTTTCCGCAACCC	1
CAGTCCAATTCCGGGCGTAT	1
ATCGCCTATGTGCCGACGCT	1
AAGGCAGGATAATAACTATG	1
CAACATTAGAAGCATCACGT	1
AACCGTGCCCCCGGCCTGAC	1
CCGCAATGGCTTGTATAGCG	1
GTCCACCTCGAAATGATTGA	1
ATTACAAGCCTACGTAACAA	1
GGACGCCGCGCACCTCCACA	1
GAATTACTTGTTTAATATGA	1
TGTACGAACGGTATGCAGTG	1
TACGATTGTCCTAGCTGGAG	1
ATCTAGAACGGGGATATAAG	1
CTTGTCCCTTGCGATCATTC	1
TAACTGTATACCACCCGATT	1
CCCCTACTGATTATCAGCAG	1
ACAGCGACAGGCTGCCAACA	1
GCCACAGGGCCCGCACACCA	1
AAGCTGTTCCCCCATACACA	1
TGCACCCTTTTGAGTGAGAT	1
TGCTGATATCACCCGTACCC	1
TTACTGTTACCCTTCGGTCA	1
CCGACTAGACCCGATATCAC	1
AACAGAACAAAGGGAAGGCA	1
CCATATGAACGCGTTGTGAT	1
TCAAAAAGGTCACAAGCAAG	1
TCCGTTCCGACGCAAATCCA	1
ATTAACTAGTAGATAACGAT	1
GTTTCATGCGCCTTAATTAA	1
CCAGAAATAGGTGTCTCGGT	1
TAAAACTTGACCCATAGTGA	1
AGACCTGTGGGATGAAGATA	1
ACTGAAAGACGTTGTTTCCC	1
GGGAGACTTGTAAAAGAACA	1
CAAAGACGAGGAGTATTGTC	1
CTGCGATGTCACCACATAGC	1
GGAATTGTGATCAATGCCCT	1
TGTCCCACTCGTCATTGGAA	1
CCGTGCGCGGGGACGACACC	1
ATACCTAGCCATGCATATCA	1
GAATGCTGGTTGAATACGTT	1
GTTAAGGTGGGATATTATGA	1
GCTAATCCGCAATGCGAACC	1
AAGTCCATATAACGGGGTAA	1
GCGGCCTACGCGCGAAACCA	1
GGCATGACGGCTCTTGAGCC	1
CTCCGTGTGTTCTCTTAGAT	1
ATTGTACCATGGACGAATGC	1
AATTGTTCTAACATGTTAAA	1
AGGTTGAAACGAGCTAGAGG	1
AACGGTTGCTGTCCAAGCAG	1
GACGTAAGGAAAACATGCTT	1
CGTATCGGTCAATAACCGCA	1
TTCAGCTGTCATTTGCCATG	1
CTTCTATTAAAATTTTCCTG	1
TACCAATCTCTACAAACAAA	1
AACGAGTCGCGATAAACACA	1
ATACACGGACGCCGCTCACA	1
CGAAATGCTCTACTCACTCC	1
GCACGCGGAATGAGTGTTCA	1
TCTGCAAATCACGCACAGTA	1
AAAGCACGGTGCAAGGGAAC	1
AGTTAGTGATAATATAAACT	1
ATACACAAATCAGATGGTTT	1
CCTCTCAACTCGCATTATAA	1
ATACTGTTGAGCCTGCATGG	1
ACTTTTAGTATAAATACACA	1
ATAGCCACCCATGCAATAAC	1
GACCATCCTCTTCCCCGCCC	1
TTTGACGAGGCTATACCTGA	1
CGCGAGTGATCCAGCTATGC	1
TTTTTACCGAAACCTATTGC	1
AGGCTATCCCAGTGGTTTCT	1
GGGCACAGCATTTTCAATAA	1
CACATGTGAAGGAGGCTGCA	1
TGCGAAAACACTAACCAAGA	1
ACTGCGTGCTCTATTACCGG	1
TCGCATCCACATAATAATTT	1
CCACACTCATCCCAGCAAAT	1
TTCATCACCAAATCCAGTCG	1
CACAAAGTGAACGTAATCTT	1
ACTACTACCTGCTACTCGAA	1
TCGGCATTGATGATCATCAA	1
CCCTATTAAAAGGCGCAGCA	1
CAAACGGACCTTAACCAGGC	1
TACTAAAGGGGCAAGACCAA	1
GAATATAGGGTAGTGGAGTG	1
CTTTCAAATACTGTCCGTCT	1
GTTCCTCTACACATACCTCT	1
ACCCTCTCGATCTTAATACA	1
GTGACCCACCAAGGTAATTC	1
CAAGGGCTACTCTTCAACTC	1
CATAATACCAGGCAACCCGA	1
TAAAGTCGTTATCCATCCAG	1
ATTATGAACTTGCAGAAAAT	1
AAAAACCACCTGCCGCGGCT	1
ACTATCCCTACATAGACGTT	1
TTCCACCATACCGTATTGAA	1
AAGTTCCGCCCACTTACAAA	1
CAGTGGTCACCATCTCCACC	1
TAAAGTAGAAAATCATTTTC	1
TCCCAATGTTGTCCTCCCCC	1
CAGACCAGAAACCGCTTACC	1
TTCTCAAGCACTGTATCCTC	1
TGACAACACCTCCTCGCGCA	1
ACAGGAACGCTGGACCGCAT	1
TTATAATGCTACTAGTTGCC	1
GCTGACTAGAGGGTACAAGA	1
GTATTGTGTAGTCTTGGAAG	1
AGAACAACGTTCTGAGCCAA	1
TGAACCAGCACCCTCATACC	1
AAGGACAAGTGCCCATCAAT	1
AAATCTCGGTTTAGACCCGC	1
TTGCTTTAGTCGTGCTGATA	1
AGGTATAATGTGAATTGCGG	1
ATGAAGGAAGCTGCTGCTCA	1
TGCTTGTTCCTGTCTATGTC	1
ATCGTTTAAACACGTGTACG	1
GGTTAGTTACTTATGCAATA	1
GCATAGCGTTGGTAACGAAC	1
TGTGAATTGAATGCTACAAC	1
ATCATTATGGTCATTCAATC	1
GACGCTTGAACAATCGCGTG	1
GAGGCGTTAAAATCCGACCG	1
GCACATAGACTGTAACAAGC	1
CCCGTTCCTGAACACCTCTA	1
AACTATAAAACTCCACGTAC	1
CAACTCAAGCAATCCAAAAG	1
ACATTATAATTTGAGGCGTG	1
GACAGCATTGCCGCCCTGGG	1
GCTTAACCCATTATAACACT	1
AAGCCGTAGAAGTGAACTAA	1
TTTTGCCCGCGCGCTGAAAT	1
TTCATCACGTATCATTAGAA	1
AAACCGGCACCAAACAACCC	1
ATCACCCCCACTTATCCCTC	1
TGGCGAGTCAGAGTCAGAAC	1
ATTTCGGCATCACATTAACC	1
AACAACAAAACTTCGATCAA	1
GATAGTCCCAATACCATGTT	1
TCGCGAAGACCAACGTCCCG	1
TCAAGTCGTAAAATGGCCTG	1
AGAGAGAGTACTAGAAGATG	1
CCCTCAGAATCCTGTCATCC	1
TCGGACCCCCGACCGCACCC	1
GTTGCCCCTTGAGATATGCT	1
AGCAGTTGCCTCCCCACAGT	1
ATTGTAATTTTATGTGAGTA	1
CACCGCCAAGAACCTGATGC	1
TCTCATCCTTGTTGTCACTT	1
ACCCCTCCCTGTGAATATAT	1
ACATCAACGTTTCAGTCGCG	1
ATGTGTGTGTTCCGACTATC	1
TAACTGAGGACTCCCAGTTG	1
ATCTAACCCGTGTGGCAACT	1
GGCTTTGAAAATCTTGCACC	1
AATATGTAATAAGACCTTTC	1
TTTATTTGTTCCCTCCTTAC	1
TGACCCTGGTCCCCGTGCAA	1
GCTATATCCGGTACCACTTG	1
TCGTCATTAATGATCTCCCG	1
GTCATCGGAAGTTACAATAC	1
GGTTGAAGTATGACATCCGA	1
CCGCTCCATCCACCGACTTC	1
TTACTGTACGTTCCCTCAAG	1
AAAAACATGACACACATAAC	1
ACAAAGCCCACGCCCCCGCA	1
GGTGATGTTTCTTCAAAGAG	1
CTAACTCGGACACACTTATA	1
TGCTCAAGAGATATAATTGT	1
TATTGCGATGCGCGTAATAC	1
TGTGATTCCCTTACTTGCTG	1
GTTCGTTTTAGCCGGTACCG	1
TATTCATACCACAGCTTGAT	1
TTGGATTAACATTGTGTATA	1
TATCTGGCTTGATTACTCCG	1
ACGACATTGACTAAGTTATG	1
ACAGACGCGCGTACCTACCA	1
ACTCCTACTGGTTGTATTGG	1
TGGATTACAGAAATTGTATC	1
AATCCTACTTATCGCGACTT	1
TAAATACTTCCTCGTCCTTG	1
AAGCTTTAGGCTGTTGAAAC	1
ATGACAAATACAATCCATAG	1
AATAAGAGAGTTCGCGCATA	1
AGCTCAGCATTTATTCTATC	1
CCTACTCCTTACTTCTCGGA	1
CGAGAGCCGCTACACTTAGG	1
ATCCCGGATAGGGAACTGGT	1
CAACCAAAATTATTTTCTCT	1
AGAAATCCAAAAGCGTGTTG	1
CTCACAAGTAACATTTGCAA	1
ACGTTTAAACCCCTGACAGC	1
ATTTCGAAAATATTACTACC	1
TACTGTACCCCCCAAAAATC	1
AACCTTTATAAAGGTACGTG	1
CGAAGATAAGGTATATTTGT	1
CCTCATCCGCCATTCCACCA	1
ACGCCGAAAACGGCTCCACA	1
AAAAACATTTGCAACCCCCC	1
GGGGCTACGTGGCTCACTGT	1
TCATACCGCTGGATAATGAA	1
CCAAAAAACTTTCTTCCCGC	1
CATAATTTCGTGATAAGTCA	1
TTGAACACCCTCCATCCCAC	1
CCGGCAAACTATGTTTAGGT	1
CACCTTAGCCTCTTCTGTTA	1
CCGCGCGCACTCATGCACAT	1
GGTCCTCCCCGCTCTAAACC	1
CACTCGTCTAACGATATCCC	1
AGTCTTACCTGCACTGCACA	1
GAAGAGAGCACAAACGCGTG	1
TACCCATCTTTACCTCTGAA	1
AGGAGTGAATGTTAGGACCA	1
ACACCACATGATATAAGCCA	1
GTAAATGGCCCTTGAATCTA	1
ATAAGCTAAACGAAGCACGA	1
TGAAAACGTCAACGCCAACT	1
ATAATAGAATCACGGTATTA	1
TTGATGCCAATTTTGCTTTC	1
AAAGGCACACCGACCACATA	1
TGTATAGGAAATAACATTTA	1
TGAACACTCATACTCACGAT	1
TGCGGTTTAGGCGAGGCATC	1
CCCCAGGCGTTCTTTACAGC	1
CCAAACATATCCCATCTCCA	1
CGGAAAAGGGAAAATCCCGA	1
GAAACACTGAGTCCAAAATC	1
CTGAACACGTCGACCTATCA	1
TTTTGCCAAATCTGTGTAAC	1
ACATATAAAGTAATTTGGGC	1
GAATATGAATAAAAGAACTT	1
AACAAATATACATGCCATTG	1
CTTTACAGGCGTAACCATAC	1
GTAATGTCCAGACACTGTAC	1
AAAAGAAACTTTGTAATTTT	1
CTAAGTAGGACTGAAACTCC	1
TTACGCTATGGTACTGAGTC	1
AGAGGATTTAGTTCACCTAC	1
TTTTGAAGCCTGCGAAGGTT	1
ACCGTCTTTATAGACATGTT	1
ACGGTTCCCCTCGCCGCCCA	1
ACATAGCGATACGAGGGCCG	1
ACCATAAACCGTACTCTGAC	1
AACACATCTGCTAAATGTGC	1
AAACACTAAACTTGCAAATG	1
ACGATAAGCAAACGTCCACC	1
GAGAACTAACTAAAACCCTG	1
CGCATTCCAGCCTGGACCCT	1
GGTGACACAATAAATCTCCC	1
GCCCGACGATCCTGGTCCTA	1
AACCGACGGTACTTACATGG	1
GTTTTCCACGAACCGAGACA	1
TGAACGGACGGTGAGGGACG	1
TTATACTAGTTGCGTTTAAC	1
ATCCTCTGCCCTTCACCCAG	1
GCAAGATGGTCACGCGTGTT	1
TCGCATATCCTGACGAATTG	1
TGATTAAACGATGATAAAAG	1
AAAGGCGAGTTCCAGCAGTT	1
GGGTTACACTTACACGATAA	1
ATTACTTACCTCGATTCTTC	1
AAAAGTTCGGGTAAGAAATG	1
AAGTTGAACTGGTACGTTTC	1
TGTGATATTGAAGCAATAAC	1
CCCGGACTAATCCAGATAAC	1
AATTAAAATTGTTTTAGGCG	1
GAGCAGGAAACCAGTTGCCT	1
GGGACAAAAAATAGAACCTG	1
TGATCAATATACACCGGAGA	1
ACACCCACCCAAGATACGAT	1
TGCAAACCCTCCGCCCCACA	1
GAGCTTAAAATAGCGCTTGC	1
TATATTCCTCCGATGTAACG	1
TTAATGTCCCTATGGACCCC	1
AACGGACATAATAAGGGCGT	1
AAAATTACCTTGACTCAGAA	1
TCAATTGTTCCTTGGTTATA	1
ACTTATCGACTTCCGAGCTC	1
CCGAAACCCATCCAAAGAAA	1
ATGTACCTGATATTAGGTGT	1
GATTATTCAAAAGACAAAGC	1
TTTGGTGTGAATGGCATATC	1
AGTTGGAGGAGAAGGGACCA	1
GATAGAAGGATCTCCGCTTT	1
GTATTGTGAATTTCAGCCCC	1
GGTTTCCGCACACTAATCCC	1
AGTATAAACTAAAAGATTAC	1
ATGGATCCCACCGACTAGAA	1
ATGTATAAAGAGCCGACTTC	1
GAGTGTGATAACTGCCTGAT	1
CACCCCCATGCCACCCACTC	1
TATGCTGCAACACGCCACCG	1
CAAGGGGTGTCAATCCCTAC	1
ATGCGTAAAGTGGTCCCTCC	1
GGATCACGCAACCCCACCTC	1
GATTCTCCCAAAGGGAAGCG	1
GTCGAGTCATACAACATGTG	1
AATTACGCATAAACTCTACA	1
TAATACTGGGTATTGTTTTC	1
ATTTTGAACACCCACATGCG	1
CAAGATATGCCAATTGCTAG	1
ATCTATGAAACGCAGTAATC	1
TCCTAGCATAATAAACGTGT	1
CCCATCCAATTCCAACAACT	1
TTGCACACTTGATTACCATA	1
TCAGAGACTAACCACCAACT	1
AAGAATTGGTTGTGCCGTCG	1
TATGATGCTCCGAAAGCCAA	1
TGATAACCTGAAGTCCCCGA	1
ATACTCGCAATTGAGGCCCC	1
GCCTCTGCATGGACATTTGT	1
CACTGAGCTGAATAGAGTCT	1
GGCTAATACCCCAGCTCGAG	1
AAACTACCGTCCCGTTAGAT	1
ATTATGTATGAAATGGAGCA	1
AATGTTGTACTGCGCACAAC	1
TGACGATACTTAATAAGGAT	1
CACCCATGGAGACATCGAAA	1
CTGAAATAAAGTGTACAGCA	1
TGTACTAGCCTTGTACCCTT	1
CCAGTAGATCGTAGAACCCT	1
CCGGGTGCAGTGCGATATTC	1
ATCCTAATATTTCTTATTAT	1
CACATTAATAGAAACGGGTC	1
CCGACTCAAATTTTCTTACC	1
AGATCCCTCACCACCCAACA	1
ATTTTGACAGTCTGCTACAA	1
ACAGCCGCTGCATCGCCTTG	1
GTGAATTAACCGTTAATACA	1
AGTACACGTCCGCCTGTGTA	1
TCTAATGTTACCGTCCACAC	1
TACCCCTCAGGTACAGTCAA	1
ATCATAATAGATCCTATTTA	1
CCGGCAACTATTCTTGCCTC	1
TAGATTAGTGGGACTGCGTT	1
ATGCACACTAGTAGTTTCTA	1
TAAACCATTATGACAAGTAC	1
ATAAAGTCGTAGGACAACCC	1
ACCGTTATAGTTTCCAGACC	1
CTATAACCATGGACCTAGTC	1
ACCTCCACGTGCTCCTGTTA	1
TATGACATCACACTTTTTCC	1
CCCGACACTGTTTATAAAAG	1
TCGTACTTTGCAGTACGTTC	1
TCGCCTCCCCTTCACCCGAG	1
CACTGTCATTCACCCTATTT	1
TGGAGACCAGAGATAGGCTA	1
CTTCTTCTTCACGCGATTTA	1
CTGTCCACAGAAACTAAGCG	1
AGCAATTGCTCCCTGCACCG	1
TCAGCATACGGCCTATCCTG	1
AGTTTGAAAATTAAAAACCC	1
CCTGCCATCGTATTGGTCAC	1
CACATCACCATTACTTTTTA	1
TGTCTTATGCTCTTGTCACC	1
GAGGATCAATAAGCATGCCT	1
GTTAACAGTGGGAAACAATA	1
GTTCCACGGCGCCTGTCAAG	1
TAACGGCTGTCCAGTACACT	1
TTGGGTGGCCCCTAATGACG	1
ATGATATTCTCGCACGAACG	1
GAGAACAAACAAAAATAATT	1
GAAATCGTAAACACAATTGA	1
ATCGTTGCCAACGACTACTG	1
GATGGGAAGAAATAGGCGAC	1
AGGCAGGGGCTTGAATGGAT	1
GTACGCTAGAACCGTATGAT	1
TGCGGCCGATACAATCTGAG	1
ACAGCTGTAGGCTTCAGATT	1
TGCAACTTAATATTAAGAGT	1
CAATTCCAGCTTCGATTACA	1
TGCGGGTCAGACTACCTACA	1
ATTGAAAATGAGCTTAACAT	1
GTAATGTGCAATGCTCCTCA	1
ACGTTTAGCATCGCAACCCC	1
CTACAATAACGATAGAGCCC	1
TCAGCTGTTGTATCGCGTTC	1
CGAATAAGTAAAGCTAAGAT	1
GTTAGTGTCCCTGGGAATAT	1
AGACCATGTGATCATACGCT	1
GCACGTCGTATAACGCTCAT	1
ACCGACTGACACCAAGTTAA	1
AGAACATCAGAATGCGTATA	1
CCGGGCACCAACGCGAAAGA	1
TAACTTTGTCTATCGAACTC	1
GAAGTGATAACGGTGGATTA	1
GATTACTTATTGTGTATAGA	1
CACGAAGCGACTAATTCACC	1
GCGTTTATATGCATTGTTGT	1
CCGTGATCAAATTGACTGAC	1
ACACGACAAGTAGCCTGCGT	1
ACCTCAAAACCATATTACGA	1
ATACGTGTTCCCCTATTTTT	1
AGACTCAAACACATTAAAAT	1
GAGACAAGCTCTTTTTGCAA	1
ACTGAGATGTGCCAAACCAC	1
ACGAACCGCCATGCCTACTA	1
TTCGATCTTAAGTAATATTG	1
CTAAAGGTGAACACAGTCTT	1
TCAGATTGTAACACCTCAAA	1
TATACAATTACGTTATTTGA	1
CGAACACGATTACATGATAA	1
ATGCTCATCCTCAAATCTGC	1
TCACTGCTAGACCTAACTTA	1
GGTCCGCCTACCCCTATGAA	1
CCAAACTTCTCTATAAACTG	1
ATCGCATTCCCCAACCTCCC	1
GGTCCCCGACGCAAAGGCGT	1
CATTAGGCCACATCAGCGAC	1
AAGCAAATTATGTTCACGTA	1
AGCCGACCACCCCCACTGAA	1
CGCCGCACCCCATTGTTATA	1
GGGGGGAAAAAAGTAGAAAA	1
GCCCCATATTAGCAACCATC	1
CCTGTCGTAGTCCTTCAGCT	1
GTTCATTTATTCCGGTAAAT	1
ACCACAAGTGCCCCACATTA	1
TTACTTCTAAACTATGATAC	1
ACGCCCCAACAACTCCCCGA	1
TCCTAAAAGGTCTGCTTTAC	1
CCACAAATCACCTACCGCTC	1
TTTTGATAGGCCCACAACGC	1
AAGCAACTTATCAATGGTAA	1
AAGTTTTGTCAAACAATCCG	1
TGCACGCAGTGCACAGAAAC	1
ATCTAGCAAATGATGCCAAT	1
AGTTAGGTCAAATGACGCCT	1
CAAAATCTTCCGACCACTCT	1
TTTGCATCCCTAAGGCCACC	1
TATTAATGCCCAAACGATAC	1
TTCCATAATGAGATACCGAA	1
ATATTAATATTAACACAAAT	1
CCATTTGCAATTACTTACTA	1
ATGCAATAAGGAGTAGCCCA	1
ACTGGTTTCAGGAGCTGAAC	1
TCACCGGTCACAGGTGGTGC	1
GAATTGGGAAATTATCCAGG	1
ATAACTGACACGAATACTCT	1
TGCAGCACTACAAAAGCTTT	1
TTTCCGCGCCCCCCCACCGG	1
AGTGTTAATCCCTACGACCA	1
TAGCATTATCTCATTTGTCT	1
AGTGACCCCCCATCTTTCAA	1
TCTGTAACACTCTTCAAACC	1
TAAGTCTGTAACTGGCTATG	1
CTGGCCACTTACACCTAGGC	1
TTTATAAGGTCACACCGACC	1
TGCTGAACTGCAAAGATGAA	1
ACTAGTAAAGGCCATTTCCA	1
GAATATGTACTACCGGTATA	1
CCCCACCCTCAAATCTTCGC	1
TTCCCTCGGCATCTCGTCAG	1
GACGGCATGAATGGACATAA	1
ATAGGACCCAGGAGATATAC	1
ATATAACCTAGAACCTATAC	1
TCCTCTTTGTTCCCTTTACC	1
CAAAGGCTAACACCTCATAG	1
TAATGTTCAAAAAGTCAGTC	1
AAAAAGTAGGAAAAGAACAG	1
TGTGAGATAAGAGAGGTTTA	1
AGCCTCCCCACTGCCAGACA	1
TAAAAGGGTAACTGCTGAGA	1
GATGAACTGCTTGCTTGCAA	1
TTACACTGCAAAAGAGACAG	1
ATTTCGGCGCACAGCGTACC	1
CCCAACTTTATCACCTGCGT	1
ATCTTTAACACAAGGATCTA	1
AACCCTATCACCCGCCCACC	1
AACCACCATAGTTAGAAAAC	1
GTGATAGTACCCCTAGCTGC	1
TAAATATGTGTGTAAAGGCC	1
GTCCTAGTGAGAACGACAGG	1
CTTCCTTCCTCGCACTACTC	1
ACCCTTGTACTTCGTAGTAT	1
AGCCGACGTCTTTCTTCTGC	1
GCGAAACCTCTTAACTTTAT	1
GCTGAATGGTTCCTCCATTT	1
AAAAATTGTAGACGAGAAGT	1
AATGGTGCGTATAAACGACG	1
AATGGCATGATTCTGACTGT	1
ATGGAGGGTGACCCGGCACT	1
CCGTATGTTGCTACTCGAAG	1
TAAAAAACTCCGCGTTGCAA	1
TGAATGTTACCAATGCATAG	1
ACTTGCTCATCATCTACTGC	1
CTTATAACAGGGATAAAATA	1
TCCAGCAATACACATCCCAC	1
ACGCGGCCCAAGACGAGTAC	1
TCAACTAACATCGCGACAAG	1
ATCACAGAACTTCACCGCGA	1
ACAAACAACAATATATACTA	1
CTGTCCGCCTACCCTGATAT	1
GACCAATCTGACTCATTTAT	1
ACCCTACCGCCAATAATTTT	1
GGTTCATGAAACGTTTTAAA	1
AAGATGTACTACTCGTAACG	1
TGGATAAGCATTGAATACAC	1
AACAAGCTGGCTGCTGTAGC	1
AAGCCGGCCCAACGCGGGGC	1
TCTCAACCAGCTATGCGCCT	1
CATTAACGCTCCCGCCTAAA	1
AAATAGGTTTGGCGTGGCGA	1
AACCACCGCAGCATGAACCC	1
GATTTAACCATGCACGAACA	1
ACAACCAAACCTAATAGGTA	1
GCACTTGATATGCCCTAGGT	1
ACGATTCGGGAAGAACTAAA	1
GACCTATGGATATTACTAAT	1
TTTCTCTTATCATGAATTAG	1
GGATTGGGGTAATGGGGATA	1
ATGCTGGCTACCTCACTCTC	1
TGCCTTAAACTCATCACTAC	1
TTATGCTCTATAAAATACAT	1
CTAGCATTGTCTACTTACTA	1
CCATAGGCCGCCGCAACTGT	1
AAACAGTAATTACCATCCCC	1
CGCTACTGGGAGTCAGGATT	1
CTTTCATAGACAAATTTTCC	1
AACGGTAAACTGCCATGAGA	1
TAATCGAAAGAATATCAATT	1
AGCTGATGACACGACTGTAC	1
ACTGAACCCAATCCCTTTCC	1
TGATCTCAACTCATCAGCGC	1
GAAAAAAAAGCCAAGTTTAG	1
ATACTCCATGGTGGAACCAC	1
CTCTCCCTGGAATGACGACA	1
TTATACACGTCTAGTTAACC	1
CTTGTAACCGAAAGAAAAAA	1
AAAGGATTACAGTATCAATA	1
GAAATGAACGCTCAGTCTTT	1
CCACACCACCCACTAAAACC	1
GATGCAATAAAAGTTGAACT	1
AGGATATTGCCTACACGCAA	1
AACCGCTTTTTCCCTGCTTG	1
AAGACACTCTATTGTATTGC	1
AAATACTGCCGTCCAATTCG	1
ATTACGTCCCAATATCATCA	1
ATATAGGGCATTAACCTCAG	1
AGGACTTTAAATAAGTTTGC	1
AGTGACGCCGATTGGCCCAA	1
ATGCATGCCTAAAACGACCG	1
TAGACAGGAGCACTAATCAT	1
TGGTCTATGACGTTTTTGGT	1
AACGCTAAATGGATGTTCAC	1
GCACACTGGCGCTTCAGGTC	1
ACGAAACGAATGTAGCCTTG	1
GTGATGCCAAGGCCACGAAG	1
CCTATCTCCTACACGATCCA	1
TTCTAGAGAACGTATGCGGT	1
AGCCTCGAAACTATCACGAG	1
CCATAGACACACTCCCCCCG	1
TTCACCTCACATACTGCCCA	1
AGAAATGTACACCAACCACC	1
TGAATGGATACCGTAGGTGT	1
GGGCTTGACCGACTACTCGC	1
TATCGCCATATCGCTGACGC	1
TAGATGTTATTGCCCCAAAA	1
ATGGGGCTAAGCCGTATTGG	1
AACAAACTAAAAACATTTTG	1
CATTAAGACTAGTAAAACAA	1
CTTATACATAGATCCCCTCT	1
TGGTTAATATTCTATGTTTT	1
CCATCTTTGATATCGTACAA	1
GTTCACCGAAGGATAACAGA	1
TTGTCCGACCTAAACACTAC	1
AGTTTTACTGCAATCGCTAA	1
ATGCACAATAATAAGTCAGG	1
AGTTAACTTTTGTTTTCGTA	1
TCCGTCTCTCACCCGAAGAA	1
CCTGAAATGCATCTCCTCAT	1
CCCGTTGAGTATCACGTAAC	1
CTATATGCTACTTCGGTAAT	1
GACATGATATCCAACACTCC	1
ACCGCTGTTAGTTGATCTCT	1
AGCAGTGCTTAGGAACAGAG	1
AAAACCATAACAAAGATAGC	1
TGTAAAACATGGGTACCCGA	1
TGAGCTGCGCAAACACACCG	1
GCGCACTGGACTGCTTACAA	1
ATGATACGGATGCCAACTTC	1
GCCCCCGCACCCCACCCTAA	1
GTACTTGCGATGCCGCACAG	1
ACGTACTTAGACGACAATTT	1
CTGTAGCCTTCACAGTCGTC	1
CTGCCGGGGGAAACATCACC	1
ATGTAGATTTGTGCGGTCAT	1
CCACTTTCGTCTGCTCCGCC	1
TAAGCCCAACGCCGCCTCGA	1
AGGTAACATGTACGCAAATT	1
AAAGCGGCGGCCCGACGGGC	1
AAAAAAAGTTCCCATAAAAC	1
GGCACAACGAGTTAGATTTC	1
CCGTAGAACATCTACGTTGA	1
GCGACACCCTCTCACTCATT	1
CTACCTCCCCGTTCGCGAAG	1
GCCTCTCAAGACTGTCTCGC	1
TCCATAAAACGACCTAGCGA	1
AACCACCCCCCTGCGTGTTA	1
ATCCAGGGACCACCTAAACT	1
AACACCCGCTTCCCGTTCAC	1
ACACTCTGTAACAAGCATCT	1
TTGGTACTTCCCTTTCCGTC	1
CACGTCCGTTGCGGCTCCGT	1
CGACATAAGTTCGCTACTCC	1
CTGCCTGTCTTCAGTATGCA	1
CACCGACGGCCTCTACCATG	1
GATCGATAATGCTGATGTAA	1
CCCGGATAACACTACTGACA	1
TAGAAACATTGGGTCGTTAT	1
TTAATGCGCTAAGTAACATA	1
AAACTGCCTACAGGCGACCC	1
TGGGAATGTGTTCTGAGGAA	1
GACTAGAATAGCTCGGCATG	1
TTTACTTTATCACACGGAAC	1
ACTTGGTTTTCCCCTGTATC	1
ATAGCTGGGGAACCACGACA	1
ACCTCAAAACGTAAGGAGGA	1
CAAAGCCCCACAATCACGCT	1
TTCGAGTCGAGATCGCTGAC	1
CTCATCAATGTAACCCCCTC	1
TGCATGGTGTCACTATTATC	1
AACAGCACTGTTAGCATACC	1
AGCTACAGCCTTCACTTTCC	1
AATAAGATGAAGTACCCCCA	1
GACCCATTGTTCCCCACTTT	1
ATTAAGCTTTAAAAGTTCTC	1
CCCAACTATCCCTGCCCAGC	1
TGAGTACCTCATTCAACCCC	1
TTCAACTCGCATCTAATTTG	1
AACATACGAGTACAACCACG	1
ACATTGTGTTTGAAGCATCT	1
CTTACCACCAGCCAGTCTCC	1
GCAACCACAAAGCGAGATCA	1
ATTCGACCACGGCCATCACC	1
AGCCAGACTTGAACCAACAT	1
TAGGCATTGCTAGACAGCGT	1
AAACGTTAACCGACCCTCTT	1
GCGTAGAGGGTATACATCCG	1
TTAAGTGGAGGGTTTGAATT	1
GTCTTGCACCGCTCCGCGCA	1
ACGACAAGGGAGGGTAAGAA	1
CAACGATCGCTCGCACTTAC	1
GCATTACCCCCTCACTGCTA	1
GCCCTGAGGGTGTTCACTTA	1
ACGTGAGAAGGATAAGAAAA	1
ACCTTTCTCATGTGAATGAT	1
GGAAATTTACAGCATATCCC	1
TATCAGCATGTTGTCAAGTT	1
GCTCAGAATTATAGTGAAAG	1
ACCATTGACTCGTACTACCT	1
ATGTGTAAACACTCCTATCC	1
CCCCCCGAACAGGGAATAAC	1
AGACTAGTCCGGCATTTAGA	1
CGATGTACCTCATATGAGAT	1
CACCTCACAAATCAGTGCAC	1
TCATGTGCCGCAGTGCGAAA	1
CCCCGCCCCTGACATGCTAC	1
AGTCGTTAAACCGAACAGAT	1
GTTCAGACTAATGCTAGAAA	1
CAATTAGTTCCAGAACCTTT	1
AAGCAACAAGACATCATTGC	1
TATCGTTCGCATAGCATATA	1
CTGAGACGCAATGTATGACC	1
TTATATAGTCAGGGATACAG	1
AGCTCACCTGGTTACATGGT	1
AAAAGATCATCCGCCCTCCA	1
ACCGGGCTGGTACAGCTCAC	1
TTTTAAATAAGTATCTACAC	1
ACACTCGGAGTTGACAAGGC	1
ACAAATAATATGCCGCTAAC	1
CAACTACCTGCATTCTATTG	1
TAAATATAATTTAACTAGCC	1
TATGTGCTGCACAATATGTA	1
AATTAGGCGGCGGATCCTCA	1
AACGTTCCCCCAAAAGCTTC	1
AACTATCAAACCACAGATGG	1
AGCACACTTCTCGCGAGAAA	1
GAAATATCAATTTGGAAAAC	1
AATTCCCCGCGAGCATCTCA	1
TTGTCAACCTCCGAGATTTA	1
AATCAATATACAGATGGCCA	1
GTTGGGTGAACAGGGGCGTA	1
AAAGCGGCACATATCTGTAG	1
ACATTTGAGATACAAGAACC	1
ATAAACAAGCAGAACCCCCA	1
CCCGCTCATCTATTCCTGTA	1
AACAACTTACTGGATTCTTG	1
TAAAATGGAAGTGTGAACGC	1
TAGGAAAAAGTTAAACCTCA	1
TGCCCCAAAGGACAATTACG	1
ACAGACGCAAAGGAGGCCCG	1
ACATTTCATTACTTCCTGTT	1
TGACCTCACCAACTACGCGT	1
TGTCTGCTGCTAACATACTA	1
CAGCCATGAAAACGTTCCAT	1
GTTAAGCAAGTGATATTGAT	1
ACCATCCGTCTCTTCACCCT	1
CCTCACAACGCCCCCAACGA	1
AAGTACATGAACGCGACGCC	1
TTGTATTCCACCACACAACC	1
ATGCCTTAAACGTTCTTGCC	1
AGCAATCCTGCCAAAAGACA	1
ACGAATTCAAACAGTCACAG	1
CAAACAGAACGAAACAATAC	1
ATGCATACTAAATTCATTCA	1
CCCGCACTTGAAACCCGAGA	1
AGCGTGTTGTTGACTACCAC	1
GTCACAAAGTATCTGAAAGT	1
AGTCAATCTGCCTGAACCGT	1
CCCAGACTTTGTACACGTTA	1
CGATAGCATACCCAAGTTAT	1
TCCTGACCTAGTAATCGATA	1
TTCCAGGCTAATACCCCACG	1
GGTCCCCAGAAGTCCAATTC	1
CTTTAACGCATACCCTCAAG	1
ATAAGACAAGTGCACTACCT	1
TAACTTCATAGAATCAGATA	1
TCATTGGACTGATATCGAAG	1
CGAAATGATGTCTAATGATA	1
ATGCAACAAGTGCTCCTAGA	1
GCTTTAACTCACCCCATCTA	1
AGACTAACTCGTGAATATAC	1
GCGCCTGTTCACGCTAAAAA	1
CAATACCCCTCCCAACAACC	1
TGGGATTGAAGCTGGAATAA	1
ACTGTCATATACACGTACAC	1
ATACTTCGACGTTCTTATTA	1
ATGTGGGTAGAAGTAAAACG	1
AAACGCCGCAAACATCCCTG	1
CTCGTCCTACACGTATATTC	1
GGTGCTAATTCATAACACTT	1
CTACTTTATAGCAAAAAGAG	1
GCGTGCTGGGATTCAAATAT	1
CGCATCATAGCCTGTAGCTA	1
TGACATTAGCAACATATTGC	1
ATATATCTAAATAACGTTCT	1
CAACCTCGTTTCCGCTGAAG	1
ACGCCACTCTTAGACCTTGT	1
TCCAGAGTATATGATGATGT	1
TCATGACTTGAATAGCCCAT	1
AAGCAAGTGGGGGAGACGTG	1
ACAGAAATGAAGCTCCAATT	1
TAATAAACTGAGAAACGTAC	1
CTCCATGACCCTGCCCCTTA	1
TATATTAGATTCATAATTAC	1
AGCAGGGTCCGATACCACAC	1
TATATTGCGGGTATGGTTCA	1
TGAGTGATGCTACATTTTCG	1
GTTGCGGTCGACAGCAAGCT	1
TACATCAGTCTCTGGAACCA	1
ACCGCACACTTGTAAGCCAG	1
ACATTGTAGTATTGCAGGTC	1
AAACTTATACTCGCCCCCCG	1
TGCTGTCTCGATGAATCAAG	1
TTATACCAACACCTGCTTAG	1
ATACTCACGAGTCAAGGCCC	1
AAAAGTACTAATTTTTTCAC	1
CTTGAGACCCATAGGGTAAG	1
CCTAATTATCGGGCTCACTC	1
CACTTACAACTATTGCACAA	1
AAGCCTCTGGTGACGACTAA	1
AGCGGAGGTGCCATGGGAGT	1
GCATCTGACTCAACGATGGA	1
ACTATCGTTATCCGCAACAC	1
CTTAAGCACACCCTCCACGA	1
CCATATGTAACCCAGTCTAG	1
TAGAAAACAAGCCACTGCCA	1
TTAGCTGCTGCGAACAACCA	1
GTGACAGACAATGAGAGCTC	1
GAGTAAGTATTTAACACGTA	1
ATAGATGGCGCGCGTAACTG	1
CTGTTAGATACATATGCTGA	1
TTCTTAGCGATTTTTTTACC	1
TTGGGAGATTATATCATTCC	1
CTAAGAAATTGATGAAGAAT	1
CATCGCCAACAAGCAGATAA	1
ATAGCCGAGAAAGACAAAAA	1
CAAAATCACTCAAACACTGA	1
CTGTCTTCCCAAGTTCTTTT	1
ACAAAACGATGTGTTTACCC	1
ACCCCACAGGGCGACCACTT	1
CGTCCATTAAGGTTATACCA	1
ATGCGTTAGTCACGACACAC	1
TTCTGCTGGTATAAATGCCT	1
CGTACTTAGCGCGGGCACCT	1
TGACTGCAAGCCGCAAGAGG	1
TAAAAAATGACGTATCACGC	1
CACATTAGTATAAAAACTTC	1
GCGAAATTGGGAATGCAACC	1
TTTTCGAACAGAATTCCCGA	1
ACCCTCCGTTAAGAAGCTCG	1
TGTTCGGGGGTACGACAGCA	1
AGTGTTTTTCTGCGCATGTC	1
TCACTACTGTGATGTACATG	1
ATACTAGAAACTGTTCCCCT	1
AGTACCTCATGCGACCACCC	1
GATACTTCCCTGACCGATTA	1
CATCCTCTCGTGCCTCTTCA	1
CTCAAGGGAATACCCGTTCC	1
ACTGACCCATAATAGCGTGA	1
TTAAAATTGTCAAGAAACAA	1
AGGACCTTTTGTAGAAGGAC	1
ACCCCCCAGTTTTTATATTC	1
ACTCATTACTATCCCGCCAT	1
GCCCTCACATACAATCCCGC	1
AACAGAGGCTAAGACCCATG	1
GTTGATGAAGCTGTCACGAT	1
AGCCAGCACGATCTAATGCA	1
TAGTGACTGTGTCATAAGTA	1
ACTCTGCTAAGATTTAATAG	1
GTAGTAAGAGAGTGAATCTA	1
TAAGATGAGGACGCTTAAAG	1
CGTACAATTCCAACTTCACC	1
TACCCCTCTTTTATTACAGA	1
TAACACGCCGTCTAGTGTTC	1
ACCGCTACTTTTAAGTGGTG	1
GCTCAACGGTAACTTCCAAA	1
ACCAATCCCCCAAATTCAGA	1
TTGCGAATGCTCAGATGCTC	1
ACCCTTGTTCTGACCCCGGC	1
TACATTATCGACGCTTTTAA	1
TAGTTGCGAGTGTACCCGAT	1
ACCCTGTTATCTTCCATGAC	1
TAATTGCCCGACGTCAACTT	1
ATAAACACCCTATCGACTAG	1
AGGGATGAGAGGGCGATTCT	1
AATCAAACACTCATATACAA	1
TGGGATGTGACAGTAGCATT	1
GTAATTAATAAGCCCCACCC	1
GCCTTCAGGGCTTGGTCTGT	1
TTAACTCGCCAATGTCAGGG	1
TAACGGAGACATTTCCGTAA	1
GTCATGGCTCCCTAACCCTT	1
AACACCGGTTTTTTTTCCCA	1
TGAAGATGTACGATTGGCAA	1
TATTATTTCGGCCGTATCTT	1
TTAAGACAAAGCTATTTTCG	1
AGAATTAATAATCAGACAAT	1
ATAGATTGAATATACTTACA	1
AAGTTAGTAGCGGGCACCCA	1
AGATCCTGTAAGCAGATCAA	1
GAGCCGTCCGATCTCTCGAA	1
ACCGTGGTGCTCCATAGGTA	1
TGGTTCCGCCTCAAATATCG	1
CTTTCCCTTGAACCCCAACC	1
ATTTGGCAGTTGATAGCGAA	1
CTTTAATAGGAGAAAACCGA	1
GCACCCCACATAACCCCAAA	1
GCCTAACAAAGTTACAAACT	1
TTCTCAGGCACTCGAATCGC	1
GTTTCGCAACTTGGGAACCG	1
TGAAAATTGCAGACCTGTTT	1
AGCAAGTTCACGTACCAATC	1
ATAATTGAATCCGTCCATCA	1
CATTAACGGACACCTCACCC	1
CTGTCGTAGATCACTAATGT	1
AAGGCTGGAGTTCATGGGTG	1
TTGGTTATTTTTGCAGAACT	1
GGTGACAATGAAGAGAATAT	1
CACACTAGACTTACCATGCC	1
TGACCCTACACACATATACC	1
ACGAACTCAACGAAATATTG	1
TTCTGCGCATTTCCTCCTTA	1
CGACAAAGAGCAATAGAACC	1
ACGCATACTCTTTTTTTTCC	1
ACACAAGCACATATAAAACT	1
GATGTGCAAAGGGTAAATCC	1
CATATCAAGGATGCCTCCGT	1
ATGTTGAGAAGCAGCACATC	1
AAGTTACACCAACCTAGATT	1
CAATTACATCCGCTTCACAC	1
TAATTGCTCGCACCTATTGA	1
TGAGTAACGTGGGATGGCCC	1
TGCACCCTACGTTGGTGCAT	1
CGCGATGAAGCAGCTTACGC	1
TGACAGGAAGCAAGCTCTCG	1
ATATTTACAATACACACAAA	1
CCCATCTTCTGGAGACACGC	1
ACCCAAATGCATACCGGGTT	1
TATACCGTTAAAATTCTTAC	1
AGAAGATTTTAATCAGGATA	1
CACAGCAATCCGGCAGGCTT	1
GGATTGCTAATAGCTGTTAA	1
CTCGTTATTAACCATAGCAG	1
TTCAGGGACAGTGTTTGTTC	1
CAAGCCTTTTCGTACCTCAG	1
CAGTAGTATCCATCCACTTT	1
TCCCCACTGAACGACCCCAC	1
GTTCGCCCTTAATGCCCATT	1
AACTTAACGTGCATAGCTTC	1
CCAAAGCAAACAGGAGCGAG	1
TCACCCCTTCCACAGCAACC	1
TTGGGAACCGCCCGTAGGCG	1
ACGAATCCCCTACATAACCC	1
GACCGAGGCTAGAGGACATT	1
CCCTTAAAATGAAGTAGGCA	1
GATGAAAATAGTAAACATCC	1
CCTACCGACGTCCATCATAA	1
TTTGATGCAACTTCCAGCTC	1
GGTGTACCACTTTAAGTAAT	1
AGCTGCGATGCTTGTCCAAG	1
TTCCGCGTACAGCTTTATCA	1
CCAGTATTCATACAAATCCC	1
GCGGTTTTAAGGTGGATTGG	1
CAAGTTCTACCTAATTGTGT	1
ACAACGCTCCCAACTATCTG	1
TTTCAGAAGAAGTTGCTTTG	1
CAAAACGCTAACCTTTTGCC	1
ACCGTGGAATGATACACAAA	1
GAGTAACACAACTTCCACAC	1
GACTCCCTGTAAATGGAACA	1
TATATAGCCCTGTGGTCCCC	1
CCGAGAAGCCCCCCGGTGCG	1
GCGGTATAAATTCTCCACAA	1
CGCGCGGACAACCCAGTCGA	1
TCTATCCCGAAATGCTTCAT	1
ACACCCCCGTCGAAACATCC	1
TGAACCACTCATCTTTTAAT	1
CGTTCTACAACCCTTTCGGC	1
CAGGTAGCTGGCGACTAAAA	1
ATGACATTGCTAGGTGTAAA	1
TCTAAACACTCTTAGACACG	1
TGAAGATAGTCGGACAACCG	1
TATTCAACCTAGTCGGTTCA	1
GAAGAATGAATCAGTAGCAT	1
ATTCACTTGTTTTGCTAGCC	1
AAGAAGTACAAAAACTTTTC	1
AGAACGCTATCCCGCACGAA	1
TGACTTAGAACCCTTCAAGC	1
ATGATGATAAGATTCGCTGC	1
GATGCCCTCAGCCCCCCAAC	1
ATATATCGGAGTTGGTGTTT	1
ATTAGCTAAGAACATAGCTG	1
TACAGTCCACCCTAGCCAAC	1
GTATCTATGAAGCCCCTACT	1
TCTTAAACGTTATCTCCCTA	1
ATCAACATTTTACTCCAAAC	1
AATCAGATTAACGTAATATC	1
AAGCGCCTTGACTGACTGAC	1
TAGAGGCCCCCCGCAGCCAC	1
CCGTTAGTTCCTACTAGTTC	1
GCCGATCAACAATCAACTTA	1
TCCAATGGACGGGTGATAAC	1
ACCCATTGCAATACGAATAT	1
TATGTTAAATCTCTGCACGG	1
GGACCCAGGGCCTAAAAACA	1
TTCTGGTAGTATGCGAAGAT	1
ATAAGGTGCATACAGCAGGC	1
GCCCCGCCGTCGCAACTTAG	1
GTCACTAATATTCCATACCT	1
TATATAACGAAAACCCAGGA	1
CATTCCATTTAACACAATGA	1
TGTGCATATCTATAACACTG	1
AGGCGCCACCTAACTTCACG	1
TTACGACGGTGCCATCGCCC	1
ATTCATACCGGTTGTGCGGA	1
TAAAGACAAAAGGCCTATAT	1
CCTCACCGTAACATATACAC	1
AAGCACGGACCCCATCTCCA	1
ATGTGTACTCAATGACGCCG	1
CGTGGTAGCCAATGAATAAT	1
TTAGACGTTCGCAAGCCCGA	1
CTTCTTTGGTTCTTCTCTCT	1
ACATTAACCCTCCCACATGC	1
CTGTGCACATATTAGAAATA	1
ACAGTACCAACGGTTAAGAT	1
ACATCGGCATTATGAACATA	1
CCGCGAAATGGCATTGTGCC	1
CAACTACCTTGCACGGGTGC	1
ACCAACTAAATACAGCCGCG	1
AATTTGTGGAACTCCATCCC	1
GGGTCCGCATATATGGTCTC	1
CTATGTGTTCCTGCTGCATG	1
CAGACTCCTGCTAAGTTTGC	1
GGTAGGGAATGACAAAAATA	1
TTTGAACTGAAAAACAAAGA	1
TACGTTCTCGCTTAGTCACG	1
GGAAGGATTAAACATGTATT	1
TATTGCATAAAAGTATAGAT	1
TGGCGCTCTAAAGTTACTCG	1
CACAAGTATAGATCTCTTAC	1
GCCAATCGTCGCAATACAAA	1
GAACGCCGCTCTTACACGCC	1
GCACCACAAAAACCGAACCA	1
AACCCCCCACACCCTGAATA	1
AAACGGGAACGCCCCGGCAT	1
TTGCTATGCCGAAATCCGTT	1
TACAAATTGTCAATGGGACC	1
GCATGGAATTCAGTGATAAA	1
CACCAGCGGTCGTCCCGGCG	1
GGCTCAAATCTGGGGCCTTA	1
GGCTTGTAAATAGAACCAAT	1
ATAACTTCCACCACCCCTCG	1
TCACAATTAGGAAGCTAACT	1
GTAAGCGGGCTAGCCAGTCA	1
CTTACCACCATCCCCGACCA	1
GTACAGGAGTGTGTTGCCTC	1
AATTGGCGGAACTGCCCTAA	1
AATACCCTTGATTATTATGA	1
TCATGCTTGTTAATGCGTGG	1
AGACCCCAGCCTGTTTTATC	1
TACTCACTGAATTACAAAGA	1
AAAACCGGAGCTTCCCCACA	1
ACATATGCACTCTATACACT	1
ATGACATTATGCTTGCCTCT	1
CGTTAATCCAGGGTTAACAG	1
GTTCATAAACCGTTGGTAGA	1
TCTCAGTTCAAGTTTTCGCG	1
GTTAGCCCGAACTGATCCTG	1
TGCCGGCACGTTAACTTGTA	1
TCACAGCAGGTCGCATAAGA	1
AAACAACTACGGGCTCGCCA	1
TGACAATAAACCCTTTCCCA	1
ACTTACTTCCTAAATATAGA	1
CAAGAACCTTCGTTGAGCAA	1
TTAAAGAAAAACGTCTTATG	1
ATATTAACCTGGCCCATAAG	1
GCTTAATATCAGTTTTAAAG	1
TTTAATAGAACTCGTGAGCC	1
GTTCCAAAAACGATAAAAGT	1
GTAAGTCAACTATCATGCAG	1
TAAAAATAAAATGATACAAT	1
CAGGGAAAACCATTAGTGTC	1
TGCCGGTAAAGGCCTTACCT	1
TCTTCCACAAGCCTACCCGG	1
CCGCAGAAAAGTGAGTATTC	1
ATCTTGGATCCATCATGTGA	1
ACCGACCCATCCTTTCTGCG	1
TGGTAGGGTGCCAATATATG	1
TAGTGTCGATCGAATACCCC	1
GATACTTATGTCTTCCAACT	1
GTAGCGCGCACACCCGATTT	1
GAAGGCATTAAAGGGGCGGC	1
CGCACTAGCGAAACCCCCCC	1
AAGACTAAATGACCCGATCT	1
ATAGAACAGATATGTTGACG	1
TTGGAATTTGTGTACAATAT	1
AGTTAAGTACTCAATATAAA	1
GCATGATCCCCTATCGCGTG	1
CAGAATGAGGCAGACTATCA	1
CGTACCTGCATGCGCAATTT	1
ACACACGAGATCCATCGACA	1
GTGTCACCAATGGCAATTCG	1
ATCCTTTTCTACCCCAAATC	1
CACTAACAAACTTATTATTC	1
CCGCATTAGTTGCACCAACA	1
AAACGGGGGGCGCAACCGAC	1
TGCCCTCCCGCGCACTCGTT	1
CATCGCTATCACGTTCTGGC	1
TCTAGTTACAATAAGATAGA	1
GCTCAGTCTAAGTGATTCGC	1
GTATAACGGACCAGTCATAC	1
ACGAATTCACTACATCCTCG	1
ACGTAACAGCTCCTCTGGTT	1
CCAAACCCACCGCGTGAACA	1
GAACATGTATGAAACAGTAT	1
GATCGATGGTACCTACTTTG	1
GTGGAACACCTTAGTCATTG	1
AAATTTCGAAATAGAAGGTA	1
ACACCTGCACCCACTCACCA	1
AAGGAGATGGCTATGTTGTA	1
GATGAGGGTCATGACGACTT	1
AAAACCGATACAATCCGCTC	1
ATGGTCAAAGTGACGCGCGA	1
ACACACGCGACGGCCGCGCC	1
ACATCACCGTTGCTTCGGTT	1
TCCAGTCCCAAAGGCCTATT	1
GACGCATAGCTGTAGCAATC	1
GCCTCGGTTCTATTGGAAAG	1
ATACTGACACCCCTCATCCA	1
CAACACAACTATACACGTGT	1
TGGACGACGAATATAAGAGC	1
AAGTTTGTAACGGAGCAGCA	1
AAGCCCTCAATCCACGATCC	1
ACTTAAAAGTTACGAGACGA	1
AAATAACTTGTCATAAGCTG	1
CAACGACTCTCTTCCGCGCG	1
TTAATAAATTAAAATATTTG	1
TAACTCAGTTTGATCTAAGA	1
GTGTCAACCGTGCCATCCAA	1
ATCCACATCGTAGCAGTAAT	1
GATTGCAACACTCATAGAAT	1
ACATGCAATAATGTAACTCA	1
TTAATAGTTTCAGCAGCATT	1
GTTATCGTACCCCACGAAGT	1
TGAGCGTTTACCACGAAAGC	1
TTTTTAGATGGGGCCGACGC	1
AGCATTCTTCGCTAACCCCC	1
AGTGACACTGAAACCTTACA	1
CCGAGACGGAGAAACAGCAT	1
GCGGATGCCGCATGGCTAGC	1
CAATGGACAGGTGGCACTGG	1
CAGGGGCCCATTAAGCCCGA	1
ACAATTAGGCGCTACACCTC	1
CCCACCACATGACCACTACC	1
GCGAGTTATCTAGTTTTTTT	1
GTGTTTTCAGATGCTATTGT	1
TTTGACTAGTACAACACCAC	1
CTTCGATCTCGGTGAGACCA	1
GCAACTAAGAGCGACGGACA	1
TCAACTCACCTCGGCGTGAT	1
ACACAAATAAAAGAATGAAA	1
GCAAATTATACTTCTTGAGA	1
TGACAATAGAGACTGTGACG	1
GTAGTATCCGGCAAAGTTAT	1
TGATAAAAAGATCGTAAACC	1
TTGGGAAGGACACGGTACAC	1
CGATCAAATATACAAAGCCA	1
CCGAACCCGTGCATTCTAAA	1
CACACCTCTCTCAGGACGAA	1
TCGCTCCGCTTCCCACATTT	1
TAACTCTAATGCCCGCCCAT	1
TTAGTTACGTTCGAAAATTT	1
ACTCCCTTGCAATTAAAAAA	1
TATTAGTACCAATCGCGCCC	1
AACTTACCCTTTCATGAATA	1
ACAAAATAACGCATTGAAGA	1
CATAGGTTCAAATAGCAGAG	1
GCATGCATCACTCAGTATCC	1
AAACTCGACCAACTATCCGT	1
GAATAATTAACTGCTCTTCC	1
TTAAAGAAAAATCATGGAAA	1
CGAGATGTCATTTTGCTCTA	1
CACATATTTCAAGAACTGTC	1
AGGTTAAACAGCCCCACTCA	1
TTCTTTTCACCCGTTAATGC	1
GGCGCTGACGAACCAATGGA	1
CATATTTGTAGGAAATGCAC	1
GTTCCTCCTAGTCGAATCAC	1
ATCGCTGAATCTCAAGGTTA	1
TTAAGATTCTTTGCCGCTAA	1
TATACCCCTTACATTCACCG	1
AAATAGAATACGAGGGTCCT	1
TTGTCCGAGGGCACACTCAT	1
CAGTGAATATTGACGAAATT	1
AGTAACATTTCATAGATAAA	1
ACGCGTGCAGTACCCTACTA	1
TGATTCCAGATGGTTACCAG	1
CCGACTTTACATGTGACCAT	1
ACATAAGGATTGCGCTACCG	1
GTGCTTAAATATAAAGCTAA	1
AGGTGGGTGATAGCGGCAAT	1
TGTGTAATATAAACCAGATT	1
TAATGACTTTGGAATAATGT	1
TTATAAACCGGAGATCAAAA	1
ACCCAACGCCTTCTAGACAC	1
GCACCAAATATGGTTAAGAA	1
TAAGATAATTCGAGCATGAG	1
AAGACAATAGCCACCACCAA	1
TACGCTTGTGAGTGTACCCC	1
AGGGTAGCGCAAAACGAACA	1
TTCACCTGTCACCCAAATAA	1
TCCTTGACGTAAAATTCTAT	1
AAACCGTTAGCCAAACCTAT	1
TTATCTTATGTGGAAAAAAG	1
AGAATGCAGAGTCCTTTTGT	1
CCACCTCCGACCATCGAACC	1
CATAATGAATAGATATGTCC	1
TTTACCACGTGACGCTCCCA	1
TAAAGAGTTGAGCACACGCA	1
CTACTACGCGCCACCCTCAA	1
AAGGCGAGTCCCGCGCTAAC	1
TCGCCTAGTTGCTTGGAACC	1
ACGCGACCTGGCCGACCTAC	1
TAACTTGGTTCTCTTCTTTT	1
TGACTTTCCCCATGGACTTT	1
ATCCTCAGTGGCTAAACCTA	1
CCATTAATGAGACGTTAAAC	1
GAAGCATAATTACCGCTCTG	1
ACACCAACTGAACCACAAAG	1
TAAAACTGTTGTCCAATCGT	1
ACACAGGGTTTCAGCGACAA	1
CGAAGAACCCTTCGTTTTAG	1
ATGCAGAGTAAGTATACCCT	1
GTAACCACTCTCCCCCACCC	1
CCCTACACACTCGCCACCAC	1
TCTCTATACCATAACTCTCC	1
GTAAAATACTGCGAGACGCC	1
TATCACATAGTTTCCAGATA	1
TGCAGGGCCCTGACCCATAG	1
TAGAGTGAGTTAGGAGATAT	1
TCTAATTAGCTAAAAGGATA	1
CACCCCCCGCGCCCTGCGGA	1
CGATGACAATAGGGAAGGAG	1
CCGCACTAAGTGTACTGGGC	1
AGAAGTACAGAATGTTTTGG	1
CGGATTAGCAAGCGAAGGAT	1
GACATAGTAAAAAGCACGGT	1
ACCTTACTGGAGGTCGTATC	1
AGATACGTATTGGAAGTATT	1
CTTACGCCTTCTATGTGTAA	1
CCACCGCCGTACGTACCACC	1
ATGGTGTGAGAATGACTCAA	1
ACTTAATTGTTTGCAAACTC	1
GCCGCCGTAAATATCCACCA	1
AAAAGGTTTGCACGCTAGGA	1
GAAGCAAAAAAACACGCGAC	1
CTCTCTCTTGAAAGGATCCC	1
CGAGCGCGTAAGCCGTCTGC	1
ACAACCCGGAGTACCAGCTC	1
CATACGGCTGTTATAATGTT	1
TCACTCTTTCTCCTCCTAAC	1
TAGCGCCCTCTAAAGAGTTC	1
TCATTGAAAATGAACACTCT	1
TGATTAAATAGGCTATCCAA	1
ATGATAGCGATAGGTGCGTC	1
CAACAGGTAATAGTCCCCTT	1
CTACCATCTCATCTTTTAGA	1
TCACTGGACAAGTTCTATTC	1
TAGATGAGAGAGTTAAATAC	1
ACCAACATCTGCAGTGCCAT	1
ACCCTTACAACATGAAATCG	1
GCCCGACCAAACACATACCA	1
CAAGCTGTGAGACTACCCCG	1
AGGAACACTCACAGTAATAT	1
GGTTGCGTAGTCCTCAACAA	1
TATAAATCTTATCCGAAACA	1
AACCCAGGGAGTCCCCCCAC	1
AACACAAATCTTAGGTCTTC	1
CCAGTACTAGTGGCGTACTT	1
CCTAGTTATCATGCCTTAGA	1
TTATTCCCACGTAACTTTCG	1
CATTCCTTGTCATTTTTCCA	1
ATTCACTCATTAGAAACAAC	1
TAAGTTACGATCCCGGTCGA	1
ATAGCGATGACCCCGAGACG	1
GAATCAGACGCGTCGATACA	1
AACGGACGTTCACCATATTA	1
ATAGGTGACAGTTTCAAATT	1
TGTGTTGATACGCATTCAAG	1
ACCACTTCATCAACCTGAAA	1
GGCTGCCCATAAAAGCGGAT	1
CGGTGCGGACAATGTAAAAC	1
CTGGTGGTCCACCGTCACTG	1
ATTCTAGCAACCCCACTAAG	1
GTAAACGAGTTGGACGAGCA	1
TCGTTTATGGGACGGGATTT	1
TATAAAGTAATCCATCACTC	1
ACGCTATAGCGTGCCATAAA	1
CAGCGGCCTACTCCGTGTAT	1
TTAAATCATGAAATTTAGTA	1
AGACGTATACAGTGGTCGAG	1
GAAGGTCACACCGGGACAAA	1
AGTAGAGGTGCAGGACCCGC	1
ACATGACGCCGGAATCGACA	1
GACCGAGCTTTCCGAACGTC	1
CGCAACGACCGAAGGTAACT	1
TACCACCCCTGTTCCCCCCC	1
GTGATTTTGGGTGAATGGCG	1
AACGAGCCGGCCGAGTGAAC	1
ATCCACTTTCAAACCCAAAA	1
TTCACATTACGAACTGCGAG	1
ACACCTCGAGCCAGGAAGAA	1
AACGTCATTTGTTGATATCG	1
TATTGTAGGTTCATGATACG	1
AGACGAAACTTGAATCATTC	1
CCCGATTTCATCAGTAAACA	1
ATCCCTCTCCCGGCTGTCCG	1
CCACAGGCTGGCTATCAAAT	1
CAGCAGTTGCCTAATTACCC	1
CCTAAATCGGTTAGGCGCCA	1
GTGAGACCCGCCCATTGGAT	1
TCCTAACACTCATAAGCCAC	1
TAATGTTACAGCCTCTGTGC	1
ACTACTCGAGATTCTACGTT	1
AATCTTAGTATTCAGTACGT	1
TACTAAACAGCTTGGAAGCC	1
ATGAGCCATTCCAGATGCCG	1
ATCACAAATTAACATAACTA	1
AGCACACGTATCGCGGCAAA	1
ATGAAAATAGTTTGGACACT	1
ACCAAATCAACTCAATGTTT	1
TAACTATTTAAGCAGGGTTA	1
CGCAAACCACGCGTTGTTTA	1
AAATTGCTGCAATTCCCTTT	1
AATGTGTGTTCTGAGGATGC	1
TTTCATATAATTACAGACAC	1
CTTACCGTTTTAATTAGCAT	1
ACGGATGCAAATGATGCAGC	1
CCTGGTCCTGGTACCCAACT	1
TATACAGCAAAGAGGAGATC	1
CCCCGAAATGAACCCCCCAA	1
ATGTAAAGTGGCTAGGGGGA	1
GGTAATAGTAATCAACAAAT	1
AAAGGAAGGCTCCACAAAAG	1
CTTCCGCCATGGATGGAATC	1
CGATACACAGGCCACAAACA	1
CACTAGATTTCGTCAAAGAG	1
TGAATGTCATAATGAACACA	1
CTGAATCTGTATCCCCTATG	1
GCAACTAAATCTTACGCTCC	1
AACGTGAGAACATTGATAAA	1
TCTTTATGCCAAGCGCATCC	1
GTATTTTAGTCTCGTATATA	1
CGGTAAGTTAAAAATGATAA	1
GATTCGATTCTTTAAGCTTG	1
AGACCCTGAACACTCGTATG	1
CCTGCCGTGTCCCCGCCCAC	1
AGATCCTCTATACAATCCGG	1
AAGTTGACGAATGCACATCA	1
GTGGGGTAAAGTAAAAAAGA	1
GATAAAGCCTTAATCTAGGG	1
CTAAATCTAACGCTAACAAA	1
ACCTAGAACAAGTACGGCCC	1
GACCTACAGCTACAACGAAT	1
GAGCCGCAAATACGCCAATA	1
TATAATCACCTTGAAAGCAT	1
AACGTATCTGCGGGTAAAGA	1
GATAAGTGGTGGGATGATTG	1
CGCCCAAACCGAGTCTAAGA	1
TGTTACCCCACCAACAACAC	1
AGAATGTCGACATTATAGTG	1
TACTACCCACACGTTGACGA	1
AAAAAATGATATTCATACAC	1
TCCTAAATCAAAACAAAAAC	1
TAATCTTTGGCGATACCTTA	1
GAGATGCGAAGGCTCAAAAG	1
TTCCCGCGATCCGGGCTTTT	1
TTATGAAGCACTCTCGCTAT	1
GTAAACGCATATCTTATGAA	1
GAAGGAATATGAGTGACGCA	1
ATTTGAAATCACCGCTAAAA	1
ACCATTAAGCCAGAAGAACC	1
ATTCATGAACAGCACACTGC	1
TAAGATGCCACCAACCCAAC	1
TGGTAGAGTAACAAGTACCT	1
TGGGCAATAGTAACATAAAA	1
CTACTGATCGCATAACCGAC	1
ACAAAAATATACCCTCGATT	1
CGCTCCCTAGGAACAACCGA	1
AGGGACCGTTACTAATACTT	1
ATTCAACAAATATGTGCGTT	1
TCCCGATGTCCTATTCAAAA	1
CCGCCCGCAGCCCCCCCACG	1
GCGCCTTGTAGATTGATATT	1
TTAGGACTACGTATTGACTA	1
TGCGTTAGTAACTCTCGGTA	1
CCTCACACTGCACTAATTAA	1
TTCTACCTGCATGTGTTAAA	1
ATAAATTCCTCCTCAACAAG	1
ACAAGGCGTTTTTCGGACAT	1
GCAAGAGCCTGTATCATGCG	1
CCCTGGGAACTTATAAACAT	1
AAACCGGCCAAGGGCACACG	1
CACTCATCCACGGGGATATT	1
AGGATAAATGATATACCAGC	1
AACCACGTATGCATATATAT	1
TCACGGATTCAACATTTATC	1
AGCTGGTAACATAGTCCACT	1
TTGGTGGTAACGATATATGA	1
GATAGGGTGCATGGTTACTT	1
GCTTAATGGCGCATAGCCTA	1
CTCAACAACATTTTTTGCGC	1
ACTCTTGATCCTGCGTTAAT	1
TTCCCCTTTTTTACCAGTCC	1
TATCCGGGTAAAATTAAGGG	1
TTCCCGTTACCCTGCTACCA	1
GCACCAACAGGTGAACAAAA	1
TAGTCCCAATAGTCTGAAAT	1
GCGAAGGCCAAATACCAGCT	1
ACCGCGACAAACTTCCCCAA	1
ATAAGTAGCGTATCCATTCT	1
GTGCTGCTTCGTAAAAATTC	1
AAAAGGCTAAAGTTCCATTA	1
ACCTCTCGAGCACTTCGCAC	1
GCCACTTTTACAAGATGGCC	1
ACGACACAGCTAAATAACGC	1
CTTGTGCTTCCCCCCTTTTA	1
ATCCCACACTATTGTACGCG	1
AAACTGAAACATACCTGTGT	1
GCAGTAACGTACCAAGTAAC	1
ACTCACCATACAGCTCACGA	1
ATATTAAAGAGTTATGAAGC	1
AGATATTGATCATACATCGC	1
ACTTGGACAACCACCATCAA	1
ATGAACTTGACCCACACACC	1
GAAGGAGTATATCTGTCTCT	1
AACATAGCATCCTACCTCTC	1
GCGCTTGGGTGGGGGAGATA	1
GTTGAGTATACGGTGGTTTC	1
ACCGGTCTAGAGGAAAAGTG	1
CCGCAACCCACCCCCACAAG	1
CAGAAGTAGATTTATGATAG	1
AACGACATGGTTCACTAGTA	1
AAATCCAATCCACGTGTGTA	1
TGTTCGCGATTCAGTTGGCG	1
CGGTGAATCTTCCAGTTCAT	1
AGAAAAACTCTGCCCAATTT	1
TTCAGTCTAAGCCTACGAGA	1
GCCCATTGGGTCCCGACCAA	1
ACTTATCCGTCAGATCAGTA	1
AGCGCAAATTGTAACAACAG	1
AACAGGTCCTTTCGAACACC	1
AACTTGCAACCCCACCACCA	1
GCGTGCTGCCGCCTACCATT	1
AACGGTACGATTTACTTGTC	1
GGACCCCTACTCATACAACT	1
TCACCCTCTGGACTCCTATT	1
AGAGCAAACTGACCGGCATA	1
GAACGAGTAGGATCTCCCGA	1
AACAGGACCTAGCCGTGGAA	1
ATCGACGCCTACGCGTAGGT	1
ACAATCCCTGTTCTCCCCCC	1
CCTCGAACTATGATTCCCCA	1
AAGGTAATAACAATTGGCAT	1
GAAATCCTCGCCTGAAATGA	1
CAGTTAGCAAATTGCACCCC	1
TTAACAACTCTAACCGTAAT	1
AAAAAACGGTGACATTGTCA	1
AGGAACCCGCCCGCGATACT	1
ATAATATCTCACAAGTATCG	1
CTAAAAGAAATCCAAACCCG	1
AGATGGAGATATCGGCAAAT	1
CCACCTCCCTAGGCGCGTAC	1
TGTTACGAACGGTTCCTAAC	1
TGTCACTAGTTCAACAGCGG	1
AGACATTGATACAGCAGATT	1
CATATCTGACCAAACCCACT	1
CACACGCATAACGCGAAAGT	1
ACGCGACTAAATCCCCTTCT	1
TGAACCCGCCTGACAGCACC	1
AGATAACCATAACGCATAAC	1
GTTTACTTAGACCAATGCAT	1
CTTCGCATTACTATTGTTTT	1
TATATGAGACTGCTAATTTC	1
TACCTAATAAGTGTCTGAAA	1
GCATTATTACAAGCCGAAAT	1
GGAAGGCCTCCCCGCGTGAC	1
ACGGAACACGTATTAATGAA	1
TTCTGGATATGTTCACGCCG	1
ATCCACAAGTCTGGGCCCCC	1
TGCAACGTAGATCTCGGTCT	1
ACCAATTCCCTTCCGAGAAC	1
ACCGCCCTTTGCTGTGCCGA	1
GTAATAAATTGACATCCTCA	1
TACCCCCATAAACGACCCAC	1
AACTGTTAACTGGCCTGGAA	1
ATGGGCGTAAGGTACTCAGT	1
AATTTAAATTCACCCATAGG	1
ACGAAGCTTATCCTAGCTTT	1
CAACCATCCGGTCATTACTT	1
ACAAATTAATCCCGAAGAAT	1
ATCCATTTAACCACTTATAC	1
AGCAGCAAGCCAGAAACAGT	1
TAATGCGCGTTTTATATTTA	1
TGTTTACACCTACCGAAATA	1
TCGTCGTCACCCGGTCTATA	1
ATACCTGTTACATTCACCCC	1
AATCCATTAACGAGTCCCAG	1
TATGGCGTGAGTAGGATGTG	1
ATCACTTTTTGATGACCTCT	1
GAATGATCTCCTACCAGTAT	1
TGAACAAGTAACAAGAACAT	1
TTCTGCACAATGTGGCCCAA	1
TGTCTTATGAACACCTATTC	1
TATTCAGTGTTCACAGCTGC	1
GTATAAATTTTATATTTTTC	1
CAAGAAATTATGTTTGCCCT	1
CGTGGGAGCCGGCCGTCGGT	1
CCCGGAGTGTTAGATCAACA	1
TATCGTTAAAGTGTATGCAC	1
TATTTCTCGGTGCAACAACT	1
TATGTTTTATATTATAATGG	1
TTCTTCTATTTCCCGCACCA	1
CCGTATATGTGGAATGCACT	1
TCTGCCGTATCATACAAGTC	1
TCTCGCGAACCGAAAACCCC	1
TGATATGAACGAGAGCCTTA	1
AATAATTTTTTCTTGGTCGC	1
TGGGCCGAGAAGAACCAAGC	1
TCTCATACACACTTACAGCC	1
ATGAATCCCCTATGGCACCA	1
TCCCTGAATGCTACCAGGAC	1
ATTAATCATTAAAAATTAGA	1
CGCCCACCGAACCATGTCGG	1
TAGGATGGGACTTTGCTGGT	1
GGCATGACTTTTGATTCCTT	1
CATGTAAAATCCCCTCAACA	1
GAGAGAGGTACTCTGACTTC	1
ATCGTATCGGACGCGCACGA	1
GACATGAGTGTTGAGATGCC	1
TGGTCGGTTTGTGCTGCATG	1
ATAGATTACTATTCACATGC	1
AAGAGAATACAACGCGCGGT	1
AAGTCTTTCTATCTCATTGC	1
CCTGGGAAGCCGTCAAATGC	1
ACGACACCTGGCACCTTCCG	1
GTATCTGTAAGCAACAGCAC	1
AAGGACGCGGTGATCAATCC	1
TGTGACCGAGAAATGATACG	1
GTACCATGTAAGCTCACGAT	1
GTAATGTGGCAAACCAAATA	1
ACATTTACAAGCAGCTTGCG	1
AGATTTTCCTGGTAGTTGGG	1
TCCCGATCTCCAGGTCCGTA	1
TACCTTCCCGCGGTTATGAA	1
TGAGCGCTGCAATAGCGTTT	1
TTTGTAAATACATCGAGAAC	1
GCACAGGACGATAACTAGCT	1
GAGCAAGAATATGGATCCAT	1
CTCCAAGTGTAATCTCAACA	1
AAACAGTGATGATACCGCGC	1
CAAATACTGATTTTGCCCCT	1
CCTTCCCTCTCAATCCCTTC	1
CTCTACCGTTCTTATGTTAC	1
TTATGGGAAAGAATTTTTAG	1
AATTGTACACTTTCTCCGAA	1
AGCGTAAAGCTAAGGGTCGC	1
GAAATACTTTAATCATGAAC	1
CCAACACTGCACGCCGGAAA	1
GTTGCTGTTCAATTTAGACG	1
AGCCACAATACGCTAAAGAT	1
CCATTCCGCGTTACCAGCGG	1
CAAAGTTTGGGTGCACAACA	1
TCTATTTAGCATGAAATAAG	1
CTACATGTTTGAGACCAATC	1
GTCCTATCCAACCCCCCCAC	1
ATAGAACCACGTTGTATTGA	1
AAGGGTAAAAAGTACGATTT	1
GTCAAATGCTTGCGCACCCT	1
ATGAGCATCCACCATAATTG	1
GTATCTTACATTGGTCAAAC	1
TGTCAATAAAGACGGACTTC	1
TGAAGATCACCCAAGGTGTT	1
AGCTGTTATTGCACTAGATG	1
ACGTACACTTCTCCTACCCC	1
CCATGGATAAGTACAACTGG	1
CTATCCCCTAGTGAGCACTA	1
GGCGATCACCGTGTGTTGCG	1
TAGAATGCCGCAAATGGACT	1
GCGTATGAATCCTTTAGCCT	1
TGATACCGAGTACGAGAGCT	1
GACCGTCATCTCCCAAGTAT	1
CCGCAAATATAAGATCCCAA	1
CTCGAAGAATGAATTATCAC	1
TAGATTACAAAGACACACAC	1
AGACGGTAAAGTCGTCGTTA	1
TACACGTATTCGACCTAACA	1
AGAGTGTGATGAAAATAGCA	1
TCTTGAATTCTGTTATGAAA	1
CCTCGCGCCACGCGCACCCA	1
AGGTTCGGTAAAAGTCAATA	1
GAAAATATCAGATAACATAA	1
ACCCTACCACAAATTCCCGC	1
TTACCTGAGCATATGAATAT	1
ATATCTGTACACGTTTTAAA	1
TTCGCCCTCCCGCGTACAAC	1
TGTAAAACTCCCCGGCTTCC	1
GCAAACCAAACATTGGCCTT	1
GATGATACTGAGAAAACCAA	1
AATAACGTATTCCGAGACAA	1
TTATGGCCAACTCGTTACGG	1
CGAGGAATACTATTAGCAGA	1
TCTATGCACCAACCCATTTT	1
CTGAAAACAGCTGATACGTC	1
AGCAAACCTAACATAAATCG	1
GTCCTGGCATTCCGTAGCAT	1
CTGAACACAACCTGGACTCT	1
ACTAAGGTTGAAGAGGGACT	1
GCCTTTCTATGCCAAAGGCT	1
GTCTGTCCCCACATGCATGA	1
AAAATCTCTTCCGTCCCACT	1
CAAGTATATGCATTGGCATT	1
GTACGCGGACCAGCGCCCAC	1
ACCAGGAAAAATCGCCTACT	1
ACGTGGAACACCTACATAGA	1
TTATGTTAAAGTCGTCATAA	1
ACACGTCCAACAACACTTAA	1
GCTAATGCTGCAAATGTTCT	1
TGGCTATGCCTGATACCCAA	1
TGTACGCGAGCCATGTTAAC	1
AAGATAATCAAATGGACAAT	1
GACCACTTCGAACGATAAGC	1
CTCAAGGTGCTTCATAACAT	1
AAAAGACATATGATCCTTAT	1
ACTGATAGCGATCTCCAATT	1
AAAACGCCTATTAACTCAAC	1
ACCCATGAAAAGGTGCTACG	1
GCGTCTCAATCAGAGTACGC	1
CCTGCGGAGAAGTAGAAGGA	1
TTGCACGAAGACAACGCGAC	1
TGATGGGAAATCATAATCTC	1
TCACAATCACACAAACTTCC	1
AAATCACACCAGGGCTTATG	1
CATCACATACCTTGCATCCC	1
AAAGCGATAACGGCAGCGTT	1
CGCATTCGGGAGACATTACC	1
TACACAGCCAAGTCTACACT	1
TATCAGTTTATTTATTCTTG	1
CTGCCGGTAAAGTATGATTG	1
GGACATGTAGACTTGTAAGT	1
AACAAAATGCAGGCCACGCA	1
AGATGTGATTCAAATCTTAA	1
CCTTTCGATGCTAACCCCAC	1
GAATTTAAGGCCCCCCTTTG	1
ATTCCCCATAGCCTCACGAA	1
AGTAACTAATTCCACCCCCC	1
AACGCTAAACAAACGCGCAC	1
TTGCCGATCTACGAACGTTC	1
ACCCTAATCGTAAAGCGAGC	1
GCCTTGCCTACGAGAAACGG	1
TTTAACAATAGGGGAGCCTT	1
ACGCGGTTGGCTGGAATGGT	1
ATAGAAACATACTGTGATTA	1
AGTACGAAGCCCGAGCAAAT	1
TCAATGTTCTTACTGTAGCT	1
AACCACGAGGGGAGGAATCA	1
TGAACGACTACCGCCGTCAC	1
AACCAAATGTTACCCCGAAA	1
CCTTCCGAATGTGGCTATGC	1
AGGACATTTAACACCTTATT	1
AATACTTTCTGGTTTTATCC	1
CCTCTCCACCACCGACAAGG	1
ATAAATATCCGCTTATTCAA	1
GCGCAGCACACAGCCTTGGC	1
GTGGCTATAGTATATGCCTG	1
ACGGTTGACTAAAGTATGCT	1
TCGAGGAAAAACATTCCTAC	1
GGTCAAGCCTTCTGGCTGCC	1
ATGCTAACATGGGGCATCAT	1
CAAAGGATTATGAATAACCG	1
CCACTAAGATCATATACGTA	1
AGCAATAATAACGGGATAGG	1
AAACCGATCTATGTTGCCAA	1
ACCTGCAAGTGGAATCCAAA	1
AGAAACATACTACTACAATA	1
AGCATGCGATCTACCCTTAG	1
AGTTCAGCCATTATAAAACA	1
CGTGTTTCTAGATTTAAAAG	1
AAATCAGATAATAGCACGTG	1
TATTGTGCTCGAGGGCTTCA	1
CGGCGAAACATTTGGTTAAC	1
TAAAACAGAGTGAAAAGTAA	1
CAACGAATGTGGGTGTGTTA	1
CCATCTAAAAACTTCCCCTA	1
CTCCCTTGGTCTCCCGCTCC	1
AATTACGCCAACGTCGACCA	1
TTAGGAAGTAATCCATTTTG	1
ATCGACGTAAAGCCTATTAG	1
GCGTACAATGTGATGTGCAT	1
CCATATTGAACTCCCACCAG	1
ACACAACTCTTTTCCACCAA	1
GTGTCACACGATTGTGGTCT	1
TAATATCGCATATACACAAT	1
GAATTGGAAACTGTGGATTG	1
ACGGTACCCTGAGCGACCCA	1
CTGATACAACTGATCGGTAT	1
ACCAAACGTATGCTAGCGGG	1
CATCACCTGCACGCCTTATC	1
TTACCCTAATATAAATTCGA	1
GCAGCGCATTAAATATATAC	1
AGATGATATGAAGGATGAGT	1
CATATGCCCACACTCTCATG	1
TTGCTTCACGCATTTCGACA	1
AATCAGGTATACGGCTGAAA	1
CAGCAACTCCACAACCCGAT	1
CCACGGACGTACTGGTCCGG	1
GATGTCCCATTGTCACATGC	1
TGTTCACCCCCGATTTTCAC	1
TGCTCGATTGTTCCCGACAC	1
TAGGGGTGAAACAAAGGCTT	1
TAACTACTGATGAAGAAACG	1
TCCCACACCATAAGGATCTC	1
AACTAAGCTACAACGCGATC	1
TCTTCACGCCAGGATTACTT	1
TGATTTATGGGGGGAGTTGG	1
TTATCAGAAAAAAAGTAGCT	1
ACATTCAAAAACACGCGAAG	1
TCTATTGATCCCAGACGCCT	1
TATATACGAACCCCTGTACA	1
CGTTGGTAAAATTGGACCGA	1
TCGCGAATAGTACAGAACAC	1
CACACATGTCACCGCACCGT	1
GGGCTCAGGCTCCCCATACG	1
ATGATACAACCATGAGCACT	1
TTCCCCCGTTTCAACCTGGC	1
ACCAGCCCGGTTCGTCCGCC	1
GAGCTTCTTCGGCGCAGCTT	1
TACCCACGAAACGTATTTAT	1
GCCTCAACAAAAAAACTTAC	1
CTTCTACCCCCGCGACCTAC	1
AGATGTTGACACGGCTGTCA	1
TTTCTCCGCAGTATCAATCC	1
ACCCCGTTTAGAAAAAAGTC	1
GCAGCTGCAATAAGCACCGC	1
CTACACTAAACCAACCTGAA	1
GCACAACAACCATGCCGAGC	1
GAACTTCTGAATCGATCATC	1
GTACATCATATAACTAAGAT	1
ACGCATTAACTTATGTACGA	1
TACAACCGCGTAAACTGAGC	1
ACCCCAACTCTATGGGCGTC	1
ACAGGAAGCCACATACTGAA	1
CATCACCGCGTCACACATTG	1
GTAAATCCATACTTCGCTAC	1
CAACAAATGGTAATCCGCCA	1
GAGATGCTTGTCTCAAATGC	1
GAATACAACTTACCCTTCCA	1
CACTTAAGTTAATGGAGAGG	1
TGATTGATTCCAAATCTACT	1
AATGTAACTATGTTGCGCCG	1
CTGAAGCGTGAAAGCCAAGC	1
GATACCGAATGAAGCCTTTT	1
GTCCATGTCTATCCCGAATG	1
CGGAGTGGATAGATAAGAAA	1
AGTGGGTCCATTCCATTAGA	1
AAAAAAGCACGCGAAAACTA	1
GCAACGCCAAGCGTGATGCC	1
CGTTTTCGCCGGCCGCACAC	1
CTGCGGATTACGGGGCAAAC	1
CTATGCACATGTGACATACC	1
CAAACACCTATCAAATAAAT	1
GAATTTTCGCCGTCTCATGC	1
GCTCTAAACCGGAGAACCAA	1
CACGTTGCGCGTGACATCAC	1
CCCGACCTCTCCATCCCAAT	1
AACGAATATCCACCTGGACT	1
GAGTGGAAGACGTTGATTTG	1
ATAGCACCTTACGACCCAAG	1
AGGTTATAACAAATAGATAA	1
AACATTGACTTTACATATCC	1
GTGTAGTGTAGTTCTGTATT	1
TTTTCTGTTTAGGGCACCGA	1
TCATATGTAAACATTTAATG	1
TCGATCAGAGCCAAAGGATT	1
TACATCGCCAACACCCACGG	1
TACGAGAGGACGCATATAGA	1
ACGAAACATGAGAACAGCTT	1
TAGAGAGTTTTGTATAATAG	1
TCTCAGACCCATGCCTTAAG	1
GCATAAGGACACGACATTAG	1
GGGAGACTAAGCTGCATGTA	1
ACAGTAGCCGTTCGCATATG	1
TGGCTCCTGAGCCGCATGGA	1
GAGGTTCTCGACACGCCTCA	1
CAAAGTGAGGAAGAAGGCTG	1
GTAGGCTACACCGGCTAATT	1
TCGGACGCCAACCTCGCTTC	1
CGACCACCAATAGTGCATCC	1
CCTGTAGCAATTAACCTCAA	1
TTAAAATAATTTAGGGTTGC	1
ACGAGGGGTTTATGGCCTCC	1
CATAACCTCCATGTCGCATC	1
TTACCCACTTCTACGCAACC	1
ACTGTGTTAGACACCACCGC	1
ATCGCCCGAGCGGCCATGCA	1
AGACCACGCTACCACAATGC	1
AATGTTGATTAGATGTTTCA	1
ATATTCCGTGTAAATAAATA	1
GCATATGAACCTCGTACGGA	1
CCATCCCATCCCCGGCGCCA	1
TCAATCACTTCTTTTGGGGC	1
CTCAAACGGTATCACTATCA	1
ACACAAAAGGCGGGTGATGA	1
TTAAGACCCTCAGCCGTTCC	1
CACATTAGTCATGATATCAC	1
AGTGAAACATAGAAGCGGCC	1
TTCAATGCATTTAAGACAGG	1
GGCACGCCATACCTTTCCAC	1
CACCCCCTTAACAGCGCGAT	1
AAAGGATCACAACCTTAAGA	1
TACATATCTAGTAGTTCGGA	1
GATTAGTGTGGACGAAACGG	1
GAACAAAATTGCGGCCATCG	1
GAGACTCTCGTTGCCTTACT	1
GGCATTAGGACAAGTAACAG	1
TAGATCCACTAACAAGATGC	1
TCCCGCCTCCCCCCCCTCAA	1
ATCGATCTGATAAAACCAAT	1
TTGCTTTCATTGGATTAATG	1
ACCTTACGTCCTTATACTCC	1
ATACGTAACACAGAGCTCAA	1
AAACCTCGCTTCTCACTTAA	1
GCCGAACAGACAGCGCACCC	1
ATCAAATAGCAGGTTTCTGC	1
GCAACCTTTGTTGGACCGCT	1
CGTGAACTAAAGTTTCGCGC	1
TCACAACTACGTAATTTCAC	1
CTGCCGGTCACGCGACCATC	1
AGACGACCATACCCTTCGCA	1
TTAAAACACGCCCACTACCA	1
ATACACTGCCGACCAAAGAC	1
AGCCTGCCGTAGGCATTTTC	1
CGCTCAAGTCTTACCCCCAG	1
TTAGAGCCATAAATTCACTA	1
CCTCGAGTTCCACGACGCTG	1
GCAAACCGCATATAGGTATC	1
GCCTAGTGCCAAGCGGCGAT	1
CATAGGGATTACAGGCAACA	1
CTGCGTGCAATTTAGCACTA	1
TCAAAGTCAACTCCCTGTGA	1
CCTGACTATATGAATGAAGT	1
AGCGACCATCCACAGAACTC	1
GTTTGACATGTGCTTACATA	1
TGAAGGTGAACAAAATAGAC	1
CCCATCTCCCTGAGGCCACA	1
AAAGAAAAAGCGTGGGCGTC	1
TCAGCCGGGGCTTTACGCCG	1
ATTTGCCGCTCAGGGACTCT	1
CACCAGTCCTGTCCGCGCCC	1
AACGGCAAGTGAGTAACTGA	1
ATACAAAAACCACTATACTG	1
AATCTCCCCACAATGGTCGC	1
GGGATTGATAATATGTACAA	1
AAATAACCAAGTAATGGAGC	1
TTCGCTGTTCTTCAAGCAGT	1
GCACGAGGTCGTAAAGGCCA	1
AAAAGTTTAGAAACTTACTA	1
TCACCCTCGACTCTAATCAG	1
CGTATAGGTCTAAACCGCGC	1
CACAATGAAAGCAAGCTGAC	1
GCATCTTATATAGCTTAAAA	1
GCGGTGACCCTGGGCATATG	1
TCACGGGCCGCATCCTCCAC	1
TGAGAGAAGATTAGGTACCG	1
TGTATAGGCACCCATGCGCA	1
CCTCACCCAACAAAGGTCTT	1
GAATTCCACCTATTCGCACG	1
ATCGATGCTCGAAAAAGCGC	1
TAGCAATACGGCTGAAACCT	1
ATCCATGTAATCGCCCTCAT	1
CCTGATTGATGAGCCCTTAT	1
ATACGCTCCCATGGTTAATA	1
CACAGGGATTTGCCATAGAC	1
AATTATTATTTACCACTCCC	1
GATCTTCCCCGCGCAGTTAA	1
TTCCTTACCCCTACTCCCCC	1
CACGTGACACTAACTATTTC	1
CATCTCAATGGCACTGTGCC	1
ACATGTAAACTAACGATAAC	1
GACACTCTTTAAAGATAGAC	1
GTCCAAAAAAGTATATGGAA	1
TAACCTTAATGAAGGATTCT	1
ACGAAACACTCACGTAACCA	1
TCGCGACCATCGAATGTACC	1
CCTACCCCAACTTTACACAC	1
GCAGTAATAAAAACAATCTG	1
GGTGAAGCCCTGGAGGTTTA	1
CCGAGAGTGACGAATATGAA	1
GTATGTAATCAATTGGTAAC	1
CCGCAGGCTGTTATCAACCT	1
GAAACGTTATCAACGCCTAG	1
ATAACACCCGAAATGCTACA	1
TCTGAATATCACTCGCAATA	1
CTAATGCAAACTTACGCTAT	1
AGGGACAAAGAGGCCAAACG	1
TTATACCAGGCATTGATACC	1
CGGTTTAAATTCCACTACAA	1
AGCAGTTGCTGTGAATATTC	1
TGCCCTGCACCCCTAGAATC	1
GAAGCCCAACAGCATTAGGG	1
ATTTACATTCGTGATTTCTC	1
ACAGTCTTCGGCGTGAACCA	1
TTTGGACTACAGCGACGTAG	1
TACGAATGTTAGCCGAATCC	1
CCTTTATCCATCTCCACCCA	1
TAATAGCGGCTCTGAACAAT	1
ACTGACAGCACCAAAACACT	1
TCCTGTCTGTTCAGTAACCA	1
TTGCCATAACTGCATTACTT	1
CGTTAGCACTGACTGAGTAA	1
TTTATCACTCTTCTTTGAAA	1
AATACGAATGCTTAGCCTCT	1
CTCATTCCAGTCCCTTCTAA	1
GATGTCGAATACCTCACCAA	1
GAGCCTGGACTCACTAACTA	1
CTGTACTCACTACAGTTAGC	1
TAACTCAACACTTCTGCTCA	1
TGCCCGAGCAGGCTAGCGAC	1
ACCTAAAATTTATTCCTACC	1
ACACCCTTATATACCCAAGC	1
CGGTAATTAATCAAGATGCC	1
GAATCGTAGTAAAACCTTTC	1
TCGCTACAAATCATCTGATG	1
ATCACTAACCTGTTGTTAAT	1
AGTATGAGGGGGATATCCAC	1
GTAATGTAACCCACCCTTCT	1
CCAATAAACTTGTAGAATGT	1
CAGCTTCCTGTGGACAAGCC	1
CCGGGAATGTCATCGATTGA	1
CACCCCCCCCTATTATGCAC	1
CTCCCATAATACAAGATAAG	1
CAGAAAAAGCAAAACACGTT	1
TTTCTACGTGAACCGTAGCA	1
GCACACTCAACGCAACCAAA	1
AACGCTTTCACACCCAGATA	1
CAACCGCGAAAAAGCTGTGC	1
TCCCGTTCCACACGACCCAA	1
ACAAGTGCCACGGTGCGTAG	1
ACAAACTCACAGGAGATTGA	1
GTGTCCGTCATAATCCCTGA	1
GTCATTCCAAACTCCGCACT	1
GTGCAGGGACTTTTTTAGAT	1
ACCTAATTAAGGCTTGCAGT	1
CACAAATATGTGACGACATT	1
CCCACCATATGGCAATACCC	1
GCTGAAGTATTGATCACCAA	1
CTTCCCACAACTTTATATAA	1
TTCCCGTCCCTCCCCGAACA	1
TGCCCCCCCACCCTAACTCA	1
CTTGCCCCCCGCACCTACAA	1
TACTACGAATCCGCGAATTC	1
TACATCTCATAGAGCGTTTT	1
TTCTACCTCAAGCACCAGGA	1
GCTAAAGCACCACTTCCATC	1
TAAAGTAAGACACATCGGCA	1
CATTGTATTCTCAGGAAAAG	1
TAATATATGAAGTTACCTAG	1
TGTTGACGCTGAAAGTTTTG	1
TCGTACTTTTACTCGGTTCT	1
ACGTATTTTTACGGTGTGAT	1
AACGCGGCAAACAGGCAGTT	1
CCCACTGTTGCCGGAAATGA	1
TTTTTTTAGTAGGCAGTTAA	1
AAATAATTAAATCAGGCTCT	1
TATACTTTAATGTTGCTCGG	1
CGTCATTCTGCAGCTTAAAG	1
ACCGATCAATGCTTCGGTAT	1
GCAGATAGCGCGATTAGCCG	1
AACGTCCCACACGCTTGACG	1
CCCGGAGCGTGACAAGTCGC	1
TGCACAGACTTCTGCCTCAT	1
AGAGAACGGATCTCTTCGTC	1
ACGAATTAATCACTTGCAAA	1
GATTGTGCGGCGACAACCTA	1
ATCAACCACATGTTACAGAG	1
GCCTCAAGAAGTTGTAGATT	1
ATCGCCGTGAAAGTAGAGTT	1
ATGTTAACATCTTGCTTTCA	1
TGTCCCGGTCCATGCCTTTT	1
ACGCCAGCACTCTATAAGAT	1
GCATACAACGTCAGCCACTC	1
ATAGGTCAATCCCCGTCAGT	1
CTGACTCGTTTATGCTTTAT	1
TAAACGCGACAAATGTTCAT	1
AACGGCCTTGCTACACTCCC	1
TGATGTAAGGTATAGGTTGA	1
ATGATAAATAGGGGTATATA	1
GCTTTGCCAAAGAGACTATG	1
AATTTAAACCCTAACTCTAC	1
GAGGCAAAGCTTCGCACGTA	1
GTATGTGATGTACATGGAAA	1
TGTAGTCCGGTTAAAGTAAC	1
TGACTAATATCTGGAGTGCT	1
CCACCTTTATATGGTCCAGT	1
ACCACTAAATACAGACCGCA	1
TTAAAGACCAAATGACTCCT	1
TTGAATTATACTTGGGACCA	1
CCACCACTTCCATCTGGGAG	1
GGCCAATCCCGCCACTCAAC	1
CCGTGAATGTCAACTGAAAA	1
ATCGAACCCTTATAAAGACG	1
AAACGAGAAACAGCAACCCG	1
TCAAGTCCTCTTCCAAGTCA	1
CAACGGCTCCCATAACATAC	1
TTACTAACAACAAATCAGGG	1
ATCACCCCCACCCGAAACCT	1
CCGGCCTCCATTACCCAAAG	1
GCTTCGAACAGCGATTGAGA	1
AAAGGGCGTGTACGCAGATT	1
ATCGCCACTTAGATTGGCCA	1
GTCTCAGTGCCGCTCACGAC	1
GCTATGTTACTAGCCTCAAT	1
CGCGTGTCGCTTGGCGAATC	1
CGATTGCGCGACACAAATAA	1
AGACGGGGAGTTCGGATCCT	1
ACCCACAACCTCGGAAACCC	1
ATGTCATAGCCTTTCGTTGT	1
AAAACACTATGAGGACCCCT	1
GGTCCGATGTGGTGCTGTAC	1
AAAGAAAGTGTATGGAGAGA	1
ATTACTCACAATCAAGCCCA	1
ATGTTGGCTGCAGCGTCACG	1
GGTCGCACGTACATACGGAA	1
TTTCTCTCCCAGCCCTTTCG	1
TGTATACCCGTGCACGCATA	1
CTCGGGGGCGCCTTCTCTGG	1
ACATATCAGGGCATAAACTA	1
ACTTTGCGTATTACCCTACT	1
AGTGACCTCAAAAGTGTAGA	1
ATACATGCAAGAAACTACCT	1
TGGTCGAGGTATCCATACAC	1
ATACATGCACTAAATGACCA	1
GTTAGTCTAATAACGAATGC	1
AGACACGGAATAGCCGCCGG	1
TACCTCCCCCGCTTAGTCCA	1
CCTGTTATTAGAAGCTTTCG	1
CAATACTACCCACCCTGTGC	1
AGCGTGGATTGATAACTGGT	1
ACATTTTCACCATTTATTCT	1
CGCGACCAATATGCAATTAA	1
ATCTCGATGTTTCCTTTTGA	1
TGCATCCCTAAATGAGTGTC	1
ACATTAATAGAAGCACATCC	1
ACTAGGCGAACATCCCTATC	1
TGCGAGCAGTAACTGCCTAC	1
ACGACGACAAGTGGCACCAC	1
GGTACCCCCAAATAGATTGT	1
CCCCACCCCAATCTGGCGCA	1
TAATCATCTAGCACGTATTA	1
ATAGGTCTGTGAAATAAGAT	1
AACATTACGACATTCTAATA	1
ATAGTAGTCCATCCATATTT	1
GCGAAGGCCCTATAATATTG	1
ACCTACCATTCGTGCCTCTT	1
CCGTTGCGCCGGCGTTATTC	1
TACACAACTCTCGCACTTCA	1
TTGAAGCTCTTCCCGTTTCA	1
TACTATAGTGCGTGGAGGCC	1
AAAGAAACAACCAACTACTA	1
TTGCCCGCCCGCACCGAACG	1
GGCCATACCTTGAATCCCAG	1
CATAGTCCTGAAAGAATAAC	1
AAGAGATCCACACATTGTCA	1
CAAAGCATTCCATGTAGTTA	1
AAGATAAATAGAGTCATTAC	1
ACCCCTTATCAGCACATTGG	1
GCACGCTGCAGTAACTTTAC	1
ATTGAATCGCGAAGCTAGAA	1
GCATTTTAAACACCTAGCAT	1
GTAGACCGAAAAGGCAAGAT	1
GCCCCCACCAATCCTTTGTT	1
ACATCCAAGCCCCCCTCCGT	1
TAGAAATTAAAACGCGTGCA	1
GAAATGCCCAACCAATAACC	1
ACTTTTGGACATCTACGCGT	1
ACACGCTGGCGAGGTAACAT	1
AAACTATTATGCGTTCGCGC	1
CTGCTACAAACGGATCACTA	1
AAACGAACGATGGCCCTAGT	1
GCCCTCCACATAAGGCTACG	1
CCCGTGACTGCGACCACAGG	1
TGAGAAGTCAGACTGTTTCA	1
GAAAATTTATGGCATGGGCA	1
CTTGCGTACAGCAGACAGTA	1
CTTTCCCCCAGTACTAGCTT	1
CCTCGAGACCCTATATCCCG	1
CCTACCGGTATTGCCCCACG	1
ACACACAAGATGCCGGATAC	1
TAATGAATTACATTAGTTTC	1
AGAGTACTTACACGAAGTGA	1
ACCCACGCTCACCATTGCTA	1
GTGCGATTAAGAAAAACAAG	1
TGGCTGGCGGGTGCAAGATG	1
TCAACAAGGGCAAATACCGA	1
ACGAGTCGATGTTGCGCGCC	1
TGACGTTGACCTTGAGAAAT	1
CTGAAACCCGACCCTATCAC	1
TAAAGCTCACACCCTCTGTG	1
ACGGGTAGTTACTATTGGTT	1
AACCGATACTGATACTCTCC	1
CATCCCCACGGCGCCACGTA	1
AGCCTTTACAAACAGTGTCC	1
GCGCACACCACTTAAGAGCC	1
GATCGGTCTGGCTACATCAC	1
TGAAATATAAACCATGCAAT	1
GTGCCCCCTGATTTGGCGCC	1
AATTGTCCAATATAGATGTA	1
GTACGGTGCTTGCCCACAAG	1
TAAGCTTCCGCGTCAGGAGC	1
CCTTCAGTCTAAATGCCAAC	1
TCAACCCCCGCCGCTAAGTT	1
CCTCCCATGTTACATTTTTT	1
TGTAAAGGTACACTATATAA	1
GCCCGCAGTGAATAGAGGAC	1
GTACTCACAGCAGTGTTAAG	1
TTCTGCCTGGAACAGGGACA	1
ACTAGGAGTGGGGAGAATCG	1
CTGTAAAACACTGATTGTGA	1
ACTCTGTTAAGTGTTCGGAT	1
CGAATTGCACTAGATATCCA	1
CCGCGTTGTGTTTCCGCATG	1
AAAAGCAAGGCGCTGGAAAA	1
AGTGCCGGCTCTCCATCAGA	1
ACCGCTTTACTAATATACGT	1
TATGATTTGCCTTCTCTTGC	1
CCCACCCGCCCCCAATACGC	1
TCTGAAGTCCATACATGAGC	1
TCATTAGAGTCGCGTCCTTC	1
ACCCGTGCTTCATCCAATAA	1
AAGAAACTGCAATCGTATGC	1
GCCAACGCCCCTGCCCGTCC	1
GGGGGAGCGAGTTGTAGTTC	1
TGTCTCGCACACGAAATCCT	1
AAATTACCATCCTTCTCACC	1
TCCCGTAAAGTGAAATTACT	1
GTTGCCAACAAACCGCTGCC	1
AACGCTTAGCTCTAAGTCGC	1
AGGCCGAAAAAAGAGGGGGA	1
ATAGAAACGAGCCCACCGAA	1
CGAATCAAAATAGAATGTGC	1
CGAAGTATAGGCACACGCAC	1
TCTACCCGGGGACATCCACG	1
AACCTCCTAGCGGCTCCGCC	1
ACACACCGGCGCGATGCATG	1
AGGGTCAGCTACACGGACCT	1
GTTCGGATGCTCATTTGGCC	1
GAAAAAGGTATGAAGAATCT	1
GGGGATGACTGGTTAGAAAC	1
ACACGCCGTTTCACGACCGA	1
TCTCCAACAACACAACTATG	1
TCGTGTGATTGGGGATGCGA	1
TGGTCAACCGAAACCAACGC	1
AAATAAATACATATTTTGAT	1
ACAGTGCATTCAAGATAAAA	1
CGAATTAAAGAAATGTGAAA	1
TTACAGCTTAATCATGACAA	1
ATAAACTCGACCCTCCCCCC	1
GTATTGGATATCGAGCCGTC	1
CTCTCGCCTCCTTTCTCCTG	1
GAGATATGCAAATGTAAATC	1
GGTTATGCATCCAATTGCTG	1
CATTCTACATACCCCTGCTA	1
CTTAGAGGAAAGAATACACT	1
TCGGTAGCCTAAAGGCATAA	1
CGATTGGGTTAAAGCAGGAT	1
AACACAGGTACACCATCCTT	1
TACCACCCATTTTACTAAAC	1
TGATACCTGAAGCAAGAGCA	1
ACGCCGCCCAAGCAGTTCTC	1
AAGAACTCCTCTACTGACAC	1
AGATATAAAAATCTCATCCT	1
TTCGCTCCGACCCCCTAGAG	1
TCATTTCCGCCTTTGCCCTT	1
TGACGTTCAATGGAATGTAT	1
CAGTAATCCTTTAACCGTTT	1
CGTATCTCTCTGGATCCGTG	1
ATTGCCACCCGCCGACCACC	1
TAACAGCCACAAGCGGTTGA	1
ACACAAGAAGGTATAGACGT	1
AGAATTCCCAACCACGCGCC	1
TCTCCTAGACCAGATTCCTA	1
GCCAGTTAGTAGATACTAGG	1
CATGAAACCAAACATTACAC	1
ACACCCCCCCCAACTAACCA	1
ATACACACAAACGCCTACAG	1
GAACGCCATCGCCCACCCCA	1
CCGTAATATGGGATAACGAA	1
AATGTCACTGCACCTGTAAA	1
GTTACATATCTCGCAAACCA	1
AGAACAGATAATTACCAACG	1
TCACATGGCAAGAATAGTCT	1
GGACCGCACACGCTGATGCA	1
GCGTAAAATGGAGCCCCGCT	1
ACCAATACAAATGACTGTCG	1
GTGCAACGAGGTATTAGGCT	1
AGATTAGCATGCAGCGTGTA	1
TAGCACCTTACACTCTACGA	1
ACGGTTTCAACTATTAAGAA	1
TTGCGCTCGCAAACGTGGGT	1
TAGAGCTACTTAAAAACCGT	1
AGAAAATGTCAAGGTATCTG	1
TCTTATTGTACACCGCGAAG	1
AGGGAAAGCTATGATAAGCG	1
GATAAGGAAACAGGGAAATA	1
ACGGATTACAAATCGACAAA	1
GACGTTAATCTACTAATTCA	1
CTATGATAGCCGCCGCGACA	1
AAAAGAGGCGATATTACTAG	1
GCCCTTTCACGATAATTAAC	1
TTGATTATCAGGACGATAAT	1
ACTGCCGTGGATTCGATTCG	1
AGCCCTAGTACTCCGCCGCC	1
ATCATGTCTCTCTTCTGCTC	1
AAGGTAATGCAGAGCGCGCA	1
CGACACATACGAATTGTACC	1
CCCTATCCTTGGCAAAACGC	1
ATGTTAATTGTATAATAGTT	1
AAGAAAGCCTACCCCGTACC	1
GTATTGTTCGGGAAGGACTA	1
AAATCGATTACATGCCCCGC	1
TCAACTTTGGAAATAAAGCA	1
ACCGACCAAGGCAATGATCG	1
TACCACATAACACCCGTACA	1
CCACTCCATCGGACGAGGTA	1
AACTGGGGCAAATATTGGTT	1
ATGTCGCAAGTTATTCCCAT	1
TACAAATACTCCCTCTACAG	1
CCAACTATAACAACTCGTTT	1
AATGAAATACAGGCAGCCGT	1
CTACTAGCTGCCGAGACACT	1
CAAGAAGATTTATGGAAACA	1
TTCGCACCAGTAAAAAGAGA	1
GGAGACAGGGAGGTAGTCTT	1
TGATCATAATTCCAGTCGCG	1
GCTTGCGTCTCGGACCATCC	1
ACCATACAAATTGTCGTAAC	1
GCCCGTCGCCGCCTCAAGCA	1
GTAGTACTGTAGATATGAAC	1
CCGGTGAATGCTAATATATA	1
GAGTACCTACCAGATTAATT	1
TTCTACTGTCTAAAAGATAA	1
ACGTACTAACGCGACCTAGA	1
GATAACACTTCTAACTGCAC	1
AGACACAGTGAAGACGTCCC	1
ACAGACCCATTTGTACTCTA	1
TGCCGCACCGTAAATAATAG	1
CCCCAGTTTAGAATAACGAA	1
TCTCAATAATGGTCCATCAA	1
CCCAGCATCTGGACCGAGTT	1
AAATTAATATGATAACACTT	1
CACTTCTGCGAAGCCCACCA	1
TATAACTCTCTTATTGACTC	1
TTTTCCCTCCGGAGTTACCT	1
ATGCCATGATACGTTGCGGA	1
AAGACATACCATCACTAGAC	1
ATGATATGATCGTGCTTTTC	1
CCATACTGCGCAGAATGTCC	1
ATCGGACAGTAGGGACATAA	1
GAATAAGTAAGGACCTCCTC	1
AAAATATTGCGGATGCGACG	1
CCGCAACACACTATCAACTA	1
TCCTAGATTCTACAAAGGTG	1
AGCTAGTGGACGTTGACGCA	1
CCTCTTCAAAAGTATGACCG	1
TGCCCCTTGCCATATTCTGA	1
TTATAGTTACTTCAACGAAA	1
ATCAACTTTAAATTGTACCC	1
GCTTGCCAAAACAGCGTATA	1
GTAGGGAACACAATATTCTC	1
CCAAACTCACGCCCTACCGA	1
TGAGGTAGCCTTCCCTGATA	1
AGAATGCATGTTACAGTAAA	1
TCATTCCTTTTTGGTGCGGA	1
TATGAAAAGGGATAGTTGAC	1
AAAAACTTGCGCGAGGTACA	1
ACCCTTAAGGTTGAGAGAGT	1
AGTTGAAAAACTGAGAACCA	1
TCCTTAAATGTGTCACAAAT	1
GAACGGTATGTAATACACTT	1
AGACGAAGTAACCATAGCAC	1
AAACTTCCCTATAGAGTATG	1
CCCACTAATTCGTTGTCGTG	1
CATCCAACGCTAATATCCTC	1
ATCCACGGCGCTAAACCCCC	1
AATCCACCTACCCGCCCATC	1
GCTAACATCTGCCTGGGGCC	1
CATGGTTCCTTACCACCCCC	1
AGGTTGGAACCCGGTCGTAT	1
TTATAAGAATACAGGAACGA	1
CCCGAACATTAATTACATCG	1
TCACTGCCAACCTTATCACC	1
GGTTAGACGGCCCTCCGTCA	1
ATCCCCAGGGAGCCTATTTT	1
AGACGCCAAAGACAACCCTG	1
CCGTCTCACCAAACGGTTGC	1
AAGATGTACTAGTAGCCAAG	1
TAAAAACCACAAAAAGCCAA	1
TTCGTTAATTCCCCATAGTG	1
AGAAGGCACCATGCTTAAGC	1
GTGCAGATATTGACCGTTCC	1
CGTTACGATCGACCAAATCC	1
GCCGCCACTTTTTGCCGTTT	1
TACTCTTACTGATATTTAAA	1
CCCCCACTAAAACGCACAGA	1
GGATCATGTAAAAGAAAGTT	1
CATTTAGCGCACTCTTATTC	1
TGAACGCGGCCATGATTACA	1
CTTGTCTTACCAACACTCGC	1
TACTTTACCCACCGTCAAAC	1
GAACGTAATGGGAACAAACA	1
CGTCACCGTTGCCTTCGGAC	1
ACGCTAAGCCGAGGTAATTT	1
TAACAGACTTGCTCACGCTG	1
CGATTATATTCAAGTCCCAC	1
AAATACCGGCGGTTGGGACG	1
TGGTTGCGATAACTCAACGC	1
TTCAAATACCACTTCTATCT	1
TAATGCCTCGCTTGGTACCA	1
AATTCATGCCTTAGACTTCC	1
TCATTTCTGATGAATGCTTG	1
CATGGCAAATTGACCCCTCC	1
ACACGAATCTGATTTCTCCC	1
CCGAGTTGAGCGCGTGCTAT	1
AACGGCTCTAATAACCCTGT	1
GTGAGAGACTCTTCGTAAAA	1
TACTACCCCGTAGGTTACGT	1
TAAAGAAGTACAATGTATAT	1
TTAACTAGTACATGCTGATC	1
ATCCTTGGTGAATAATGTAC	1
CTCGGCGAGGACGCGACACG	1
ATTGGCGATACCGAAATTTC	1
GCAAAACACTGCAGCGAGAA	1
TCATCATCTATCCCCCCCAC	1
AATCCTCCTCCCCATCCCAC	1
CTTAAAATGCCGTGCCCCCC	1
AGATGGAACCCACATCTTAC	1
ATCTAGCCCTGTTGCCGTAT	1
GAACAAAAACTCGAATGACT	1
ACATTAGAACGCAAAACCGC	1
ATCAATTCAATTCCGTGCAT	1
GATACGGAGTGACATACTTG	1
GTATATTCCAAGAAACCAAG	1
GCAGAGCATTACAACTAACC	1
GAGATCTTAGAGGATACTGC	1
TGAATACTGACACCACCTCC	1
AATCCATATGTATGGAATAC	1
AAGCACGGTCCCTTGTATAT	1
CAGTTATAACCTAGTGCAGA	1
CTGGTAAGTAACATGAATGA	1
TGTAGTAAGGTCGGCATCAC	1
ACGGAATGACAACGACAACT	1
CATGACAGCGTACCACCCTC	1
ACATGCCTGCCCATGCAAAC	1
CACCCTATGTTTGTAACTAC	1
ATCACACGCGACTCTGCCAC	1
TAGAAGAAGTGTCACTAAAG	1
TTTATAACACGTAGCTCCGC	1
GCAGCCAACAAATGCCCGTC	1
GGGCGGACAATCGCTACTAC	1
TCATAGTTAGAACTTAATCA	1
CGGGCCAATTGAATACAAGA	1
GTGCGAACGTCGTATTTGAC	1
ATGTAAGATGCTTCTTTAAA	1
GCACAACTAAAATCCATCTA	1
TCATTCTATTCACGGCGTTA	1
CGACAATACAAGCGGTGACA	1
ACACTCTCGGAATAAGTGTT	1
GTTCATTCCATCGCGGTGTT	1
ACCGCGATTAAGTTCAAGGA	1
CGCACGTACTGTTCAACTAT	1
TCGCTTTTATGGAAATAAAG	1
ATAAATGCCCGGCCTACCTT	1
ACTGGCGCTACCATAGTTTG	1
AGTTATGAATTCAAAGTACA	1
CAAAACGCCCTATTTAGTCA	1
CAACCTCACGCACGGCGAAC	1
CACGCTTGAATCAAGGGTCT	1
AAATAAGAGTCTGTTCTTAC	1
AAGTAGCACTCCGGTGGTTC	1
AGGCGTGATAAGATGCACTG	1
ACAAGCGCCGTCAAGAAACC	1
GCACTCTCATAATGGCCCAG	1
ACTATTTTGGCCGTCAGCAG	1
TCTATTTCTAACCCCTGCCC	1
TAATACCTCAACCAACGCTG	1
CTGATATAAACGACCACCAA	1
TATTGTATAGCTATGTGAGC	1
GCGGCCATATCGAGCATAAA	1
CTAAACTACGCAGGGCATGC	1
ATGTTAGCCCGGGGCGTATG	1
TGTCTTCAAATCACAGCCAA	1
AGCGGTTAGAAATCACACAC	1
CCACCCGTTGAATCTTTCTG	1
ACTCTTGATCTTTCGATAAA	1
CCCCATGAGCACAGAAAAAG	1
CGCCTGTCGGTCTTAACTCC	1
AATTGAATGCCCGAAAAAGA	1
GTTTTCCATTTCGTTTATAT	1
ACCTTGTACATCTTACAGCC	1
AATACCGCTAGCGACAAATC	1
GTGAGAAACGGATTACACTC	1
TAGTCAAGTTTTAAAGGGCG	1
TTACATTTTGCTGACCACCC	1
CCGGCACTTAGCAGCGAAAG	1
AGTACCAAATCTCAAAGCCG	1
TTTGTGCCCCCTAAGACGCA	1
TGATGCTCTAATCATGCAAG	1
ACCTAGGTAAAGGCCTCTCC	1
TACACTGGCCACCAAAGGAT	1
TATAACGAAGCAATTCACGA	1
ATTAATGAAAAGACGAATTG	1
TACAAACGACAAAAAAGTGA	1
AGTGATCCGACATCTGTAAG	1
AAATAATTCCAACTGTATTT	1
ACAACTCACGTGCAGCGCAC	1
GAACTACTCTGCATTGCGTT	1
ACAATACTCATCTCCTATAC	1
GAGTTTACGGCGTTGGCGCA	1
AAATTAAATGAAAAGTGCCG	1
TTAAAATCGATCAGGTACAA	1
CAAACTATGCGTTGCCCTAT	1
GTAACCTCACGCGGTAAGGT	1
AGATGCAACCTACAATGATT	1
TTAGGCTGATAATTACCAAA	1
ATACTAACACCTCGACAACC	1
ATACATTAACGGTCTCAATT	1
CCAGCAAGCGCCCGGAAATG	1
ATGGACGCTCCCTCAGGGGG	1
GCACGCGTTTAAGCCACGCA	1
GATCATGAAAGAAGGAATTA	1
ATATTGATATTAAGTTGTCT	1
ATTTATCATAGAAATTGCAA	1
CCATCACACTTCCTTAAACC	1
ACACTGCTTTCTGCGACCAT	1
CCACCGCACAATCCCAACCT	1
AAGATTCCGGGATCCGAGAC	1
GTTCTTTCAAGTGTATCTAA	1
CATACAACAAGAGCAAGTTA	1
TAGCCCTCTGGTGCATCCTA	1
TCAGCAAACTCCTCTAATTT	1
CACGCCGTTCGATATAAGGC	1
CAGGAACCACTCACCTGTGA	1
CGAGACGCGTTATCGCTATG	1
CGTCGCCATATGCTCCCATT	1
TAACCAACTCATCGTTGGCA	1
AATTAACACGTCCCCGCCTA	1
TCGTGCATGTAAACCAATTT	1
GCGTATATCCAGATGTAAAT	1
CGGTCCCTTAGCCCAGTTTC	1
AGCCTCCGAACGAGAGGTAG	1
CACATCCTCCACTACACCCT	1
CGCCGATCCACTCAGCTTAT	1
CATGGACCAGACCCCAGCTT	1
TAATCGGAATTCCCAACCTC	1
AAGACACTCCAGGACACTTG	1
GCAATAACTTGCTAATCAGG	1
ACGCTCTTCAATCCATATAA	1
TAGCTCAAAAGGTGTCGCTT	1
ACAGCAGTAACAAACACCTG	1
TTTAGAATGATGTCTTAGGA	1
AAATTGCGAGGAAGGTGCTC	1
AACGCCGCGGTATCATCCGC	1
CACCTCAACTTAAACAGCAC	1
GTTGGCAACATTGTAAAGAT	1
CCCGATTAATGAACCCGTGA	1
TTGATCAGGAGCCAGAATAA	1
GGAAGGGTAGCAAAAGGGTT	1
TAAAACACCCTCCGAACCAT	1
GCTAGGCAGGCATATGTTGT	1
GAAAATGGATTGACCCCCGA	1
TGGCACGAAATCGTGCTAAT	1
CTGCAGAAACATACTTACAG	1
TCTTCCTTACACTTACCCTC	1
CTAGTCAGTCTTGCCTTTAG	1
GCTTAATAATAGTTCGGATA	1
CAGAATCCTATGAAAACTGG	1
AGCAACTTATTACAATACCA	1
TAGGGAGCGCATAAGGGTGC	1
AACAAATGAGTTCTAAGAAA	1
ATTAGAATAGGCAAAAGGTG	1
TGATCCCCGCGAGAAAAATG	1
ATGACTTAGCTTTTAATTTC	1
TGGTAAACGATGTCTGAATC	1
CCTGTCTATGATTTGTAAGG	1
AAACCGCTTAGGGCACACTT	1
ATGACTTTCTAATTGCGCAT	1
AGGGTATCCAAAATTATTTA	1
AGAGATCGTAGTTGATCCCT	1
ATACCGGTTAACAAAAGCAC	1
AAATTACCACCGTGGCTCCA	1
CCGCCCTTTCACCAGCTAGG	1
AACCTCCGACTACACACGAG	1
AAGGACATTCTGGCCGAGAT	1
CCCACGCCTATCAACCGAGA	1
AACCTAATCAGGTGGAAAAC	1
TGGATAAGTCTGAAACTATG	1
GAAGCCATAGCCCTATCGCG	1
AAGCACAAAATTCAGACGCA	1
TGTTAGCGTATGGGTGTCCT	1
TCCTCCATCCAACACTCCGA	1
TGAAATGCAAAAACACCACC	1
AGTTTACTGCGAGAAAGATT	1
TCAGACATACAATGGTAATA	1
CTACGCGTGATAGCGGTCCA	1
GATTGAATTCCTCTACATAG	1
AGGCCGCGCAATCTCAAATG	1
TCCGTCGGTACGTACGCCCA	1
ACAGCACGTGTTACCGAGCG	1
AAGCACCTAGGTTGAGGCTT	1
ATGAAGATTGCTGAGAGGTT	1
ACTACATCCAGACCAGGGTC	1
TAGGTGGAAAGAAGCGTTTA	1
TACGCTCCTCCTGTGCAATC	1
AAACCTCTGAAGCTAAAATT	1
CTCTATACCCAAGTTGTATA	1
TCACGAAAGACTTACCTTCG	1
TTGATAAGACGGTTTAGGGC	1
AATATAGGCTGTTCAACTCA	1
CCACCCGACTAATACCTGCG	1
GCAGCCATTGGGTGTATCGA	1
AACAATACGCGCCAAAACGA	1
AGAGAACACGCAAACTTCAC	1
ATGACTATATTATTGCTCTA	1
TGTCATAAGGGAACTGCTCT	1
TGCTCAAACACCTACCCCTA	1
TTCCAGGATATAACGTACTT	1
ACACGACATACCGAAGCGTG	1
GCCCAGAAAAAGATTACGAA	1
GCGTCCCAGGAGCGACGACG	1
ACACGATTTAAAATCAGTAT	1
CTCTACCCCCGTCCTAACGC	1
TGCTTGAGGAGTGCCACGGC	1
GGTCCATACCATGCTAAACT	1
ATATAATACCTGGCGCAGCC	1
CTTTTCCGAGAAAATCTATT	1
CAATCATATGAAGAAAGTCG	1
TGTCGACATCAAATGATTAC	1
TTCAGGGATAAGAACTTCAA	1
AAATAAGAGTACCGGTACCA	1
GCACCCCGAACCGCACACCA	1
GAACACTTCCTATAAGTCTA	1
ATGACATACCACCGCATCCC	1
CTTACATGCTGATAATACAA	1
CCCGCTGCTCCACGCCCCGC	1
TAACATACCTCTAACAGTAT	1
AGAATGGTTCATGCGCAAAC	1
TCTTCTGTTCCTACCCAAAG	1
CCTTACACGCTGCATATAGG	1
AACCAATAACACCTCAATCC	1
TCAATAACTTGTCATGAAAT	1
CGGACCGTCGTAAGACATTC	1
AACCTCAGGGAACAGAAACA	1
GGAAAAAACCAGCTATGGGA	1
TGTGTGAAACGTGAGGAGGC	1
ATGATCACTAATCAACCTCA	1
ATTGACAACATGTATTCTAA	1
CGAAGCCGCGCATGTTTCTA	1
GAATAAGCTCCTGTTATAGG	1
TTGTCTGCCCAGCCGTACGC	1
ATTAGTCTCCGCATCCCTAC	1
ATCGATTGTGCGGAGTGTCG	1
TACAGCTCCTTGGTGCTACC	1
TGCCGATCAAATGATAGCAC	1
TAGAAAACACCAAATATTTA	1
ACCTGAATGAACTACTCAAG	1
ATGTGTGCTCAAAATAATCC	1
CATGTTATAGTAAATCTCTT	1
ACTAGCCGTACGCTGTTCGG	1
AATGGTGCGGCGATCCTTGT	1
AAACTGCAATTATCCTCAAC	1
GTCACTTCTCAATTGAGATA	1
TCACTGCTTATAAAAACTTC	1
CCTAGCGAACCTTCAAGTTT	1
AATGTAGCTTATATAGCACC	1
CCCACACCTTCAACGTTACC	1
CGGCCTACGCACTTGGTTGC	1
TGGTTTGTTTGCTTTATTTA	1
TCAAGAAGGTATTCATTCAA	1
AACCCATCGGGGGGACAAGG	1
TCCTAAATGCAGGCGCGAGA	1
TGCGCACCACATTGATTGTT	1
CGACAGCCCCAAAATACAGA	1
CTACTGCTTAGCAAATTAGA	1
GGGCCAGTTACAGCCGTAAG	1
AACCCCATTGAACTATATTA	1
TCACCAGTCTCTGACCTTAA	1
AATTCACAGATGCAGGAGAA	1
TTGGAATAGAACACCTTAAA	1
TGCAAATGACCACAAACGGG	1
TTAAAATTGCTATGTAATGA	1
CGGCGGTATATACTGTCGCC	1
AAGTGTATTATGGGCATACC	1
AAAGGGTGAGCGTATAACCA	1
TTGCCTTTAGCAGATCTTTT	1
AGCGTACCCGATATTATAAT	1
GACATACAATTGTGACAAGC	1
CTGGGCGTGGAGCCCCCACT	1
TCGAGTACTCCTTAAAACCC	1
TTAGGCTTCAGCCCATCCAC	1
ATCACTGCTATTACCCCTCA	1
GCACAACTGAGGGCGGGGTA	1
TGCTCAAAGTGAACCCTAAG	1
AAACTCAAACTTCGTGCTCC	1
ACGATCCCCTCGCGCCCCCG	1
GCCGAATGGAAATTGGTCAG	1
AACCCTTATCTGTCCTAGTA	1
CTTTCACGAGTAATCTCCAT	1
AAGCAAACTGGTATATTACA	1
CCATAGGATGATTACTGCCT	1
CCGAGCGCGATGATCCTCCG	1
AGATATGACTTGTGTCGCCA	1
TTACACACGCATCCAGACTT	1
ACCCCTACCGGATTATAGAA	1
TAGAGTAAACTATAAGTCTA	1
AACTAATTATCACTCGCAGT	1
CCCGGTCCACCGCACTACCC	1
AATTTTTACATCAATCTGTA	1
AAACAATTAAGACCATTTAC	1
CGGCTGCTAGCCTTGCTTAC	1
CAGTGGAAGCGACATGATCG	1
AAGTCTGAGGCCCCTATGCC	1
GAAGAAGAGGAGCACGGCAT	1
GTGGACCTAACGAGGAGGAA	1
GATTGCACACAATGTGCACA	1
AAAAATAACCTACACTCCTC	1
TAACTCACCGAGCAATATTC	1
GCGTCACTACTGAAAATTAC	1
GCACAGTATCTAGAGCTGCG	1
AGTTTGCCTCACTATTGCAA	1
CGCACCGCGAGAAAGACAGG	1
GGTGGTTACAATAAATAAAG	1
TTTTTGATAGCCCCCTATCC	1
TAATGGAGTATCTACCATCA	1
ATTTGTTTAACAGTTTGGGA	1
CCCTGTATGACCCTTCAACC	1
CACTGAAACAGATAGGGACC	1
CAGAAGGGACACGGACTATG	1
AGAATATGAAAACAGCGACC	1
AAAGATAGAACAAACTGGCA	1
GCGCCTACGATCCCTACGTC	1
CTCATTACCAATGTGGCTCC	1
TTGCTGATGTAAACACAACT	1
ATTATTTCGACATCATGCAA	1
TGATACCACCGACACCTAGA	1
GGACCGCGCCCCGTCCCCGA	1
GATAAGAATCATATCGGCGT	1
ATCGAGGTTTCAACACATAG	1
CCGAGAATATATGCTTACCT	1
CCATAGAGCCGACCACTTCT	1
GCCAAATGGTGATCAAGAAC	1
ATAATATACGGTAAACTGCT	1
TCGCGACAACGGACCATTAC	1
GCGTTCAAACACGGCAAAGT	1
ACCTTGCGAATTAATGTATC	1
AGAAACTTGAAAGAAAAAAA	1
ATGAACCTCGATTTGCACAA	1
CATGAAAATACGGACAAATC	1
TTCTACACGTCCCCTCAACC	1
ATATACCATGCTAAGGTCTT	1
GGCAGAGTTGATAAGGCTTC	1
TCAAACATCCACTGAGCCAA	1
AAAGTAGCACCATGTCCTTC	1
GTGCCCTAGCTCCCTCTAAA	1
GCAAAATACAGTGATCTATC	1
ATCCATAAACGTAACTTAAG	1
TAGATTACATTTCCTCTACA	1
TTCTGGTTCACTAATGAGAA	1
ATGCAGCAGCCCTGCTAAAT	1
AGGTTAACGCAACTACGCCC	1
CAGCACGCTCCCTCTCTTCG	1
GTATTGACTTAGCCTAGACC	1
ATGCTTTACTATCTTTTACG	1
GTACACCTTTCCTATGTGTA	1
TATTGATACTTGCGCATCAT	1
ACTTCAAGGGTTACTATAAT	1
CATGACCGTATATACTTCTC	1
CACCCAACTAGAGGTGCAAT	1
CACCCTGCGATTTGCACACT	1
CTGTGTTGCAACCGACTCGT	1
GCGAACAGCGACAATACCTT	1
AACAATTCATAGGACATTGC	1
CCAAACAGATGACCTTTTGA	1
TCAGAAATGATACTGCACAG	1
TTGAAACGGCGTTGCCTAGC	1
GCACGGTCACCCAACTTTCA	1
AAGGATGGAGAATGTACGGT	1
CCGCTAAATATTAGCAGACT	1
CTCCGAACTAAAAACAACGC	1
CGACGACACCGGACTACCCT	1
TCCCCCACTAATGAGGGAAT	1
TCAAAGTCAAGAAACAACCA	1
GATTGCCTAGCCTAATGCGT	1
ACCTCTCCCATCCATCTTTC	1
TGCCTGGGTGAACATTCATG	1
GACAGGACGAAATTCAACTC	1
TGAGGATCTGCTCAACAAAA	1
GCACCGGGAAGACAACCGGT	1
TAGGGAACAGTCGTAGGACT	1
CTGGGCTGACACCAACGTAC	1
TGATGTTCCACTTTGACTTT	1
AGCTCTCGCGAGGCCGTATT	1
AATCCCCTCGGATCCGTACT	1
TGCCCACGCACACTAATCCC	1
GAGATATCCAAACCCAGGGC	1
TATGAAGAGTAAGTGCATTC	1
ATCCACATCCCCACCTCATT	1
TATCTGTTATCAATTATTCC	1
AGCACATCCCCTTCACCAAC	1
TATTTGGACAAATATAAAGA	1
AGTTGCGAGTGCGTACGAAA	1
ACTGCGAGAATGCTGTAACT	1
ATTGTGCCATGTGAAGCATT	1
CATAGTATCTATTACAACCT	1
GCGTACCAAGTTGTCGATTC	1
AAAATCAACATTATCACTCA	1
CCTAACAAGAGACTTTTTGT	1
TTCTGAGATTATAGCCCGTT	1
GATTCCCCCAATACAGATAA	1
ACTCTTGAAAGGCCCCCCTA	1
AGACAGGAACTCCACGCAAC	1
TTCTTAAGTGTTCTAATTCC	1
AATCGGAAATGTATATTCAT	1
GAACTTATGAGGTCTGTCTG	1
AGTTGTCTGTCATGTCACAT	1
TTTGTATTCATTGACAATAA	1
AACCGCGTCGCACTTGCACA	1
GCATTAATTAATGCGTAATA	1
GTGTACAGTCCTTTAAACGC	1
TTGTTGTTACCGGACACACA	1
TCAAGCGTAGATGTGGATAT	1
AACGCACCTAACTGAGGTCA	1
GAGGGTGTTCGATGCATAGC	1
GTAGAAACGATCCAGACTAG	1
ACATCTCTAAAGGGCATACA	1
GCTCTGACTCGAATCTTTAA	1
AGGAGCAGAACATTTCTTCA	1
CGTAGTCAAAAAGTAAAAAA	1
TGAAAACTAAGCAATGGTAT	1
TTCGAGAAATATCCATAATG	1
ATGTGCGGTGAGCAAGCGTA	1
TGAATCATGAACAGTACAAC	1
AATTCATACGTTAGACACCC	1
ACATACGTCAATCAATATAA	1
TAAATCGTTGAAAAAGTCCT	1
ACGGTTTCGCCCGACTTTGC	1
CAGAACAAATACACTCTACC	1
CCCGCTTCCCCCAGTACCTC	1
AGGCTCACGTGCGGGAATAA	1
TGTCAACACGCATAACAGCA	1
GACCCGCGTGAGAGTCATCT	1
GCAGCGCTTGATACCTCGCT	1
CTATCAGCCCAGCCCCTCCT	1
TTCTGGACGTCAACAGAAAC	1
AAAATCATGTTTTAGTCCAA	1
GCAGTTTCTACGTCATTCAC	1
TGCGCCTACGAGTTTCTTTC	1
GCATTTTTACGATCCTGCGA	1
ACACCCCTCATACACTTTAC	1
ACTTCCTTTATTGCCCACAC	1
TAGGCAGGAAGAAATAGGTA	1
TCACTGTAACTGGTATTACG	1
ATATTCTTCTTATAAACCCA	1
GGCGACTCCCACGTGATTAC	1
GATATATTAGGGGACCGCGC	1
GCATCACATACTAACGCGTC	1
TTTACTAACGCTGGCAATCC	1
CCACTCAATTACAGCAGCTA	1
ATCACCGGGTATAACGATCC	1
TCTTCACCATATCACGCAAC	1
TAGCAAAATCTGTTTGACAC	1
ATCTATCCATTTGTATCGCT	1
CAACCGCTCACACCCTCACT	1
GAGTATAAGAAAACAGTTGC	1
CCGCCTTGCCGCAACTCCTG	1
AAAGGAAATCATGCTAAGTA	1
AAGTACATGCGAACGTGTCG	1
AACCCAAATATACTCATTAG	1
ACTGCGCGCGCCTCTGGCGC	1
GCTCAAGCTTTTTTTACGTC	1
AGCATAGGAAGTCGACGAAG	1
ATCCCTAAACTCCCCTCGCT	1
ATAAACGAGTACGCGAGCAT	1
TCACACTCTTCGCTCAACTC	1
AGTGAATGACTTTTTAGCAG	1
GCTTTCTCTCTGTGTACAGC	1
ATGTGCGCAGATACCAACTG	1
CCCCGCCGCGAAATCATGCG	1
TACGCGACGTTCGATTACCA	1
ATAAGATACAAACTCTCCCC	1
TTACGAACCACCGCAGGCGC	1
TATCACCTATGACACAGTTA	1
AAAGCGTAGATTTTACTGAC	1
TGCCGTCCAAACGAAACCCC	1
GCGAGACGGCCCGGAACCGA	1
TACATCGCTACCACCTAATC	1
AAGCAACAGAAGCATGGTTG	1
ATGCATTTATAGCCGCTCAT	1
TACTTCTAGTGTAAAAGCCA	1
AAGCAGTGTCAAGGCTAAGA	1
TAGATGATACACACCTTTGG	1
AAGACATTCGCCAATAAGTT	1
ATGGTTTCAGAAACGACGCT	1
GAACCTATAAGCGTGTACGA	1
ATACCACGACGCCTTTCCTA	1
ACCGAATAACCGGCGTATAT	1
GCAAAGGCAAACACCGTATA	1
AAACACGATGGAAGTGAGAG	1
GCCACCACCTAGGATAGTTA	1
GCGTCGGCTATGACACGGCT	1
TACGCCGAACAACGTACCGA	1
TAATGTGGAATTGATGATTA	1
TATGAAAACATTCACAACGA	1
TTTTGAACGCGTCGCCTGGC	1
CCTCGACCACAAGCACCTCC	1
TTCCACTCGCCTACCCACAT	1
TTATAATACAGCGATCTCAA	1
TCAAACATCTGAAAGGAGCT	1
CAGTAACATGATACAACGAG	1
ACAAACACCGCATTTTTAAA	1
ACATGACCCCCACCAAATAC	1
CCCTTATAACCAACGACATA	1
GCAGATTCACCGGGGGTAAA	1
TTCGACCACACTCCTTTCGC	1
CATTATCTGGTCTCTACGTG	1
AACATCCCCCACCGCACGTT	1
AGCAATTTCTAACTAACTAT	1
AGAGAAAGAATGAAATCGCA	1
ACACTATCGACGACCCCTAG	1
ATATCGAACCCACCTCCCGC	1
ACGTGACTGCCACACTTGCG	1
ACATTTAGGTCATGCATGCT	1
GAAACAATTTATCGGATTAT	1
AAAGTACCCTGAAGGACCAT	1
ACAGCCCGGTGGACGACTCT	1
CACTCAGAACACTGTATGTG	1
CCCGCCACCATGATTTCCAA	1
ACACACCCAAAGCCGCATCC	1
TATCAGTGATAACATGGGAC	1
CAATATACCATTAATATGAA	1
CACTTTCTGTTATACTCTAG	1
TAACTGTTTTGCAATATGTA	1
AACTCTATCACGACATACAG	1
AGCAAGTCATACGTAAGACC	1
ACAGCCCCCGCACCAACTCG	1
TTGCGCGCTAGGGCAGCCGC	1
ATCCTTTTGATATACACAGT	1
AACCCGTTGGACGCCCTATA	1
CTTTTGCTATGTCCCATTTA	1
ATCAACCGTACACACCCCAC	1
TTATGAAATGAACAATACGC	1
AGAAAGTGCACGCATTCCAA	1
AGTTAAATATTGCAGGGATC	1
TGGCCGATGCTGCTATTAGT	1
ACGGATCAGCTGTACTCGCG	1
GGGTGAAGATGATTCTCAAC	1
TTGTACTTAGAATACAGCAT	1
AGCTATGAAACTATTACAGG	1
CGTGAATTGGGTTCCGCCTA	1
ATTGTCAGACAGGCGAGGCC	1
TCGATAAATGGTACACGTTT	1
TCACCAGGGACTCTGGGTAA	1
ACTGCCTACCCTCACAACTG	1
GATTAAAATAGACTTTATTT	1
AGGCACGCGCCACCAACAAT	1
GAGTAAACTACGCACTCAAA	1
GTCCAGGGCAATCGGGCCCC	1
ACCAATATGACGTTCCCTTT	1
TTAGCGAAGGATTCACATTG	1
CGTTTACACCCCCTACCCCG	1
ATTTACGAAATGCCTCCGCG	1
GAATATAAATGGTCCGTGCT	1
AAGCAGCTCTACCCCACGAT	1
TAGCATCAATCTGGGCTCAC	1
CCATGGGAACCCCGGCGTGC	1
TCAGAAAAAGACCCGCCCGG	1
AAAGGGAGACTTCCCTACAT	1
ATATATAGGAAGACTCAAAG	1
ACTGCCACATTACCCCTGTA	1
AACCTGTACATCTACATTAT	1
TATTCTGTACCCGTCCTCAT	1
CATCCTAACCCTCACTGCTC	1
TATTTGCCACTAATATAATC	1
GGAAATGGAAGGAGCCGGGA	1
GTCAAAACACCTCGTCCCCA	1
ACACACCTATCTCCGAACCA	1
ATAAAAAGAAGCCCATATGA	1
CAGGTTCCATAGTATCTCAT	1
CTTTGTCGAAGGGATAAGAA	1
TTGCTATTTCACACCACCCA	1
ATGGCGCACTACAACCCGTA	1
TGTTAAGCCTGCGTTTGCCT	1
TGTTCACACCAAACAGATGG	1
CACACGCTTACCCTCCCCTC	1
ATCAGGCGTATAGCAGGACA	1
ATAGTAGCTTGACTTACATA	1
TACCGCGAGGTTGCCACCTA	1
AACGATACCCCACGAATAGA	1
CCTCGAAATAATGATGACTT	1
ACGAAAAAGAAAATCTTAGC	1
GGGTAACGTACCGCCGGAAA	1
GGCTCTAATACCTCGCGATA	1
AATAGTGCCAGTAAGGCACA	1
TATTACACTTACACGCTGAT	1
ATTCACCGCAATTTTGTCCG	1
CAATATCACACGATCTTGCT	1
CACGGGACATACCCCCCACC	1
ATACTCTGGAAGAACGTGGT	1
CGTCACCGGGCCGACCGTCG	1
TGCGCTAACCGTGCACAATC	1
GGAAGGTTGGTAAACTCAGT	1
ATCACTGTATCCGGTACAAC	1
GACCGACGAAATCAAAACTG	1
AAGAAGTTCCGGAATTTAAA	1
AGACGAATATGAACGCATTT	1
ACAAAAATTACCTTCGGAAT	1
CCCCAAAGCGATCTGTTACC	1
GTAACTAAGACCATCTCGCG	1
ATTCAACAATTCACACCGCC	1
ATATATTCCCACACCCCTGT	1
CCTACCGTGTGCACAAAGGT	1
TGCCCCATTGAAAGAGGTGA	1
ATATATGACACTGTTATTTT	1
ATGTTAGTTAATATGCGGTA	1
GTACGCGAATAGCAGGCTCG	1
GCCGACTTCCGAAACAACAC	1
GCTACTTTTTACCAAAATGA	1
CGCGGTTGGCTATTGCAGCA	1
AGAAATACACATTGCTGTGT	1
GGGCATTAGATTCGCTCTCA	1
TACGAACAGCAAGGCCTCTC	1
CACGTACCCTGAAAAGCGCA	1
CGATATACTCAAAAGTTTTA	1
ACTCCCGCGCTCCCTGTCCA	1
AAACCCTCCTCCCTTCACCC	1
AAGAGGTTGGCATAATGTCG	1
GTTTGACGTACGACGGGATA	1
TCCATTGAAATAAAGCCCGA	1
CTAAATATGAATAGATCATT	1
ACATACAACCGTTGGTGCAC	1
GCTAGAATCAATTCGATTAC	1
CTGGAGCATGTGGAGAGACT	1
CTAGTAATTCAACTAAGAAA	1
TACACTCTACTTATTCCAAC	1
AAACAACTTCATCTTATGTC	1
GCTGTCCTGGAGGAAAACTG	1
CCCCTATTCCCCGCCAACCG	1
ATGCATGGCATCACTTATCT	1
ACATAGCACCTACGTTAGAG	1
CCCAAACCCACCTAGGAGTA	1
TCGATAAAATGACATGTAAG	1
ATGATGCGCGCATCTTCTAC	1
TAAGATAATGTTATTACTGG	1
ATCTCTGTGCTCATAGTTAC	1
CCATTCAGCATTTAAACCTA	1
CGAATGACACCGATACCCGC	1
TACCCGTAATCATACCTCAG	1
CATCGGTCTTCTTGCGCCAT	1
TCATTGTAGAAGAATATCGC	1
TACATGCAACCCCGCAACTC	1
GCCAGCCCACCTTCCTGTTT	1
CCCGAACAGTTCAGAACAAC	1
AGTCCTGATGCTGTAAAATA	1
CCGATGTGAACGGGGACCCT	1
TTGAATACGATTTTCAGCTC	1
CGGCTTAGCGTTTGCTACCG	1
GCTGTTTATATGCTCAGTGT	1
GCCGTTTGTCATGCTACCTG	1
TTATTACGAGCTAAGTAAAG	1
CGGGCTCGAGCTGCGTTCAC	1
CGTATCCTAAAACGAAGGTG	1
CCACAAAAACCACTTTATCA	1
ACCTCCCCCTTAAGCAGTAC	1
CTCTGGTAGATTGCGTTCGC	1
TTAGCTCTCACCTTTCAACA	1
ACGCAGTGGGGTTTTCGTGC	1
ACAGATTCTCCACTTAAAAC	1
ACAAAAGAAAAATGTAACAG	1
TCCCTAACATTGCTAGGTAA	1
GCTCCCGTAGGTATCCGGTT	1
GACTGCTCGGTAGTTATAAC	1
CGTGATACCACTAAAACCCG	1
GATTGATTTATATATGCAAC	1
AAACCCAGTAACCCGTCCCT	1
GACGCAATCGGATCAAGATC	1
CTGGGCCGATCCCAAGCACG	1
TTATTAATTATACTCCGCAA	1
CCATGCACTTGATGAACGAC	1
AAGAACTGCCTCAACGAATA	1
ACAGGGATCCGTCAGGTCCA	1
TGGGTATTTTGCTGATGATT	1
CACAATATACCGAACACTCT	1
AAAATGTACACCGGGGCCTC	1
GGGTAAACACACCCATTGCT	1
ATGTGAGTTTGCTAGAATGC	1
GTGACTAATAGCGTAGAATG	1
AGCTCGAACTATATAAAAAG	1
GACCATCATCCATATTCGAA	1
GCATCATATGATGTTCGCGG	1
AGTGGGCAAGTAAAATTGAT	1
TTCACGCTGACAAAAACGAG	1
TAAGTGCAGTCCTAGCGCCG	1
TTAACACAATTTCTGCGGAT	1
CACGCTAAGTTATAATGCAA	1
TTCGAACCATTGATTGAAGT	1
CCTATACCGATTAACTGATA	1
AGTCATAGAAGAAAACTATC	1
ATCATCTAACGACCTTATCC	1
ACATTTATCCCCATATAGTA	1
TTATCTCTCGTAGCAGAATG	1
AGAACGTATTGTGGTGTAGT	1
TAGAAAAGCTCGAGATATAG	1
GCATTAGATATTCTATCCCG	1
TGCTCCACTCACGCTACATC	1
ATAGTAACCAGCTAAACCCC	1
CCAAATGGTAAAGGCCAGGG	1
ACCTATCGCTGTAATAACGA	1
TACGACCCCCCCATTAATGG	1
CACAAGAGTATTTAAAAAAT	1
GGATCAGCATACATCTATCC	1
TTCACCCCATTCTGAACAAC	1
ATTACTTTAGGTAAGCACAT	1
ATGATCCGTGTGAATGAGTA	1
GCGCAATCTTGTCCTGGGTA	1
GCCGCGCGTAAAGACCAAGA	1
TGATTTTAGCCGTTTCCAAC	1
TTTATCTCTTCCTAACCGCT	1
GCACATCTTGGATAATTATT	1
ATAAACCTAATTATTCGCAA	1
CGCGACAGCAACAACGCGAC	1
AGAGGAGTACAAACGAAAAC	1
ACTATCCCAAAAGATTTTAT	1
TTTTGAGAATTCTTTCGCGA	1
TTCTCTGGTAACACACCCCC	1
ACGGTCGCCATGTTTAAATA	1
CGCACAGACCCCAATTCACC	1
CCCGTGAATAGTATCGCAGT	1
AAAAATTCAGAATATTACGC	1
TGGCCGCAATTGACAAACGA	1
CTTTATTATGACACTGTGAC	1
GCTTATAGAGTCAACATCGA	1
TGGGGGCCAAGATTCGCGTC	1
AGAGCATCCTCGAATCCCGA	1
AATCCAACAATTAAAGAACC	1
GTCCACGAGGAGGGTAAAAG	1
CAAACCGACAGTTAGTCCTA	1
TTTCAATCCTTCCCCCCCGC	1
GGCTGGGATACACGCTACCA	1
ATGTTACTAAACTAGAGGAT	1
ATGGCCTACACAGTGCTGAA	1
CGAATGTAGAAAAGCCAAAC	1
TGTCACACAGTACATTGGTT	1
GAGTTAAAAGAGATTGACGG	1
TGTCAGAAAATATCGCCTCT	1
CCACACACGTACGATCAAAA	1
ATAAAGAATACTCAACGAAA	1
GGACCTCTTTGCGAGCATTC	1
GCTTCCAACGTCACAAAAGG	1
GTCAGTGATACGTATAGCAG	1
AACTTTGAATACAAGTCCTC	1
TTGTTATTCTCGTGGGGAGA	1
CTATAGAGGGGCTGCCTTTC	1
AAAACTAGACGAGACTAAAT	1
CATGGCTACCCACCGACCAA	1
ACGAATTGGAAACATCTAAC	1
TATTATATGAAGTACTTCGG	1
CATGGTCTACTTACAGCCAA	1
CTGACAAACGTATCCAAACG	1
GTAAACGCGAACAAAATCCT	1
TAGATCAACAATCCACATCC	1
AAGCCCACTGGTTGATATTA	1
ACACTCCACATCGCTCGTCC	1
GTGCTATACTGAATGTATAC	1
CAGAAAACTGTAGTAGGAGA	1
TTTGAGATGCCGTTTAAATC	1
TACTTAGGTTTTCTTTTTGA	1
GAAAAATGATTAATTTGGTT	1
GACCAGTGAACGCACCACAC	1
ACCGAACAGGCCCTGTTGTT	1
GCCTTTTATGGAGAAGCAGC	1
AAGTTTGCACAACAACTCGA	1
GGGCGGGTGATGCCTCGTAA	1
ACACACTTGATTCCATACGC	1
GCTTTCAATATTGGACGGTT	1
GCAGATTACTCAAATTCCAG	1
GTGCGCAAGTGTGAGTTGCT	1
ACAAATTACACCTGACTTTA	1
TCACTGAAGCGAAAAGTGCT	1
ACTAAAATTAAGTCGGACAA	1
ACATTACCCAACGCGCTCCA	1
GTAAACTTTTCCCTTTTGGG	1
GCCTCCTGTCATCTTTAACG	1
GAAGAACCATTATTTTAGTC	1
GTATGCACGTTGCCCCATCA	1
TTCCCTTACAGCTTGCGCCC	1
CACGGATGGAGAGCACGGGC	1
TAGAAACCGAAGAGGAGTGC	1
CGTACATCTTCTCCCTGATG	1
CCGATCGAGATAGTGCATAA	1
CTAGAGACAAGTGTGCGACC	1
ATCGTATGGAACGAGTGAGT	1
TACATTTGGGGAGCCTAATA	1
CGCGCTTTAATTATATGATG	1
TGTAAATAGGGCTATACACT	1
ACACTGCAAAGAGAACTTTC	1
ATGCATAATTCACTTGTCTC	1
AGTACGCACAAGCACCCAGA	1
GGGCCGTCTCAGGCTCTCCG	1
GTAACCTTTTGTTGCTATCC	1
CAAGGCCAAAAATCCTACCG	1
AAGTAACCTTTTTAGGTACC	1
AAAGTCTTGATGCTTTTCAC	1
AGTTATTTGCCCGCAGCGTA	1
AACCCCGTTCCCAACTCGTA	1
CGCTGGCTTTCTCCGCGAGC	1
TTCAACTACGACCCCACAGC	1
ATACTCCCTGAGACCCTTCA	1
TCTCCATTTCAAGAGGAATG	1
CTCAATCATTGCGTTAGAAT	1
CAGATAACGATTCATACCGT	1
GCGCAAACCATGTACGGATC	1
GTTGTATTGTGGACCGTTAT	1
TAAGAGAATCAAAGAATAAA	1
TCACCTCCATGGCTCAGCCA	1
CGGAGGAAAGCCATTCCAAC	1
ATGTATGCGGTATGAGTCGG	1
ACACACCCTACTCTCCCTTT	1
GTTTACACATTTTCCACATG	1
GCCTCTGCTATTCGGGCGCA	1
TTCCCTTCCCTATACACCCA	1
CTCCTAACGCATGATCCTAT	1
ATTGCTTACTAAAGCCGTAA	1
TTGTTGAAAGAATAATAAGT	1
AAGATTGCAGAAATGACACG	1
GCCAGATATGTCTACTGACA	1
GTCCCTCAATTGCAATTTGC	1
AACATTGAGCGCAGCTGAAA	1
TAATCGTCTGGACACAAACT	1
TTTCCCCATGACTAGCCCCT	1
AGATAAAATAACAGAGAATC	1
TGAGTAGCGGTAACGGTTGT	1
ACGGGTTTACTCAGGAAACT	1
AAATAGGTTCCGTGCGTTGC	1
GTCAGTTTCTGCTGGATGAA	1
CGATATACAATGAGATCACA	1
CTACTGAACCCTTCCAAATT	1
TAAACTCCCACGGCCCGACG	1
ATATAATGCCCCTTTCATAT	1
CCATAGTAGATAAGCTACAT	1
CCCACGACATTTTCTTCAAA	1
GGGAAAACGGCAATTGTAGT	1
GATCGCGGTGCCCCCGCGTC	1
ACAATGTTGAAGCAACTGCA	1
GAGATGCCACGAAATTAGTC	1
AAACTCCAGCAGCCCCTTGA	1
GAACGAAATACTCTACGCAT	1
AATAGTCGCGGTACCCCCTC	1
CTGTACAGTGGAGGCACAAG	1
ACGATATGTATCTGACGATA	1
TTAAGACACCTAACACATGC	1
CTCCTCCTCCATAGTGAAAA	1
TATGCTGAGAACCCTTGAAT	1
CCGCTTACGCACCTCTATTA	1
GCCTTACGCACCATTGTCTG	1
CCGGCCACAAACCCTACCCA	1
AACTGAGAGGGGAGATTTGA	1
ACTCATAACATATAAAATCA	1
TAAAAAAGCGGAATTTAACT	1
AGATTTATTTTACCCCGAAC	1
ATATCATAGGGGCAGGTTTC	1
CTCGATATAGTAAGTTTAAA	1
GGCGTAAACGACAGCCAAAG	1
CGAAATATGGATGGCACCGT	1
GCGATATCATCGGATTGGTC	1
CTTCCCTTAGGCGTAAATAC	1
AGCTACATCCCCTCTTGCAG	1
AACAACCATTATCCAGCGCT	1
GGGGTGCTTGAAATGTTTAT	1
ATAAACTTCATAAACCGCAT	1
CATTTACAAAGACCTATAAA	1
CTCTGAGTTCATAACCGAAC	1
TAATCAGCAAAAGAACAATG	1
GAAATCGTACTACCGACGGC	1
AGAGTCCACCCAGCTATGCT	1
GAAACTCGCTACTATTTTAA	1
CCTAGTACCAATAACGATGA	1
ATTCTGCTAAACGCTATTGA	1
AGTGGGAGTACTCGTGTTCT	1
ATAGCATCCTCCTGACAGAA	1
AGCTGCCTTAAATTAGTAAC	1
GCCCCCCTAACACCTAAATA	1
TAAGTCCTGAGTCCCTTGAG	1
ACCCTGTCCAAAGTCCTGTC	1
ACTAGGTAGGAGGTAGAAAG	1
CCAGCCTCTTCCGTCAATCC	1
AAGCGGGATATCTAGTTAAC	1
ACAACACTATACACATCTTG	1
GGAGGGATGTACATAGGGTG	1
GACCTTCCCCAAGATCATAG	1
GATAAGGACCGAAGAATATT	1
GCGTGAAGCTCAAGGACACG	1
AAGCTTGAGATTACCGACAA	1
AAAGAAAGCACTATCTAACA	1
GCCAGGTTAGCATATAGTCA	1
ATACATGATTTCTACACCAC	1
TCACTGCCGTTGTTACCCCC	1
AGCTAACCTTATGACTCCCA	1
TTGCACTTCCTTACCGGAGG	1
AAGCACCTAGTAAGCACACT	1
GTTTTTCCCCCTTGCCCATA	1
TCCAGGATATTTAAGACGCG	1
CCTCGGTGCGGTGCAACCGA	1
GTGGAGGCACGCTGTGCTGC	1
GTTCCCCTGGCACTACCTCC	1
TTTTCACATAGATTTTCGTG	1
GCCGCACTAACTCGTTGCAT	1
AAGAACGCATCTTTTTTCAC	1
GCACAGAACTACTCAAGTAC	1
CGATTGCCATGCATTTAGAC	1
AACCGAACAGAGATTCTTAT	1
TAAAGGTGTCTGCATCCTCG	1
AACAACACCGTACCTATATA	1
TTGAGCAAAAGTGCTGCCCT	1
TAATCAAGATATCACGAATG	1
GCTACAGATTTTTCTTAATT	1
CACACTTCCCCGCTGATAAT	1
ATTCTTAATTCTTTCATTCC	1
ACCCATTGCGAAAATATTTG	1
ACTAATGGTAGGCCTTTTTC	1
GTTTTAGTTAATATTACAGC	1
CCGTACAATAATCCTTTCCA	1
TCTTTCCCCCCGTTCTTCGT	1
TATTTCCTCCGCACGAAAGA	1
CACATTTCCATGTCAACCCC	1
TGCACTACCACGGCGCGCGC	1
TTGCTATTCCACCACATAGC	1
TGAGAAACTCAAAGCCAATT	1
AGATCTACTCCCTAGCCCAC	1
ATTCACCCGGCAGTAGCCCA	1
CTTTTAGAGAGTTTCAAAGC	1
ATCATTCCACGAACATTGCC	1
CCGAAAGAATAACTGCCGGA	1
ACACCCGCTATATGTATAGT	1
ACTAAGTTAGACGGGAAGTT	1
TAATCAAAGCTTTTAAGCAC	1
ACGGGCTTCAGACTGACCAA	1
TTAGATTCGTTGCCCTACCG	1
ATAACCGTTGTGTGCTGACT	1
CCCTTCCGTAATTAACTAAA	1
ACAGCGTGTACATTCGTCGC	1
GTGCCCACCACATGCACGAT	1
TTATGAACCTGGAGTAAAGG	1
CGTCGATCTGTTGTACATTT	1
CTCCCGATACCCCGCCCCGC	1
CCTCCCTAAAACGGACATCG	1
ACACTGTAGGCCTCTAACTT	1
TAATCATGGTACGTTCACGA	1
TTCTGCTCTCGGTTGTCCCC	1
GCAAAAGAAGGAAAGAGGCA	1
GACCTTACAAACCCCCCACT	1
GCAACCCCAGACATCTGTGA	1
TCGTATGTTTAAGGTAACCT	1
TTAAATCGATCATTCACTAT	1
TCCAAACCAGAGCCATTAAA	1
CGGATCACGTGATGTCTAAC	1
CCTCCGACCCGGCGCATCAA	1
AGTTGATTACTAACTGAAAG	1
ATAACCAAAACGAGTACCCT	1
CGTGTACGGTGGAACCCACT	1
ACCCCACTCTCCGCCTCCAA	1
ACCCTATCCCGGTAACGACA	1
ACCGCAAGACGGCATCCGCC	1
AGGGCTTCTCCATGCATATC	1
TTAGAAACTACTCTCTGATC	1
GAAGAGGACACGTATACGTG	1
ACATTTAAGATGGTTGGGAT	1
CACGTGATCTGCTTGGTAAT	1
GTCCCTCTGTCCCACCTATC	1
ACATTAATTGCTGCAATTCA	1
AAAAGGCAAATAGTCTCACA	1
CAGTAATGACGCTTTCCACG	1
GCACCTCAAAGCTTCGGTTC	1
CCCCCAGCTGTAGAGCCAGC	1
GGGCAGGAACAGTTCTTTAG	1
GATGCTCCACCAGTATGTCA	1
TAAACAAGCTGTTATTGCAG	1
GCGCGAACAAGGTGTAGCAC	1
TGTGCTAAGCCCTTTAATTC	1
TTGAGAGCGAGGCAAGCTAA	1
TTTAGGGTCCCTGTCCTTAC	1
TCCTGACGGAAAAGAGTGTA	1
CCCAAATGCAGCTAATCACA	1
ATTCAACGTCTCCTAGTGTC	1
AAACAAATCAATTGCTACGT	1
CATCGTATATATTAGCAAAT	1
TGAATGAACTAAGGCCCCTC	1
GCTAAAGCCTCGAATGGAGA	1
ACAAGAAGTCAATCCACCCA	1
CACGAGGAGCAAATGGAGCT	1
CCGAATGGGTCATTGGCGGC	1
TTTCGTACACAACGCCTAAG	1
CTGTCCACGCAGCGACCGGA	1
ACGATAAACTAACTTGAAAT	1
TCGCGCGTAGAGTTAGCCCG	1
AAAGAGAAAGACAGCGTATG	1
CTGCCAACGCAGCCGTAACG	1
ACCGTATGGCACGCTTGTTA	1
AACAATGCAACGGAGTTCGA	1
CCCGACCTTAAAGTATCGCC	1
GAGAGCAACAAATAATGCCC	1
TCCCACACTGCGGTCCTTTC	1
GTTCAAAGCCCATTAGGCTC	1
ATTTCTATATCGAGGACTGC	1
CCGTTAAAGTCAAACTTTGC	1
GTATTCAATTATTTAATTGC	1
CGGCCCAACATGTGTGACAT	1
TTATGTCTGGCGCCTGTAAA	1
AAGATATCACGATACTGACC	1
TCGAGTCTCAATTCAACTGT	1
GGAACGTAGGCAACAGCATT	1
TAAGTCAAATGTCCCCAGAT	1
TTCACGATACTTTCTTTCTA	1
AAAAAAATGGTGATTGAAAT	1
AGGCATTGGAAAATCTGTGC	1
AACGATCCTGCGAATTCACT	1
GCGCATCACGGTTTTCGTGA	1
GAGGACAAAGAGGCAATTAT	1
TGAGTACCAGGCCGCAATAC	1
CCCGTGATAAACACTACTTC	1
ATGAATGGCATCACGAGACT	1
TGAAAAGAATACAATTTTGA	1
ATATGGTCCCGTAAGGACAC	1
CCGCCCCAAACTGTAGCGCG	1
TGTGATCGAGGCTTACACCG	1
CAAGCAAGATAGTAGAGACT	1
GCGGGACCAGGCCTCAAACA	1
AATAACTGCTCAATTAACCA	1
ACGATGGTGTATACGGATAG	1
TTGTTCCCAGTATGTAGAAG	1
GAAAGCATAAGGCGGAAACT	1
AGGGGTGCAATAAACTCCAG	1
GACATACGCGTTTTAATGAA	1
GTTTGCTAGTAGTTCCGCAT	1
ATATGAATGGACAGCTAAAA	1
CGGCCCCACCAACACTCCAA	1
ACAGGTGGAGGGTACATTTA	1
AATAACAAATCGTGGGTCCG	1
TTTGAATAGAAAACCTCAAT	1
GTAATCGGATTTTCCTCCAA	1
ATTGACACCAAATGATAAGC	1
TAATACACGCCAGAATGCGA	1
ACAGAACGAGGTAACCCTTG	1
TCGGAGTGATACACCCCCTC	1
ATGGAATCTGTGAAGTGTAC	1
ACCGCTATTGCATCCCGAAC	1
TCCAACCGCACGTCCCTTCT	1
GCATAAAACCATCGCCTGTT	1
AGTCACATACCTACCACCTC	1
TCCCTACAACCTTAACACGC	1
GAGTCGAACACGGACTGCGA	1
ATTCTTCTGGATTCAAATAG	1
TCTCTCTGTGACCTATCATT	1
ATCCTCATAAGCATGTACAC	1
TCCGCTTTGCCTCACACCGC	1
ATTCACACGACACGAGTCAA	1
GAAATACATAACCCTTGCCC	1
ATAGCTGATTGCAAGGCTAA	1
CTAGAGTAATAGCAGTCCTT	1
CTATTGTTCTCGAGACATGG	1
TAGGAGAGGGACCCACGCGA	1
TATCCGCACAAACCTTCCCC	1
AAGCTTTTCTAGCTGTAATA	1
GACATGCCATTATTGTCGCC	1
CAGTAAAGACAATATTAAAA	1
AAGACAACCGAGCACCACCA	1
AGTCTTTAAAAGTATCCACC	1
AACGTATATAAAATCACTCC	1
AATATCTTAGATAAGAACAA	1
ATCATACTACAACTTCCCTC	1
CCCCCTATCTCCCACACTCT	1
ATGAAGGAAAGAAGGGCTGG	1
GAACGCGAGCAAGCTCCTAA	1
CATGTAGACCCCCGTCGGGC	1
AATATACGATACGAGAAGTT	1
AAGCCAAAAAGGGCCAATAA	1
GTGAATACACCACGTAGTTC	1
CCGGGTCACACCCACACCCC	1
CATCCACTTACACTTTCAAG	1
AATCTTTCTAAATCAGGCAA	1
AATGCGTACATGGAACCTCC	1
ATCGGAGAGCGGACACAAGT	1
ATAAGAAGTAGTCCTAGCAA	1
TTTGAAAAAACGATATATTT	1
AAATGATACAGCTAGGAAAT	1
CACCACACACAACTTGAGTA	1
GCATGCATTTGCCTTAATAC	1
ATTACTACAAGGAAGAGAGA	1
GCCTATACCGTGCTGCTTCC	1
AGATGAACAGTACAGCTGTC	1
TCCGCGCCAATACGCCCCTA	1
AGCATTCCTTCTCAATTCTA	1
CGACTCCATACTCTGCATTG	1
GAAACTAAAATGGAATGACA	1
CCCATTCATGTTGAAACTCT	1
AAAGTATTCTTATTATCATA	1
AGGTGTTAGCTACAGCTGTG	1
GACTTAAATCCACAAACCAA	1
GCGCATCAACTAACCGGGCT	1
TGTCGAAGCTGAGGTATTGC	1
GCTCGATAAAAGGCGACCCG	1
GTACCGACCAAACACACTCA	1
CACGTGACCGAGTAAACTAT	1
GCCAGAGTTCCAAGTTAAGG	1
CACCGTGGGCTCCCCTATGC	1
ACTTCTTCCTTCATGTTATG	1
AGTTACACGAGACACTCTTC	1
CAATTCAATCATATCTCCAA	1
ACACGACATAATTCAGACAT	1
GTACGTATCTGACTCTTTTA	1
CACATCTGATGTTGCACAGC	1
CAGGCCAAAATGTACTCCTT	1
GAAACGCAAACGGACATATG	1
AGATCCCTGTGACACCCGAC	1
GGGGATTCTCACGTGAGTGA	1
GCGCCGACCACACCGCCGAA	1
GTCAAGAGGATCACAAAAGC	1
AAGTTGCAACCAGAATAGGC	1
GAATAGATACGTAACTTAGA	1
AGAGTGAATAACTTTGATGA	1
AACGCTTCAACACACCTTCA	1
ACAAATGATGACGCAGCCAC	1
CCGTGACCCCCTGTTGCGCG	1
GTGCACACTACGGTTAAACA	1
ACATAGTGATATACGAGGCA	1
CCCACATGTTACTTACTTAC	1
CACATTTTTGTCCGAAGGCC	1
CAATAGTGATGGGAAAGCCT	1
CCACACCTGAATCCTCCTCC	1
TAAAAGGACAGCATTCGGCA	1
TCTTAGCTGTAGCCGATAAA	1
GATTTTATCACGTTATACCA	1
AGAGGTAGCTATTACCAGAC	1
CGAAACAGGTACATGAGAAC	1
AAGGCCTAGCATGTCCCGAT	1
AGCATAGATATGTAGTAGGG	1
ACTAGGAATACAGTACCGCT	1
ACATTGCCTCTCCTAGGATA	1
ATTACAATAAGGTGCACTCT	1
ACCTAGTACTCACCCAACGC	1
GAGAAAAAAGGTTGGCTTGC	1
TAGCTGTTCTCCCGGCTACC	1
ATTTTCAGGTTTGGTAAGTG	1
CAATCCCCTACAAGCTATAA	1
GACCTAAAAGAAAGAAATAA	1
ACGACATAAAGCTTAGTTTG	1
CCTAACCTATGCAACTCTGA	1
GTTATCAACACATTATCTAC	1
TGCGTTGCGTAAACATTACC	1
GCGTAGACTTCAAACGTATT	1
ATCCGCTGTTATGACAACGC	1
ATTTGGAGATAACGTCCAAA	1
CAACGAAAGCAGGTAGCTGA	1
TCCCAAAATCCCCGCCCTCC	1
ATAGATTCCGACCACCAGGT	1
CGCCAGGTTAGGAAAGTAAC	1
GATTCGTTCTTAAACATCGA	1
TATAACGCAGCCAACCCACC	1
CAATCTTGCGTTGTAAGCGC	1
CCTCGACATACTATATGCGC	1
CCTACCCCTCCCACGACCAA	1
ACCTACCCGACCACAACTAA	1
GATAGCCACTGTACTTTTTC	1
CTCGAGCGAACTTCGGTTTT	1
GAGTACCAGGGATTGTACAC	1
ACTGACCTCGCAACGCCGCA	1
ATAGTGACACGTCCACTACC	1
CGAACTCGATAGACGCACTC	1
ACAGTCTAGACTCAACCATT	1
GTAAGCTCAATGATTCCCCG	1
ACTATCTAAATAACACGGCT	1
CAGTAACGAGATATTTCACC	1
CTATACCACACCTACCTTAC	1
CGTTAATTTACAGACTTCCA	1
TAGTTAGAGCATATCGTTTG	1
AGATTCCACAACAGAGAACG	1
AACCAATCGAGCCCTTGGGA	1
TGCGTGGAAACTAGTCCATA	1
TTAAATTGGTCTGAAATGCA	1
TTTTCGACACTAACAATCCC	1
GCCTTCTATCCTTGGTTACA	1
GCAAGTGTGCTTACCTATGA	1
ACATTCTCCTTACCACCGCA	1
AACATGCAACGAGCATGCTG	1
AGCGGGCTTTGGGTACACAC	1
GGCGTCGATTCATTTACCTA	1
AAACTGCCGCCCTACACATC	1
TTTATGTTCATCCGCTTATA	1
CCACACGTGATGGTGTCGGC	1
AGGGCCCTACAGTAAAGCCC	1
CCATACTGTATGCCCCACAC	1
TGAAATGCTCTTCGAACTGT	1
ATTGGCCATCACCCCAATCC	1
ATGTAATTCGACGGGTATTT	1
CAATTATAGAAAAAATAAGA	1
GAGACGATACTAAATCTACA	1
TTCTTAATACACACCTTTAC	1
CACAGTGAGGCCGATGAACC	1
GACGCCTGTTGTATCGTACA	1
CATACGAGACGCGACGTTCA	1
AGTCTAAGCGGACAGTAACG	1
AACGTTTTACCACGAAGAGT	1
AATATTAAGGGGCTCAAATC	1
AAGGGTCTCCGGACCCAATG	1
CTATGGACAGTTCAACGCGC	1
TTATAGCGTAGCACAAGCTC	1
CATCGTAGTAACGCTCAAAT	1
TTATGCTACTTCTGTCTAAC	1
CACATCTTCTCTAACCATTA	1
GAGTCTCGTAGAAATTCGCC	1
ATCCCAATTCAATCACTCGT	1
TAATTGAAAGGCAATAAGGC	1
ACACAGTACTGTTTTACATA	1
ATAACCTTCACCCGTTACTT	1
CTAGTGAATACGTCGAAGTG	1
GTTATGAAAGTAGCCATTAA	1
TAAGAGGCTCTATGCCAAAT	1
TCGCATACACTGGTAGGATC	1
GATATCATGCGAGAAAACGC	1
AAATTGCAACTGTCATCACC	1
ACACTCTAATCACCTTATAC	1
CCCCTCGAGCAGGGTCGTAC	1
ACCAAGACAAGTTATAAAAC	1
CTACTGTGAGAACATGTAAG	1
GGACACACCACTCTGAGTTC	1
AGGCCGCTAAGCAACTTCTA	1
CATGTATGAAGCCACCAAAC	1
GACGAGTCCAGCCAAACACG	1
AGGTTACGAATCAAGCGTTA	1
CAAAAAGGCTGCAAGAGGGG	1
CAAAAGGCGGATAAACAGTT	1
ACAACAGTCGACATGCCGAC	1
AAGTTTGGACAGCCCACGCA	1
AAACAACTGTTCGACCCACC	1
CAGTGTTTACCAATACTATC	1
ACACCGAACGTCAACGCATG	1
AGCATGAGTCGTGTCCTTGA	1
ATGGACGTTCACGGCTCCCA	1
TATTTAGGAGAAAATCTTGT	1
TCAGTTGCGTTTCTAATCCA	1
ATGGATAACGATACTGCGTA	1
TATCGGCTAAGTTAAACTAG	1
ACGGCACCCAAGTAAATACA	1
TATAGAAAGCCCAACCTCGC	1
CAGCCTATCTCAGCACACCT	1
CAATACGCTCCATGAACTAC	1
AAGACACCTCAAGAGGTTTC	1
ATGCAGCTCCCCGCTCTCCG	1
GCGGGTATTAAGCCTCTTAC	1
GTTACCTCACCCACGCTCCG	1
CGCAGTTAATGTTTCTGTAT	1
CTGGGGCGAGGTGACCTGAC	1
GGTGCGAGCGCACTCTACGT	1
GTGTGCACACTTCGGTCGGG	1
TTCCTTGATTTTTCTTTCTT	1
CCTGAATACGCCAATGGCCT	1
TTCGACCTGCACGCTGAGTA	1
CACAACGACAAGTAAGAAGG	1
ACAATTATCATCTTGCCAAC	1
CACCGGGACACTGTCTCTAC	1
ACAAGCGTTAAGACGCTGCT	1
CCTGCTTGTACGTCCAACGA	1
ATCCCTGTGCGCGACCATTC	1
TTCCTGTCACGCTAATAGCA	1
TCGACATCTCTCTCCTACAA	1
CGCAGACTAAACTAGCTTGA	1
GTCACTAATACGACGTGTGA	1
TAGAGGGATGCCTCCCACAC	1
TTTCTATGCACTTTATGCCC	1
CATAATAAGCGCTCACTTCG	1
TGAGTAATTTGTACGACCCG	1
CAGATGCATGTGGTTATTTG	1
TACTTTGTTTGGGCCTCGAG	1
GCGCTTAAGGGCGCTGAATA	1
CCTTTATTCACCCTTCCGCC	1
GTATTTGGGTAACGACATCA	1
TTAAATACGCAACGAAAAGA	1
TGAAGCTTGATGATAAGCGA	1
AGAACGTAATTAGTATTTTG	1
TTACCGCTACACTTCAACAT	1
GCGCTGTAGCATCGGCGTGT	1
TCCTTGCCGCCCACGTTTAA	1
GAGATTCACACAACTCGTCC	1
GGCATATAGACTATTACATG	1
AGCAAAAAAGCGTTATCTCT	1
GTATATACCTACTAGTCCCT	1
TCACTGACCATGCATTCCAA	1
GTGAGGGAATTCTAACCAGA	1
CGAGAGCACGCCCCTCGTCT	1
ATAACAGGGGTTGACTTCTT	1
TGATAGCGCGATGCATCTCT	1
TACAAGTGTTATTGAGTCAA	1
ACTAGTACATGCCGTCAAAT	1
GAAAAAATTGCTTCCTTATA	1
CAAACAATAAACTCCATCAA	1
TAATTCCCAAAAAATTCACC	1
ATTACCGCTGTGATAGTGAT	1
GAAAGTAATCAATATAAACC	1
AATTATGCCTCTTTTTGTAT	1
ATTAACCGTAGTATCCACAT	1
AATACCTACGTATTATTCCG	1
CACGCAGAAAAAAGTACTGG	1
GACCAAATCACGCACGGAAG	1
ACAACCGAATCGAGTAGTAC	1
TTTGAAGGTTCAGGGAGACA	1
CTGACCCTCCGGTCACCGCC	1
ATCGTTTGGCCGCACGGCGA	1
AATGCTATACAAGCACTCAT	1
TAGTGCCTTTCCAAACCTTC	1
AAGATATAAGGCAAACGGGG	1
AGATCCATCATTTCATTATT	1
CACTTGGAAGGCCCCCAAAT	1
ATACGGGTGGCACGTCGTTA	1
AGTTTTCGTTACCCATAAAC	1
TCGATACACCGAGAGGGCAC	1
ATCCACACTAAGTGACTTCT	1
TTAATTAACCAGTGAAATTA	1
CGCGCACCTAACCCTGTAAG	1
CGAGTGATATAGCGACCTGG	1
CGAGAGGTAACCTCTGTAGT	1
GATATCTACTTGTTCATGCT	1
CGTAGCTCCGCTAGGTACGC	1
CAAAGCACTATTACCTATAG	1
TGCATAGACGGCGCTTCCGG	1
GCCTGGACCCCGCTAAGTAC	1
ATTTACTATACGTTGGAAAA	1
AAGGAGTGTATTTTAAACGT	1
GAAGCCACCACCCTACTAAC	1
TTATAACGACTCACCATTCA	1
CTTCATTAAATGAACATATC	1
GGGTAACCGCAGACCGGTCA	1
GCCTACAGTATACCAGCTTT	1
GCCTGAACGATATAACGGTC	1
AACTCCCGGGTTGCGATATT	1
AAGTTGCGGTTCAAGTATAA	1
CAACAGGTAGCGGGAGAGAA	1
ATGAAGTTCAACGCACTGAA	1
CCACGTAGTACTACGTTAAA	1
AAGGTAAAGACACAAGCTGC	1
TTTTCACACCACCTTAGAGT	1
GAAATCTTTAGGTCAACCCA	1
TGTTAATATACCACTTTTGC	1
TGCGTCACCCCCGCGAAGGA	1
AAAAATGAAACTATCAACGT	1
ACGATGATGGAACAATTTAT	1
TCAGGGTAAAGTACGCACAA	1
ATAGCTATTCGTTTACGATG	1
ATTACCAAAATACGGTCCGT	1
TAAAAAAGTGATACATGAGA	1
GACCTAAACAGGTGTTCATA	1
CGAATGAGGGGTAAGGAGTG	1
AAAGATGACCCAAACACCCC	1
AGACTGTTTTCTTTCACTCC	1
GACGTGAAGGGTGTGTTCAG	1
GAAGTCCCCCGATTATCCTG	1
GGTGTAGTTATTTATAAACT	1
CCGCTAGTAAGCGTAAGTGT	1
AGATACATTTGGTACGCAAA	1
CTGTCGTTGATAAAGTCACA	1
AGTAACATACACATTGCTAA	1
TTCTTCCTAAGCCCCACAAT	1
TCAGTAACAACCATGAACCA	1
ACAATCATTAGTACGTGTGC	1
AACACAAAACTACCCCTTTC	1
GAAGGATTTGAAAAGGCTGA	1
ATTTTCAGTACTAGCCGAAC	1
TCATATAGATTTCAAACAAA	1
AACACGTAGACGAAAACAGC	1
AGATGATGATAAGCCCCCCT	1
AATCGTGATACGACGCCCAC	1
AGAAATAATTTTGGGCAAGT	1
TACTAACCGCGTAACGCGAG	1
CTCTTCACAAAACTAAGCAC	1
ATAATAGACACCCGCGCATG	1
GACAGATGTCCGGTTACTAT	1
CATTCGCCTCACGATACAAC	1
CCAAAGTATATAGTACTATG	1
AGCTCGCCCTGGCTCCACCC	1
AATTATGCATGATGCCTTTA	1
AAGATCCGATGCTCCATCGG	1
CATGCACACTTCACCGCGTC	1
ATAGACACACTTACCACGCA	1
AACTTCAACTACAGTGTAAC	1
TCTCACGCGTTGAGCTGGGA	1
TTTAGAAATAAAAACCCCCC	1
CTCCGCCTAATTCAATAGTT	1
AATTCATCTGCTACCCCGAA	1
GCTACAGAGAAGGGCTTTCT	1
GTGGGCCATAACTTCGGAGC	1
AACCACTAATCCCTTGCAAT	1
AGGTACACGAAACAACCCGG	1
GAGCAAATAACTCACATAAT	1
AACGGAAGTAGCTTCATGGG	1
GCATCTTGATTAGAGGTAAA	1
ATACCAGCTTACTACTGTTA	1
GCTCTCGAAGTTATTGCCTG	1
TGACGCACCTTACCCCATAG	1
TAGTTAGTCCATTTTCGTAG	1
GAAGGGTATGTGAGACCCGA	1
ACCACGCGATTTAGTTGCAA	1
ACTCTGTTATCAAGGGCACA	1
CAAATGGAAATTTAAAGGAA	1
ACGCATAATAAAAGAGCTAA	1
ATGATTAGCATGAGATACCC	1
GTCATCACGACCGCAAGCCG	1
AACTGCAAAGAACAGTTGGC	1
AGTGCAAAAATCCCCGACAC	1
ACGCGCAACAATCAGTGCTC	1
CGCCCGCCCCGAAACCCCAA	1
CGCCACCAATTGTCTGAACC	1
ATAGTCGAGGAATTCCCACT	1
ATACGCCACATTGCCTCTTT	1
ACCTACATTTGCTATTCGAT	1
AAGCGATGCGTTGCGGTCTT	1
AACGATTGGAAACTCCTCAA	1
GATCGATAACAATTGTCAAC	1
GAACCCGTACACCGCTTGTC	1
TTGCCACTAGTTCGTTCCTT	1
AATTACGAGCCCACAGAGTT	1
ACGTCACATGCCTCCGAAAT	1
ATGAAAGGTAGATTTGAAAA	1
AACCTTTGAGATGAGGAGAC	1
AACCCTCCCTCCCCAGCCCG	1
GGACATCCACTACTGTAAAG	1
CCAATACGTACTGGTAATGA	1
AAACTAACGAGCGCGCGCTC	1
AAGCGAAAAAGTCGCGTTAC	1
TACTCTGAAAATCCTAATTT	1
ATTGATTATCCGGAGAGATA	1
AGCACAAGACTCCTTACTAT	1
CAAGAAGACTCTGCGAAAAG	1
ATTAATATGGTTGATTTACT	1
ATCAACCCGATCCGACGGGT	1
CAAAGAGACGAGTGGGCATC	1
CTTAATGAGGCGCACCGAAC	1
TGGACTCCTCAAAAGTCATG	1
ATCGACATCTTGTACATTAC	1
GAAATCGTGAGTCGTTCAAC	1
AGGTATATAAACGTGGTTTT	1
GCACAATGGGAAATCTATTG	1
TCGCGTAGTACACAAAGCAC	1
AGAGGATTTAAACTGGACTA	1
GGAAAAAACGGAGTGTGTTA	1
GAGGCACGCTAACCGTAGCA	1
AGGTCTCGCCCGGCGAACCG	1
GGAAACTACACATCATTGCA	1
GGTCCCTCAAGGTGTACTTT	1
ATAACATAATTAATTGACCT	1
AGTAATGAATGTATAAGTAC	1
TTGGAACTTACAAGAAGCGC	1
ACTGAATGTGAAATCGACTA	1
AGCGCGTGGTTCGGGTGGGG	1
ACTTGTCTGACACACTCACG	1
CCACACATTTCCGACCTTAT	1
TAGAAGGAGACTTGGAACCC	1
ACCAAGACGTTGGTATTAAG	1
TACGGGTCAATGTGAATACC	1
ACATCGTAAAAAGCCCGTGC	1
CTAGCCAAAAACGCTAGATA	1
TGCCTAACCTGGACCCATAG	1
CGGACCCATCAAGCCATATC	1
CGAGCCGTACCTGAAAGTTC	1
CCGACAACCCAAATGTATGA	1
CGCGATTTATCCCACATCAC	1
CCACCACCCAGCGTTACCAC	1
CCCTGCATTCAATCCCCGCG	1
TCACTATCCGTTCCGGTAAT	1
GCCTGAAGTGACCCGGTCCA	1
CTTGATTCGTATGATTCTCC	1
GACCCCACACAACACGAGCC	1
GAAGTATATAACGTCGCCGC	1
AGTGTTCAGGATATCTTCAC	1
TCGCAACTTGGTCCGCATCC	1
GCGTATATAACCCCAGTGTT	1
CGCGCTAAGCGTCAATATAC	1
GCTGTAGCACTTTCGATTTT	1
TAAAACTACACCGCCTTCAT	1
CCGCAGTAGTGAAACAAAAC	1
TTTATGCTATCTAATTCTTA	1
CATGAAATATTCATCGCGTT	1
CAACTCAACCTGCGCTAAAC	1
ATACATTGGCATTGCAGTTG	1
TTTGAGAGCTGTGTCACGTC	1
TCACACCGAACGCGCAATAC	1
GCCAAAGCTCGGAGCCAATG	1
GCGGGTAGTGAGACGTATAT	1
TAGCTTGTAGACAGATAATA	1
ACCCATTCCCTACCCGGCTC	1
ACGTTAAGTACAGCGAATAC	1
AAAAGTAGACTTCCTTATTC	1
AACCACGTATTTATTCAAGC	1
AGCACCTTATATGCCCCTCG	1
GATGTGCAGAATGGAGGTAG	1
TGCCGCCCCTAAACTCGGAC	1
TAATACTCGTGCAGGCTGAA	1
GGTAAGGGTGAAATTCCCTA	1
AATTGCACAAGATGACTGTA	1
GCTCGTCATGACTTAGCCGA	1
CGTTATCGTAAAAGAAAGGC	1
GCAACAGCACGCCCAACGAG	1
AAGGTGCATCCTTGTTGAGA	1
CTAAGCAAAATCATCATATG	1
TTGACCCTACCAAACGTCCA	1
CAGGCGTGTCCAGCGAGTGG	1
CCCGCACTGGTTGTCTTTCC	1
CAACTCACCAACGCTCCCCA	1
GTCACCAAAACTCTTCTAGA	1
TGCGCTCTATCTTAGTGACC	1
ACTTTGTACTTACCTACTGG	1
GAGATAAAACCTTGATCCAC	1
TCAAGCTGCGGCGCACGCTG	1
GATACCATACGGTCAAAGAC	1
CAGGAAGACTTTTCTTGTTA	1
CATACAATCACCTCACCATT	1
TTACGTCTACTTACCTCTCA	1
TTGTGTGCTGTTTGTAGATG	1
AGTTAAATCGTTGTTGTAGT	1
CAATTCTAAGGCTGACAACA	1
GCTTCGGTCGATATACCCAC	1
ACGTGAAGGCTCGAGGAGTC	1
TATTACTTCCCCTATCACAC	1
ACACAAATGATGGACGAGTA	1
ATTCTTTAGGCGCATCAGGC	1
CTGGGGCAGGTGCGTAAAAG	1
AACCTTACGCTCCGCAACCC	1
GTTCTTTCAATCCATTGAAT	1
CACGATAAAAGAGAGAGAAT	1
TAAGGCTCCACCTAAGAGTA	1
GTAAAACGCGCCCGCTGACA	1
ATAATTTACGCCCTTATACA	1
GCTGCAAAATTAGTGAAACC	1
AATTATACCTAATCCATTTA	1
TCTCACTATACTAATGGAAG	1
ACATTAGAATACAGCTATTT	1
CCGGGAAGCATGGGCCTTAG	1
TAATTTATACCGGGAGTATC	1
TCATATGCACCACCTTGGAC	1
AACGCATGGAAGCGTCATCT	1
ATTCTCTCATTCGGATCACA	1
CTACAAACGACAGCTTCAAG	1
TATATAGAGGAAATACAATT	1
CGCTGTACGGCAACTCCGAA	1
ATATCCTGCACCCCATATAC	1
CCTGGAAACTTTCTTATCGA	1
ACGACAACGTATGCGTAGCT	1
TACCTTTTGTTCGAAAACCA	1
TGTTTTTTTCCCACCATCCA	1
ATACCACGAACCTGGTCGCT	1
CTAGCGAGCGCGAATCCGCT	1
ATCTGTTGTGCAAACCAGAT	1
ACGTTTAACCCACAAGAAAC	1
GCCTAACGTACGTTACCGAA	1
GGTCACACTAAGGCTTTTTC	1
TCGGAGAATGGGCCTAACTC	1
GAACGCAGCTCTGGTACTTA	1
AGAATGAGGAGACACCTATT	1
ACCTTATCGCACACCTCCAC	1
CAAAACTTTAAAGTCATGCA	1
CCCACTATGCTGAAAAGTAC	1
AAGACTGCATAAGTACGCAG	1
TCATAAAGTACCCTCGTGTG	1
CCGTGTGCTTTAACCTCAAA	1
GAACTCGTACTGGTGACGCG	1
TCTAATCGACAAAATCATCG	1
TTCTAGCCGCACGACCCTCA	1
ACAACATCAAATTTTGACTT	1
TGATAGACAGACTCTAGGTA	1
CACCTAAACCGCTTCCCTAC	1
TATGCGAAGATGAGGAGCAA	1
GTGTGCCTCACCCGAGTCAA	1
TTGCGATGAGGGAGAGATTA	1
GCTAGTACAGGTATGGTTTC	1
TCGACTTGGCGCAACCAACG	1
GTAGAAGGGAGCGGATTAGG	1
ACAACCATGTATTCGATGGT	1
GTACTAAGTGTATAGTGATG	1
AGCTAAAGTACCCACATTCG	1
TACGCCTGCGATTCGCCTGA	1
TTGTATTACTTCTTGCATCA	1
TTAAATAACATCCCCCATTG	1
TACATTATCACCCGTCCAAG	1
CTGAAAGCGCACACTTCTCC	1
GACTCAACTCAGTGATAATC	1
CCCTAAGTTATGTAGCTTTA	1
GCGCAACAGACGGGCACAGC	1
CGAATGTAAGTTGGCTTGAC	1
AAGGTAACGAAAACCGATTC	1
GTACTTGCGCACAGTGTCGT	1
GACGTACTAAAATGCTATCC	1
TAGTCGGAAACCTATTGGGC	1
CGAACCTACGCCAGACTAAC	1
TAAGGTCAGATTTAAATCCT	1
AGTGTTAACTACTATTACTT	1
GAGGGTAACTTACCTAACTA	1
ATTTATCCTGCATTCGAAAG	1
ATACTTAATTAGCACGCAAA	1
TAATGCACGTTCCCCACATA	1
ACCTCCGAATTTCGCGCCCG	1
TAATGATCTCACTTGCCGCG	1
TACATCTGAAATAAAATCAC	1
TGAGAATTGCGCTTAGTTGA	1
CGCGGTAACTGAACCAACCG	1
ACCGACCCAAAACTGTCAAT	1
ATTAAGAGCCACCCTCTGCT	1
ACCGTTGTGCGGGTCTTCCG	1
TGTCCCACATGATATTCTTT	1
GAACACTTGGCATAATATTG	1
AATATCACTATAAACCCTTT	1
TCCGAAATAGTAAGCGATTG	1
GTTTTTCGAGAAATAACAGT	1
ACTTGTTATGACTACATTGG	1
CCGTCGCTTTTGGCGCACTG	1
ATTTCTCACGCCATAGTGTC	1
AACTGTGACCTAAGAGAAAA	1
TAATGTGACAAAATTCTATC	1
TTTGATAGCACACTAACATC	1
ATCCTTCCGCGACCCCGCGG	1
CCATCTACAAGCTTGGAAGA	1
AGACACCGTGGCGACCCATG	1
CCTGAACAATGCTACGGAAA	1
CAACCTCCTTTGCCACCAAT	1
CATACCTTCAAGCCCAAATT	1
ATCCCAACCCACGCCGCAAC	1
ATCGAAGGATGGCGGGCATT	1
ACCGTCCCACCCTCACCCAC	1
ACGTAGTCAGCTACTCACAC	1
GTTACTTGAGCATAAACATA	1
GATGCTTTGACTTAGACAGG	1
TTGGCACTCATTTGGCGCCC	1
CCCTCCATCCCAACCATACA	1
TCCGAGGCAACCGCCCTGAC	1
TTAAACCATGTGAAACCGGC	1
AAGCTGCGGCGAGACAGGTG	1
TTGGTCGTAAGCCCTGATCA	1
ACACGGTTAAGATTTTAGAA	1
ATTTGTGTGCCCCCCATTCG	1
ACGAACGGGCTGGAGCCGAT	1
GTGTAGCTTTATACCATGAA	1
CCTAAGTTCTCGTTAGCGGC	1
CTCAGCTGAAGCACGTCATA	1
CAGACGCCTCAACTGACCTT	1
AGCTCATGGCATAACGGACA	1
ACTCTCATGTACTAATGTAA	1
AATGAGCAGCATAAAAGATC	1
CACCGTTGAGGTAACTTCTT	1
CCACAGAAATACCGTGAGTA	1
GTGGAGCTGCTCTCGGTCTC	1
GACCACCAAAGATACAATAT	1
GCACAAGAGACAATAAGCCT	1
GGCTGTACCCGCGACGCAAG	1
CACGCGCCTTCCCTATATCC	1
TTAACCCATTGAAAACCCCC	1
AAAATAAATAAAAAAGAAAC	1
CCGCTTAAGCCTGAATAAGA	1
ATACCTCTAATCCTGACGGG	1
GCCATAACGATCTGTTCTAC	1
CACAGCTACTCCGCATCCCC	1
GTACCAGCCCGCCTTAGGCC	1
AGTCTGTCAGTTCTTATCAT	1
ACACAATTTACTCACCAATT	1
AAAGTTGGCGTGCTCTGTAC	1
GTTCACAGTCCTTCCAGGGA	1
TGATATGGGACACCGTCTTA	1
TATAAAACGCCAAAAACCTC	1
CCGCATGACCCAGTGCGACT	1
CAAGCTCAGTGGCCCCACAC	1
GGTCATCCCACCTAAACGCC	1
GAAAAAGTATATAGGTACAA	1
CATGAGAAAGGATGATTGCA	1
TCCTTGGACTAAGCATCATC	1
AACCACATCCCTATCGTGCA	1
AAGGGTCCCGAAGTGTCGCG	1
TGGTAATGCATATAAGTTTA	1
GCCAGGACTTAAATCCGCAC	1
ACCCTGCATCCAAGGGGCAA	1
ATCAAACACAGCAGAATCGA	1
CAACAAATATAAGCGAAGTC	1
ATCTATGGCAGGATACTCAG	1
TAGATAGATTGTAAAGACTT	1
TACGTTTACACACGACATGT	1
AATTGCGTAGAAGGTAACCT	1
CCACATCATACCCACACTCC	1
CGAACACTGCTATTTCAGTT	1
ATGGATGAAGGGGGACTTAA	1
TACCTCGCATATTAAGCAGG	1
TTTAAATCCGGCAAAAACAA	1
TTTGACTTAATTCATTCTCA	1
TGGACTGGGGACACCCCCGA	1
ACACATTGTTCACTATCCAC	1
ATTTTGTCCTTAACGTCTTG	1
CTGTGTATCCAGAATGGGTT	1
CGCCCATGCCGTGAGCAAAA	1
GCAAAGTGCCGCGCTAACTA	1
CCCTAACGAAGGGGCTGTAA	1
AAGCAAACGCTTGACTTTCT	1
ACTTACCACTAATAAACAAA	1
CGCACAAAACATACGGAAAG	1
GCGCTAAAGCTAACCGAACA	1
CAAAATAAAACGAAAACATC	1
GGTCTCTTCAACAACAACCA	1
TCCTAGGAAGAACTTGAACG	1
GGTTTCCTCTCCAGTGTAGT	1
GCCGAGGACATGAAGGAGGA	1
CAGTTATCTCATACCAGCTA	1
ACATTGCGACCATTCCTTTT	1
CCGTTTCACACCGCTCCTCC	1
TGCCAAATGACTTAACTCCA	1
TAATAACCAACCGAACACTA	1
GTTTAAAAAGATGGCCACAA	1
AAACATGCAATAATTCGAAT	1
CCGTGTCATGGTCAAGTACG	1
ATTTCAGGAATCCAGAACCT	1
AGCCCAGTAAGGTAGCCCAA	1
TTAATACACTCTGTTCCAGT	1
TGTTAAATGACAACTCAAGA	1
GAGTACACATGCGTGACCAA	1
GGCCGCGGGAACTCTTGTGC	1
GTCGGTCCTAGGTAAATCAG	1
ATCTCCTGATTTGGGACCTA	1
GCTGCTCCAAAAAAAGCCAA	1
ATTAGAAGATAGTAACTAGT	1
GATTGCCTCCGAAGCTTAAA	1
CGGACTAGCCAGTTTAACAC	1
GACCTCGACTACCTAAACGC	1
CTAGTCATGATAAAGTAATC	1
AAAACTTCTGGTCGAGTTAC	1
ATGTACGCATTCACACATAT	1
ACTTGCATGCTGTACTAGAG	1
ACCCCGATTACTCGTAGCTA	1
ACGCATAGGACGCCAAGTAT	1
AACGAACCAGCGCACCCCTA	1
ACACACGCATAGAGCAGTTC	1
ATGTTATATTGGATAAGCAG	1
GGATATATCGGTATCCTTGA	1
TCATGGACTACTACCACTCC	1
GAGAAGATTTGCATCACATA	1
TAACCTTCATTCACAATGTC	1
CTGATAGAACTGTTTTTCCC	1
AATCCCTCTACAACGAGTAG	1
TATAACTGCCAAGTAAAAGC	1
AATATCCACCGGGGTCTACG	1
AAGAACCAAATTTCTTAACG	1
CACGATTTTGCTCTGACTAA	1
CACAAATGGCTTGCTGCGTG	1
AGATAATATCCTTCTTGGTG	1
CGCCGCAATCTTCCCAGCAA	1
TCTTAACACTGCCAAGGTTC	1
TCGAGGCTGCTGGAGAACGA	1
AAAAAAATATACGCCGAATA	1
TCGCCTGAGCCAAACTACAC	1
AATCGAATGGTCCCTCACTT	1
ACTGCGATTCGTAAAGTAAT	1
ACCGACTCAAATGAGCCCAA	1
GAAAACCCTATACCATATTC	1
TTATATGATAAACCCACCAC	1
TTACCACGAAATCGAGTAGT	1
TTGTATTATAGGAATGACAC	1
ATAAAACCACATAATCTAAG	1
CAAGGGAGTCCAACGGAAGC	1
GCTCCCCGAAAACTTTCATC	1
AGTAAAACCTGCCACGCGAT	1
CAACCTGCCCGAGGTACCCA	1
ATTTGAGCGTTAAGCAACAC	1
AGCGACGTTTACTTAGGTTT	1
AGCATGACACCTAAACGCCG	1
AAGATGAACGAGAACAATGC	1
GGAAACTCTACAGCGGTGAA	1
ACACAATGCCGTCCCATTCC	1
ACTTACGACGCGAAAGAAGG	1
ATTTCCATTACGTTATACGT	1
AACTATGCAATTCACGACGA	1
GTGTATACATATTTGTGGCG	1
CGACGCATAGGGACATAGTC	1
TTCTAGATCAACACTCAAGA	1
CCGAGAGCGAGCCCCTCCGC	1
TGTAATGTGAACGGCCCCAA	1
CAACTGTCGATCGGTGGTAC	1
GTCCGAGCCTGCTGATTACC	1
AAGAAATATAGTCTATCCTC	1
CCGACGCACGCTGCACCGGA	1
AAATACTCGCAGTTCCCAAT	1
AACTTTCTAATTCGCAGTGA	1
ATTCCGCCATATAAACTGCA	1
AGTTTGCATGCGTTACAACC	1
TGTAAGATCTCCTTTCACTT	1
AACGCCGTCTGAGTAATCCC	1
AAACCGTAGGTCCGAGAGAA	1
ATCTCCCTCCATTCACCCCG	1
CCCTGTCATTATGACACGAG	1
CCACAAAAATACGTTTTGTC	1
TACTTGCATAGATTGCAATA	1
CCGCAACATCTGCATGCTGC	1
TCCCATCGAGTACCCACCCG	1
TATACTGAGCAATGATCGCT	1
CAAGCAGCGGCCATTATTTA	1
ACAGAAATCTCAAGCTACTA	1
TCGGGGCAAGACCATCCTAC	1
TGGTCAAAAGGGCAAGATAG	1
AGCCACTTCAACATCGGTTT	1
CACGGGCACGCATAAATTTC	1
GCCCAGGGGACATACCTTTC	1
TGATCTCCATGTAACAGGAA	1
GACCGCAAGGACCGTAGCAC	1
AGTGTGGGCGGTGAAACGGT	1
ATTGTTCACTGTGCGCTCAT	1
CTTTGGCAGCAAGGTTTTAT	1
CTTTTCGCCAAAACATGGCA	1
GCTGTGTGGACTTTAACTGC	1
ATTAATTAGCCCTACCGCTA	1
CACGATCTGCGCGCGCATTC	1
ACTTAGGTGGCAGCGCGCGG	1
GGAGATACACGAACTGAACG	1
AATATGCGGATATATTTGCA	1
TTGATCTGCCTTCAGGCTAC	1
TCTCCCGGCAAACCCCTAGT	1
CCCTCGCACGTTCATGCAAA	1
TTCTTCGGCGAAGGCCAATG	1
CATCAATAATACCGGTTAAG	1
GCATTAGGACATAGTCCTTT	1
TCTTTACTCAGCGAGTATGT	1
ACCACCCCATTTTCCATTCG	1
GATAAGACATCGCGCATACC	1
ACGTATTGCCCGCTAGCACA	1
ATTATTCCCCGGCACCTAAT	1
CGGATGGAGGGGACAAAGGA	1
CTGAGCCGCTAAAAGAAAGT	1
CTACTGAAACAACTATCAAA	1
AAGCATGCAAATAAGAATCC	1
GCTTCTAACATATTACCCAC	1
CGACTGCATATAGAGTGCCC	1
AAGAAAGCGGCCTTAGTACA	1
ATGGCTATGGATCATTGCGG	1
TAAGAATATATAAGTAACGA	1
ATTCATGCTGGAGCTACCAA	1
